Unnamed: 0,NAME,POS,AGE,GP,MPG,MIN,USG,TOr,FTA,FTP,2PA,2PP,3PA,3PP,TS,PPG,RPG,TRB,APG,AST,SPG,BPG,VI,ALL_NBA,YEAR,ALL_NBA_PY
0,Quincy Acy,SF,23.0,63,13.3,27.1,10.5,0.154,53,0.662,126,0.49,15,0.222,0.521,2.7,3.4,14.5,0.4,5.1,0.37,0.41,4.8,0,2013-2014,0
1,Steven Adams,C,20.0,81,14.6,30.2,11.8,0.225,136,0.581,185,0.503,0,0.0,0.541,3.3,4.1,15.8,0.5,5.1,0.49,0.7,5.2,0,2013-2014,0
2,Jeff Adrien,PF,27.0,53,18.0,36.3,15.6,0.118,119,0.599,275,0.532,0,0.0,0.555,6.8,5.8,18.7,0.7,6.1,0.45,0.68,6.4,0,2013-2014,0
3,Arron Afflalo,SG,28.0,73,34.8,71.3,23.4,0.112,336,0.815,711,0.473,300,0.427,0.574,18.2,3.6,5.8,3.4,17.0,0.48,0.04,7.0,0,2013-2014,0
4,Alexis Ajinca,C,25.0,56,16.8,34.5,16.5,0.184,67,0.836,249,0.546,1,0.0,0.587,5.9,4.9,17.1,0.7,6.7,0.41,0.82,6.5,0,2013-2014,0
5,Cole Aldrich,C,25.0,46,6.9,14.2,13.4,0.195,30,0.867,61,0.541,0,0.0,0.62,2.0,2.8,23.7,0.3,6.6,0.17,0.65,6.9,0,2013-2014,0
6,LaMarcus Aldridge,PF,28.0,69,36.0,74.3,29.9,0.072,360,0.822,1408,0.461,15,0.2,0.507,23.2,11.1,16.6,2.6,13.1,0.93,1.0,9.7,1,2013-2014,0
7,Lavoy Allen,PF,24.0,65,16.4,33.4,15.2,0.12,50,0.659,286,0.465,13,0.121,0.477,4.7,4.8,16.1,1.1,10.2,0.37,0.51,7.1,0,2013-2014,0
8,Ray Allen,SG,38.0,73,26.3,54.2,16.9,0.123,116,0.905,234,0.53,309,0.375,0.59,9.6,2.8,6.7,2.0,11.2,0.74,0.1,5.7,0,2013-2014,0
9,Tony Allen,SG,32.0,55,23.1,47.6,20.2,0.162,121,0.628,366,0.527,47,0.234,0.531,9.0,3.8,9.7,1.7,11.8,1.64,0.35,6.7,0,2013-2014,0
10,Al-Farouq Aminu,SF,23.0,80,25.4,52.4,14.4,0.137,137,0.664,446,0.496,48,0.271,0.516,7.2,6.2,14.2,1.4,8.4,1.03,0.46,6.2,0,2013-2014,0
11,Louis Amundson,PF,31.0,18,10.0,20.0,14.3,0.248,24,0.25,32,0.5,0,0.0,0.446,2.1,3.1,17.7,0.3,4.8,0.5,0.61,5.0,0,2013-2014,0
12,Chris Andersen,C,35.0,72,19.2,39.5,13.9,0.132,169,0.71,263,0.662,12,0.25,0.683,6.6,5.3,17.2,0.3,2.1,0.44,1.35,4.6,0,2013-2014,0
13,Alan Anderson,SF,31.0,78,22.6,46.5,16.0,0.104,118,0.78,237,0.464,248,0.339,0.525,7.2,2.2,6.0,1.0,7.3,0.62,0.14,4.4,0,2013-2014,0
14,James Anderson,SG,24.0,80,28.6,59.1,16.1,0.122,106,0.726,366,0.53,351,0.328,0.53,10.1,3.8,7.1,1.9,10.1,0.93,0.35,5.8,0,2013-2014,0
15,Ryan Anderson,PF,25.0,22,35.9,72.5,23.1,0.05,62,0.952,190,0.463,164,0.409,0.572,19.8,6.4,10.4,0.8,3.7,0.45,0.32,5.2,0,2013-2014,0
16,Giannis Antetokounmpo,SF,19.0,77,24.4,50.4,15.1,0.194,202,0.683,300,0.44,118,0.347,0.518,6.8,4.4,10.3,1.9,12.2,0.78,0.79,6.3,0,2013-2014,0
17,Carmelo Anthony,PF,29.0,77,38.5,79.5,32.6,0.095,541,0.848,1229,0.469,415,0.402,0.561,27.4,8.1,12.3,3.1,15.7,1.25,0.66,9.2,0,2013-2014,0
18,Joel Anthony,C,31.0,21,6.9,14.2,9.4,0.065,6,0.333,26,0.385,0,0.0,0.384,1.0,1.5,12.2,0.1,2.0,0.14,0.38,3.1,0,2013-2014,0
19,Pero Antic,PF,31.0,50,18.3,37.6,18.8,0.145,66,0.758,123,0.545,171,0.327,0.545,7.0,4.2,13.2,1.2,10.1,0.38,0.24,7.2,0,2013-2014,0
20,Trevor Ariza,SF,28.0,77,35.1,71.8,17.9,0.123,193,0.772,411,0.509,442,0.407,0.59,14.4,6.2,10.2,2.5,10.9,1.64,0.26,6.9,0,2013-2014,0
21,Hilton Armstrong,C,29.0,15,6.3,12.6,14.9,0.187,16,0.438,19,0.474,0,0.0,0.48,1.7,3.1,27.2,0.3,7.4,0.27,0.27,7.4,0,2013-2014,0
22,Darrell Arthur,SF,25.0,68,16.9,35.0,18.3,0.117,62,0.855,346,0.399,64,0.375,0.459,5.9,3.1,9.9,0.9,8.1,0.57,0.69,6.0,0,2013-2014,0
23,Omer Asik,C,27.0,48,20.0,41.1,13.9,0.194,126,0.619,190,0.532,0,0.0,0.57,5.8,7.9,22.0,0.6,4.1,0.29,0.77,6.0,0,2013-2014,0
24,D.J. Augustin,PG,26.0,71,27.1,55.3,22.4,0.146,227,0.899,386,0.431,332,0.366,0.549,13.1,1.9,3.8,4.4,28.1,0.74,0.04,6.8,0,2013-2014,0
25,Gustavo Ayon,C,28.0,26,16.3,33.2,15.0,0.207,20,0.4,102,0.51,0,0.0,0.505,4.3,4.8,17.1,1.1,10.2,0.96,0.38,6.9,0,2013-2014,0
26,Jeff Ayres,PF,26.0,73,12.9,26.7,12.6,0.241,55,0.691,174,0.58,0,0.0,0.605,3.3,3.5,15.4,0.8,8.7,0.18,0.34,6.5,0,2013-2014,0
27,Chris Babb,SG,23.0,14,9.2,18.9,11.4,0.091,0,0.0,3,0.667,27,0.222,0.367,1.6,1.2,7.5,0.2,3.3,0.43,0.0,3.2,0,2013-2014,0
28,Luke Babbitt,PF,24.0,27,17.4,35.2,17.1,0.085,18,0.778,59,0.407,95,0.379,0.525,6.3,3.3,10.9,1.1,9.5,0.26,0.41,6.5,0,2013-2014,0
29,Leandro Barbosa,PG,31.0,20,18.1,37.2,20.3,0.114,39,0.795,106,0.462,25,0.28,0.506,7.5,1.9,5.7,1.6,13.6,0.35,0.2,6.3,0,2013-2014,0
30,Jose Barea,PG,29.0,79,18.4,38.1,24.1,0.15,100,0.79,425,0.426,231,0.316,0.471,8.4,1.9,5.8,3.8,33.2,0.33,0.0,8.5,0,2013-2014,0
31,Andrea Bargnani,C,28.0,42,29.7,60.9,22.5,0.096,102,0.824,394,0.487,108,0.278,0.51,13.3,5.3,10.5,1.1,6.2,0.33,1.21,5.7,0,2013-2014,0
32,Harrison Barnes,SF,21.0,78,28.0,58.0,16.9,0.1,181,0.718,488,0.42,190,0.347,0.487,9.5,4.0,7.8,1.5,7.7,0.83,0.26,5.5,0,2013-2014,0
33,Matt Barnes,SF,33.0,63,27.3,56.6,16.7,0.13,90,0.733,243,0.551,284,0.342,0.552,9.9,4.6,9.4,2.0,10.7,0.89,0.44,6.6,0,2013-2014,0
34,Will Barton,SG,23.0,41,9.2,18.9,21.7,0.096,32,0.813,123,0.447,33,0.303,0.488,4.0,1.8,10.5,0.8,13.7,0.22,0.17,7.8,0,2013-2014,0
35,Brandon Bass,PF,28.0,82,27.5,57.1,18.4,0.109,239,0.858,719,0.487,6,0.333,0.549,11.1,5.7,11.9,1.1,6.4,0.44,0.87,6.0,0,2013-2014,0
36,Shane Battier,SF,35.0,73,19.9,41.0,10.1,0.072,23,0.652,65,0.492,210,0.348,0.523,4.1,1.9,5.9,0.9,6.0,0.68,0.53,3.8,0,2013-2014,0
37,Nicolas Batum,SF,25.0,82,35.8,74.0,16.6,0.187,203,0.803,417,0.566,402,0.361,0.589,13.0,7.5,11.2,5.1,21.1,0.91,0.7,8.9,0,2013-2014,0
38,Jerryd Bayless,PG,25.0,72,23.2,47.9,20.3,0.107,118,0.797,404,0.425,213,0.353,0.496,9.2,2.0,5.0,2.7,18.5,0.82,0.13,6.3,0,2013-2014,0
39,Aron Baynes,C,27.0,53,9.0,18.7,19.6,0.173,21,0.905,163,0.436,0,0.0,0.467,3.0,2.7,17.1,0.6,10.2,0.04,0.09,7.5,0,2013-2014,0
40,Kent Bazemore,SG,24.0,67,13.4,27.7,23.4,0.184,109,0.568,215,0.465,128,0.295,0.481,6.0,1.7,7.7,1.4,13.7,0.64,0.19,7.1,0,2013-2014,0
41,Bradley Beal,SG,20.0,73,34.5,70.3,24.4,0.094,189,0.788,806,0.426,343,0.402,0.507,17.1,3.7,6.3,3.4,16.2,0.97,0.25,6.9,0,2013-2014,0
42,Michael Beasley,SF,25.0,55,14.9,30.6,26.1,0.128,79,0.772,301,0.518,54,0.389,0.559,7.9,3.1,13.2,0.7,8.7,0.42,0.38,6.9,0,2013-2014,0
43,Marco Belinelli,SF,27.0,80,25.0,51.9,19.1,0.112,131,0.847,402,0.525,293,0.43,0.605,11.4,2.8,6.4,2.2,13.3,0.63,0.09,6.6,0,2013-2014,0
44,Anthony Bennett,SF,20.0,52,12.5,25.6,20.7,0.155,69,0.638,172,0.39,53,0.245,0.425,4.2,3.0,13.3,0.3,4.1,0.4,0.15,5.0,0,2013-2014,0
45,Patrick Beverley,SG,25.0,56,31.1,64.0,14.9,0.112,102,0.814,226,0.473,255,0.361,0.545,10.2,3.5,6.3,2.7,12.7,1.39,0.41,5.9,0,2013-2014,0
46,Andris Biedrins,C,27.0,6,7.3,14.3,5.9,0.355,6,0.167,1,1.0,0,0.0,0.412,0.5,2.8,22.3,0.0,0.0,0.0,0.0,0.0,0,2013-2014,0
47,Chauncey Billups,SG,37.0,19,16.0,32.7,15.3,0.229,12,0.833,31,0.323,48,0.292,0.427,3.8,1.5,5.0,2.2,19.0,0.42,0.05,5.8,0,2013-2014,0
48,Bismack Biyombo,C,21.0,77,13.7,28.3,9.8,0.179,89,0.517,144,0.611,0,0.0,0.606,2.9,4.8,19.5,0.1,1.1,0.09,1.12,3.3,0,2013-2014,0
49,DeJuan Blair,PF,24.0,78,15.4,31.8,19.8,0.147,121,0.636,391,0.537,2,0.0,0.557,6.4,4.7,17.7,0.9,9.1,0.77,0.28,7.8,0,2013-2014,0
50,Steve Blake,PG,33.0,55,27.0,55.7,13.5,0.211,43,0.711,143,0.397,210,0.369,0.504,6.9,2.9,5.6,5.6,28.0,0.96,0.14,6.9,0,2013-2014,0
51,Andray Blatche,PF,27.0,73,21.9,45.2,25.8,0.125,221,0.742,620,0.494,54,0.278,0.532,11.2,5.3,14.6,1.5,13.0,1.03,0.52,8.2,0,2013-2014,0
52,Eric Bledsoe,PG,24.0,43,32.8,67.8,25.1,0.178,237,0.772,416,0.517,140,0.357,0.578,17.7,4.7,8.0,5.5,27.3,1.6,0.33,9.4,0,2013-2014,0
53,Keith Bogans,SG,33.0,6,9.0,18.1,6.8,0.12,3,1.0,0,0.0,6,0.5,0.82,2.0,0.5,3.2,0.5,7.9,0.17,0.0,3.5,0,2013-2014,0
54,Andrew Bogut,C,29.0,67,26.2,54.1,12.5,0.194,64,0.344,375,0.627,0,0.0,0.61,7.3,10.0,20.8,1.7,9.4,0.72,1.78,7.6,0,2013-2014,0
55,Matt Bonner,PF,33.0,61,11.1,23.0,12.4,0.086,12,0.75,66,0.47,98,0.429,0.582,3.2,2.1,10.9,0.5,6.2,0.25,0.18,5.4,0,2013-2014,0
56,Trevor Booker,PF,26.0,72,21.4,43.6,14.5,0.117,76,0.618,401,0.554,2,0.0,0.563,6.8,5.3,14.3,0.9,6.4,0.57,0.63,6.0,0,2013-2014,0
57,Carlos Boozer,PF,32.0,76,28.0,57.6,26.4,0.126,193,0.767,978,0.457,2,0.0,0.489,13.7,8.3,16.9,1.6,11.1,0.71,0.29,8.1,0,2013-2014,0
58,Chris Bosh,C,29.0,79,31.9,65.7,22.8,0.104,272,0.82,735,0.569,219,0.338,0.597,16.2,6.6,13.0,1.1,5.8,1.01,0.99,6.1,0,2013-2014,0
59,Avery Bradley,PG,23.0,60,30.7,63.8,23.4,0.099,112,0.804,625,0.451,200,0.395,0.51,14.9,3.8,7.0,1.4,8.2,1.05,0.18,5.6,0,2013-2014,0
60,Elton Brand,PF,34.0,73,19.2,39.6,14.1,0.138,94,0.649,330,0.542,2,0.0,0.561,5.7,4.9,14.9,1.0,8.2,0.55,1.21,6.3,0,2013-2014,0
61,Corey Brewer,SF,27.0,81,32.0,66.2,16.6,0.104,227,0.718,596,0.55,211,0.28,0.549,12.3,2.6,4.3,1.7,7.9,1.85,0.37,4.7,0,2013-2014,0
62,Ronnie Brewer,SF,28.0,23,6.7,13.6,5.1,0.112,2,0.0,7,0.286,8,0.125,0.22,0.3,0.6,5.1,0.4,8.5,0.26,0.04,2.5,0,2013-2014,0
63,Aaron Brooks,PG,29.0,72,21.5,44.1,20.6,0.157,95,0.866,333,0.402,248,0.39,0.521,9.0,1.9,4.9,3.2,22.2,0.72,0.18,6.9,0,2013-2014,0
64,MarShon Brooks,SG,25.0,28,10.6,21.8,22.9,0.161,40,0.726,89,0.423,23,0.551,0.555,5.2,1.8,10.0,0.8,12.6,0.47,0.18,7.4,0,2013-2014,0
65,Lorenzo Brown,SG,23.0,26,8.4,17.1,20.8,0.149,13,0.692,56,0.411,30,0.1,0.349,2.5,1.1,6.9,1.5,27.5,0.5,0.12,7.6,0,2013-2014,0
66,Shannon Brown,SG,28.0,29,8.5,17.1,17.3,0.192,21,0.705,64,0.382,2,0.0,0.427,2.2,1.0,6.5,0.3,5.0,0.45,0.0,4.0,0,2013-2014,0
67,Kobe Bryant,SG,35.0,6,29.4,60.2,28.8,0.292,21,0.857,57,0.491,16,0.188,0.505,13.8,4.3,7.9,6.3,34.7,1.17,0.17,9.8,0,2013-2014,0
68,Chase Budinger,SF,25.0,41,18.1,37.0,16.9,0.081,39,0.821,134,0.433,120,0.35,0.505,6.7,2.5,7.6,0.8,6.3,0.46,0.05,5.2,0,2013-2014,0
69,Reggie Bullock,SF,22.0,43,9.0,18.7,15.7,0.094,9,0.778,48,0.438,73,0.301,0.46,2.7,1.3,7.7,0.3,4.4,0.21,0.02,4.5,0,2013-2014,0
70,Trey Burke,PG,21.0,70,32.1,66.6,21.9,0.122,113,0.903,561,0.41,336,0.33,0.473,12.8,3.0,5.3,5.7,29.6,0.59,0.09,7.5,0,2013-2014,0
71,Alec Burks,SG,22.0,78,27.9,57.9,24.0,0.13,373,0.748,688,0.48,143,0.35,0.547,14.0,3.3,6.8,2.7,17.0,0.88,0.18,7.2,0,2013-2014,0
72,Caron Butler,SF,33.0,56,25.2,51.2,20.4,0.09,75,0.84,291,0.391,249,0.392,0.515,10.5,4.0,9.4,1.4,9.8,0.84,0.3,6.3,0,2013-2014,0
73,Jimmy Butler,SG,24.0,67,38.5,78.9,16.9,0.108,338,0.769,453,0.457,240,0.283,0.522,13.1,4.9,7.3,2.6,11.2,1.88,0.52,5.7,0,2013-2014,0
74,Rasual Butler,SG,34.0,50,7.4,15.2,15.8,0.087,14,0.571,48,0.521,62,0.419,0.585,2.7,0.8,6.3,0.3,7.6,0.14,0.18,4.7,0,2013-2014,0
75,Dwight Buycks,PG,24.0,14,10.2,19.7,19.7,0.161,9,0.889,31,0.323,17,0.294,0.414,3.1,1.6,9.4,0.7,10.8,0.57,0.0,5.9,0,2013-2014,0
76,Andrew Bynum,C,26.0,26,19.6,38.9,24.7,0.12,49,0.758,225,0.418,0,0.0,0.456,8.6,5.6,16.1,1.1,9.8,0.23,1.12,7.7,0,2013-2014,0
77,Will Bynum,PG,31.0,56,18.6,38.5,24.0,0.176,121,0.802,368,0.446,62,0.323,0.502,8.7,1.8,5.2,3.9,33.0,0.7,0.13,8.5,0,2013-2014,0
78,Nick Calathes,SG,24.0,71,16.3,33.7,17.7,0.228,72,0.611,250,0.492,61,0.311,0.506,4.9,1.9,7.0,2.9,27.1,0.92,0.11,7.4,0,2013-2014,0
79,Jose Calderon,SG,32.0,81,30.3,62.6,16.3,0.117,63,0.825,323,0.464,425,0.449,0.596,11.4,2.4,4.5,4.7,22.7,0.85,0.14,6.7,0,2013-2014,0
80,Kentavious Caldwell-Pope,SG,20.0,80,19.6,40.6,14.1,0.054,62,0.758,275,0.447,185,0.319,0.482,5.9,2.0,5.4,0.7,5.1,0.94,0.15,4.1,0,2013-2014,0
81,Isaiah Canaan,PG,22.0,22,11.3,22.8,21.2,0.167,29,0.724,32,0.406,55,0.327,0.506,4.6,1.1,5.4,1.0,14.0,0.36,0.18,6.1,0,2013-2014,0
82,DeMarre Carroll,SF,27.0,73,31.8,65.8,15.3,0.101,141,0.773,374,0.548,268,0.362,0.575,11.1,5.5,10.0,1.8,9.1,1.48,0.29,6.0,0,2013-2014,0
83,Vince Carter,SG,37.0,81,24.2,50.0,23.3,0.107,196,0.821,440,0.418,371,0.394,0.539,11.9,3.5,8.4,2.6,16.6,0.75,0.42,7.9,0,2013-2014,0
84,Michael Carter-Williams,PG,22.0,70,34.3,70.7,25.8,0.169,367,0.703,846,0.44,208,0.264,0.48,16.7,6.2,9.8,6.3,30.4,1.84,0.61,10.1,0,2013-2014,0
85,Omri Casspi,PF,25.0,71,17.9,36.9,18.5,0.136,122,0.68,234,0.479,176,0.347,0.528,6.9,3.7,11.4,1.3,10.8,0.62,0.2,7.2,0,2013-2014,0
86,Mario Chalmers,PG,27.0,73,29.6,61.0,17.6,0.204,163,0.742,334,0.5,226,0.385,0.567,9.8,2.9,6.2,4.9,24.5,1.63,0.22,7.0,0,2013-2014,0
87,Tyson Chandler,C,31.0,55,30.0,61.8,13.0,0.154,155,0.632,321,0.595,1,0.0,0.615,8.7,9.6,18.8,1.1,5.6,0.67,1.15,6.0,0,2013-2014,0
88,Wilson Chandler,SF,26.0,62,30.7,63.7,19.7,0.089,152,0.724,387,0.478,351,0.348,0.526,13.6,4.7,8.3,1.8,9.4,0.74,0.5,6.3,0,2013-2014,0
89,Josh Childress,SF,30.0,4,5.8,10.2,2.0,1.0,0,0.0,0,0.0,0,0.0,0.0,0.0,0.8,7.5,0.5,11.1,0.25,0.0,0.0,0,2013-2014,0
90,Dionte Christmas,SF,27.0,31,6.2,12.7,18.1,0.076,24,0.75,31,0.419,31,0.29,0.489,2.3,1.2,11.2,0.3,6.1,0.06,0.1,6.1,0,2013-2014,0
91,Earl Clark,PF,26.0,54,14.0,28.4,18.2,0.095,34,0.619,139,0.403,122,0.315,0.465,4.8,2.6,11.0,0.4,3.8,0.32,0.46,4.8,0,2013-2014,0
92,Ian Clark,SG,22.0,23,7.2,14.8,23.1,0.167,7,0.714,36,0.417,31,0.355,0.485,3.0,0.8,6.6,0.7,15.3,0.35,0.09,6.6,0,2013-2014,0
93,Victor Claver,SF,25.0,21,8.6,17.3,14.0,0.19,11,0.909,24,0.583,18,0.167,0.502,2.2,1.9,11.7,0.6,9.3,0.14,0.14,6.3,0,2013-2014,0
94,Norris Cole,PG,25.0,82,24.4,50.3,15.7,0.195,68,0.779,326,0.451,174,0.345,0.497,6.4,2.0,5.0,3.0,18.0,0.94,0.06,5.5,0,2013-2014,0
95,Jason Collins,C,35.0,22,7.7,15.4,9.1,0.214,4,0.75,21,0.524,3,0.0,0.485,1.1,0.9,6.8,0.2,3.5,0.36,0.05,3.0,0,2013-2014,0
96,Darren Collison,PG,26.0,80,25.7,53.2,19.9,0.143,224,0.857,505,0.501,189,0.376,0.575,11.4,2.4,5.1,3.7,22.1,1.16,0.19,7.3,0,2013-2014,0
97,Nick Collison,PF,33.0,81,16.5,34.2,11.7,0.201,93,0.71,224,0.58,17,0.235,0.599,4.2,3.6,12.4,1.3,11.0,0.37,0.35,6.5,0,2013-2014,0
98,Mike Conley,PG,26.0,73,33.3,68.9,24.7,0.115,276,0.815,739,0.484,291,0.361,0.545,17.2,2.9,5.2,6.0,30.2,1.51,0.18,8.0,0,2013-2014,0
99,Chris Copeland,SF,29.0,41,6.3,12.9,24.4,0.102,14,0.714,38,0.579,79,0.418,0.621,3.7,0.8,7.0,0.4,13.2,0.07,0.17,6.7,0,2013-2014,0
100,DeMarcus Cousins,C,23.0,71,32.2,66.5,32.9,0.147,595,0.726,1184,0.499,7,0.0,0.555,22.7,11.7,20.5,2.9,18.0,1.54,1.28,11.4,0,2013-2014,0
101,Allen Crabbe,SG,21.0,15,6.5,12.9,16.9,0.079,4,0.75,19,0.316,14,0.429,0.475,2.2,0.6,5.0,0.4,9.0,0.13,0.07,5.0,0,2013-2014,0
102,Jamal Crawford,SG,33.0,69,30.1,62.5,27.3,0.105,322,0.866,565,0.46,446,0.361,0.556,18.6,2.3,4.2,3.2,17.6,0.86,0.17,6.8,0,2013-2014,0
103,Jordan Crawford,SG,25.0,81,22.8,47.0,24.6,0.133,169,0.854,502,0.474,285,0.315,0.514,11.0,2.3,5.5,3.5,22.5,0.58,0.06,7.4,0,2013-2014,0
104,Jae Crowder,SF,23.0,78,15.9,32.8,13.4,0.113,61,0.754,145,0.552,151,0.331,0.551,4.6,2.5,9.1,0.8,6.8,0.76,0.27,5.3,0,2013-2014,0
105,Dante Cunningham,SF,26.0,81,20.0,41.3,15.3,0.074,67,0.567,504,0.47,6,0.0,0.475,6.3,4.1,11.1,1.0,7.9,0.77,0.7,5.9,0,2013-2014,0
106,Jared Cunningham,SG,22.0,8,7.1,13.8,19.5,0.0,14,0.929,13,0.308,6,0.167,0.477,3.0,0.6,5.0,0.6,13.0,0.38,0.0,5.8,0,2013-2014,0
107,Seth Curry,PG,23.0,1,8.5,8.7,15.7,0.0,0,0.0,2,0.0,1,1.0,0.5,3.0,1.0,6.6,0.0,0.0,2.0,0.0,0.0,0,2013-2014,0
108,Stephen Curry,PG,25.0,78,36.3,75.0,28.4,0.161,348,0.885,768,0.509,615,0.424,0.61,24.0,4.3,6.4,8.6,40.2,1.65,0.18,10.6,1,2013-2014,0
109,Samuel Dalembert,C,32.0,80,20.0,41.3,15.0,0.171,137,0.737,376,0.569,1,0.0,0.605,6.6,6.8,19.5,0.5,3.5,0.51,1.18,5.6,0,2013-2014,0
110,Troy Daniels,SG,22.0,5,14.7,27.3,20.2,0.088,0,0.0,6,0.5,25,0.48,0.677,8.4,0.8,3.0,1.0,11.6,0.0,0.0,5.1,0,2013-2014,0
111,Luigi Datome,SF,26.0,34,6.8,14.1,20.7,0.098,10,0.8,58,0.466,39,0.179,0.409,2.4,1.4,10.8,0.3,7.2,0.18,0.03,5.9,0,2013-2014,0
112,Brandon Davies,PF,22.0,51,11.1,22.8,14.0,0.188,53,0.642,118,0.441,10,0.2,0.476,2.8,2.1,10.4,0.5,7.2,0.47,0.16,5.2,0,2013-2014,0
113,Anthony Davis,C,20.0,67,35.0,72.1,25.3,0.083,440,0.791,996,0.522,9,0.222,0.582,20.8,10.0,16.7,1.6,8.0,1.33,2.82,7.9,0,2013-2014,0
114,Ed Davis,PF,24.0,63,15.0,30.9,18.1,0.108,89,0.528,290,0.534,0,0.0,0.542,5.7,4.1,16.3,0.4,4.6,0.27,0.68,5.6,0,2013-2014,0
115,Glen Davis,PF,28.0,68,24.3,49.3,19.2,0.116,137,0.712,582,0.466,11,0.265,0.499,9.4,5.2,12.2,1.2,7.0,0.85,0.43,6.0,0,2013-2014,0
116,Austin Daye,SF,25.0,14,8.0,16.4,25.4,0.079,7,0.571,26,0.346,29,0.414,0.499,4.1,1.4,10.0,0.4,8.2,0.29,0.29,6.6,0,2013-2014,0
117,Nando De Colo,SF,26.0,47,10.3,20.9,19.0,0.173,35,0.899,100,0.45,53,0.341,0.523,3.8,1.5,8.6,1.4,20.9,0.47,0.13,7.7,0,2013-2014,0
118,Dewayne Dedmon,C,24.0,27,14.0,27.4,13.2,0.161,30,0.673,82,0.468,0,0.0,0.506,3.6,4.7,18.6,0.2,2.0,0.26,0.81,4.0,0,2013-2014,0
119,Matthew Dellavedova,SG,23.0,72,17.5,35.9,13.4,0.159,48,0.792,142,0.458,154,0.37,0.534,4.7,1.7,5.5,2.6,22.2,0.47,0.07,6.3,0,2013-2014,0
120,Luol Deng,SF,28.0,63,35.0,70.4,22.3,0.102,268,0.787,671,0.465,189,0.3,0.515,16.0,5.8,9.2,2.9,14.5,0.98,0.14,7.3,0,2013-2014,0
121,DeMar DeRozan,SG,24.0,79,38.0,78.0,28.2,0.095,630,0.824,1197,0.451,210,0.305,0.532,22.7,4.3,6.7,4.0,19.0,1.09,0.35,7.7,0,2013-2014,0
122,Boris Diaw,PF,31.0,79,24.8,51.4,17.1,0.163,92,0.739,468,0.549,112,0.402,0.578,9.1,4.1,9.4,2.8,16.5,0.56,0.41,7.6,0,2013-2014,0
123,Gorgui Dieng,C,24.0,60,13.4,27.7,17.0,0.168,93,0.634,226,0.496,1,1.0,0.534,4.8,5.0,20.2,0.7,7.3,0.5,0.83,7.6,0,2013-2014,0
124,Toney Douglas,PG,27.0,51,13.0,26.3,16.8,0.143,34,0.701,88,0.478,102,0.299,0.493,4.0,1.7,7.5,1.3,14.3,0.37,0.1,6.1,0,2013-2014,0
125,Chris Douglas-Roberts,SF,27.0,49,20.5,42.0,14.9,0.111,82,0.805,120,0.5,132,0.386,0.588,6.9,2.4,6.7,1.0,8.0,0.59,0.33,5.0,0,2013-2014,0
126,Goran Dragic,SG,27.0,76,34.9,72.4,24.7,0.143,416,0.76,794,0.542,299,0.408,0.604,20.3,3.2,5.2,5.9,28.4,1.37,0.28,8.3,1,2013-2014,0
127,Andre Drummond,C,20.0,81,32.2,66.7,16.8,0.107,328,0.418,767,0.625,2,0.0,0.599,13.5,13.2,22.4,0.4,2.2,1.26,1.62,5.2,0,2013-2014,0
128,Jared Dudley,SF,28.0,74,23.2,48.0,13.6,0.106,58,0.655,222,0.518,225,0.36,0.541,6.9,2.2,5.2,1.4,8.7,0.55,0.14,4.8,0,2013-2014,0
129,Tim Duncan,C,37.0,74,29.0,60.1,25.4,0.132,316,0.731,901,0.493,5,0.0,0.535,15.1,9.8,19.0,3.0,16.2,0.58,1.88,10.5,0,2013-2014,0
130,Mike Dunleavy,SF,33.0,82,31.3,64.4,17.2,0.113,164,0.854,450,0.467,324,0.38,0.549,11.3,4.2,7.7,2.3,12.4,0.78,0.56,6.1,0,2013-2014,0
131,Kevin Durant,SF,25.0,81,38.4,79.4,33.2,0.122,805,0.873,1197,0.549,491,0.391,0.635,32.0,7.4,10.9,5.5,26.9,1.27,0.73,11.4,1,2013-2014,0
132,Shane Edwards,SF,26.0,2,5.7,7.8,15.6,0.25,0,0.0,3,0.333,0,0.0,0.333,1.0,1.0,9.8,0.0,0.0,0.0,0.0,0.0,0,2013-2014,0
133,Wayne Ellington,SG,26.0,45,8.5,17.5,16.8,0.078,11,0.909,67,0.448,59,0.424,0.554,3.2,1.0,6.5,0.4,7.3,0.36,0.04,5.1,0,2013-2014,0
134,Monta Ellis,PG,28.0,82,36.7,75.8,26.2,0.152,430,0.788,1070,0.475,209,0.33,0.532,19.0,3.6,5.7,5.7,24.9,1.72,0.28,8.0,0,2013-2014,0
135,Melvin Ely,C,35.0,2,13.4,20.4,10.2,0.0,0,0.0,6,0.5,0,0.0,0.5,3.0,0.5,2.2,0.0,0.0,0.0,0.5,0.0,0,2013-2014,0
136,Jeremy Evans,SF,26.0,66,18.1,37.6,15.5,0.099,75,0.68,330,0.53,2,0.0,0.549,6.1,4.7,14.9,0.7,6.1,0.64,0.7,6.0,0,2013-2014,0
137,Reggie Evans,PF,33.0,54,16.5,33.4,13.6,0.224,130,0.552,150,0.451,0,0.0,0.504,3.9,6.2,21.9,0.4,3.2,0.68,0.06,5.1,0,2013-2014,0
138,Tyreke Evans,SF,24.0,72,28.0,57.7,27.3,0.145,310,0.771,802,0.461,95,0.221,0.504,14.5,4.7,9.8,5.0,30.7,1.17,0.29,10.0,0,2013-2014,0
139,Kenneth Faried,PF,24.0,80,27.0,56.1,21.5,0.124,311,0.65,817,0.547,3,0.0,0.573,13.7,8.5,17.0,1.2,7.4,0.88,0.86,7.7,0,2013-2014,0
140,Jordan Farmar,PG,27.0,41,22.1,45.8,23.5,0.198,59,0.746,204,0.397,160,0.438,0.533,10.1,2.5,6.1,4.9,34.9,0.93,0.2,9.0,0,2013-2014,0
141,Vitor Faverani,C,25.0,37,13.0,26.9,18.8,0.202,37,0.649,106,0.491,40,0.3,0.505,4.4,3.5,15.1,0.4,5.3,0.38,0.73,5.6,0,2013-2014,0
142,Derrick Favors,PF,22.0,73,30.0,62.1,20.9,0.129,284,0.669,746,0.523,1,0.0,0.556,13.3,8.7,16.8,1.2,7.3,1.03,1.48,6.9,0,2013-2014,0
143,Carrick Felix,SG,23.0,7,5.3,9.5,23.9,0.202,4,0.75,9,0.556,5,0.4,0.603,2.7,0.9,9.1,0.6,19.0,0.0,0.0,8.6,0,2013-2014,0
144,Raymond Felton,PG,29.0,65,30.8,63.5,18.4,0.163,122,0.721,413,0.431,195,0.318,0.476,9.7,3.0,5.8,5.7,28.6,1.18,0.42,7.1,0,2013-2014,0
145,Landry Fields,SF,25.0,30,10.6,21.2,12.6,0.125,22,0.636,62,0.435,5,0.0,0.443,2.3,2.0,10.8,0.7,9.5,0.33,0.1,5.6,0,2013-2014,0
146,Derek Fisher,SG,39.0,81,17.4,36.1,13.8,0.111,71,0.775,132,0.402,229,0.384,0.542,5.2,1.5,4.9,1.4,11.7,0.86,0.04,5.1,0,2013-2014,0
147,Evan Fournier,SG,21.0,76,19.5,40.5,20.0,0.143,123,0.756,307,0.453,237,0.376,0.533,8.4,2.7,7.3,1.5,11.9,0.45,0.09,6.6,0,2013-2014,0
148,Randy Foye,SG,30.0,81,30.5,63.3,19.0,0.132,185,0.849,377,0.456,498,0.38,0.558,13.2,2.9,5.1,3.6,17.9,0.83,0.48,6.8,0,2013-2014,0
149,Jamaal Franklin,SG,22.0,21,7.5,15.2,14.7,0.2,2,1.0,28,0.393,11,0.455,0.489,1.9,1.1,8.7,0.3,5.6,0.19,0.1,4.6,0,2013-2014,0
150,Jimmer Fredette,SG,24.0,49,10.4,21.1,25.1,0.167,21,0.912,143,0.47,84,0.472,0.576,5.6,1.1,5.9,1.3,22.1,0.28,0.06,7.5,0,2013-2014,0
151,Joel Freeland,C,26.0,52,13.7,28.2,12.7,0.16,29,0.69,159,0.484,2,0.0,0.501,3.3,4.0,15.6,0.7,7.2,0.19,0.42,6.1,0,2013-2014,0
152,Channing Frye,PF,30.0,82,28.0,58.1,17.4,0.098,95,0.821,346,0.509,432,0.37,0.555,11.1,5.1,10.2,1.2,6.5,0.73,0.77,5.8,0,2013-2014,0
153,Francisco Garcia,SF,32.0,55,19.5,40.2,13.6,0.09,19,0.526,101,0.485,193,0.358,0.521,5.7,2.2,6.3,1.1,8.7,0.49,0.6,4.9,0,2013-2014,0
154,Kevin Garnett,C,37.0,54,20.3,41.7,19.1,0.155,47,0.809,353,0.445,3,0.0,0.467,6.5,6.6,19.5,1.5,12.6,0.81,0.74,7.9,0,2013-2014,0
155,Diante Garrett,PG,25.0,71,14.6,30.2,15.3,0.217,12,0.833,169,0.385,96,0.375,0.459,3.5,1.4,5.4,1.7,17.9,0.58,0.07,5.6,0,2013-2014,0
156,Marc Gasol,C,29.0,59,33.2,68.5,21.9,0.12,241,0.768,700,0.477,11,0.182,0.526,14.6,7.2,12.8,3.7,17.9,1.0,1.29,8.8,0,2013-2014,0
157,Pau Gasol,C,33.0,60,31.2,64.9,26.5,0.123,254,0.736,871,0.483,14,0.286,0.522,17.4,9.7,16.5,3.4,18.8,0.45,1.53,10.7,0,2013-2014,0
158,Rudy Gay,SF,27.0,73,34.5,70.1,27.7,0.143,387,0.82,982,0.485,197,0.327,0.543,19.9,6.0,9.9,2.9,15.2,1.3,0.77,8.1,0,2013-2014,0
159,Alonzo Gee,SF,26.0,65,15.5,31.8,13.6,0.143,61,0.705,178,0.444,59,0.322,0.489,4.0,2.3,8.3,0.7,7.0,0.6,0.23,4.8,0,2013-2014,0
160,Paul George,SF,23.0,80,36.0,74.7,28.4,0.125,464,0.864,861,0.458,500,0.364,0.554,21.7,6.8,10.6,3.5,18.0,1.89,0.28,8.9,1,2013-2014,0
161,Taj Gibson,PF,28.0,82,28.5,58.6,23.1,0.128,281,0.751,889,0.483,7,0.0,0.524,13.0,6.8,13.6,1.1,7.4,0.5,1.34,6.5,0,2013-2014,0
162,Manu Ginobili,SG,36.0,68,22.6,46.9,24.9,0.164,188,0.851,369,0.553,258,0.349,0.59,12.3,3.0,7.5,4.3,29.1,1.03,0.25,9.6,0,2013-2014,0
163,Rudy Gobert,C,21.0,45,9.4,19.5,14.5,0.238,65,0.492,74,0.486,0,0.0,0.507,2.3,3.4,21.0,0.2,2.5,0.18,0.91,4.9,0,2013-2014,0
164,Ryan Gomes,SF,31.0,5,6.7,12.6,12.0,0.111,0,0.0,6,0.5,2,0.0,0.375,1.2,0.8,6.8,0.2,4.2,0.0,0.0,3.4,0,2013-2014,0
165,Drew Gooden,C,32.0,22,17.8,34.6,19.8,0.099,27,0.889,125,0.552,18,0.389,0.591,8.3,5.1,16.7,0.7,6.4,0.45,0.32,7.0,0,2013-2014,0
166,Archie Goodwin,SG,19.0,52,10.1,20.8,19.8,0.187,55,0.673,131,0.542,36,0.139,0.507,3.7,1.7,9.3,0.4,5.8,0.38,0.21,5.4,0,2013-2014,0
167,Ben Gordon,SG,30.0,19,14.4,28.7,23.3,0.152,21,0.81,79,0.367,29,0.276,0.422,5.2,1.4,5.6,1.1,12.5,0.53,0.11,5.6,0,2013-2014,0
168,Eric Gordon,SG,25.0,64,32.0,65.9,23.3,0.128,223,0.785,559,0.456,258,0.391,0.54,15.4,2.6,4.7,3.2,16.7,1.17,0.19,6.3,0,2013-2014,0
169,Marcin Gortat,C,29.0,81,32.6,66.6,18.3,0.118,229,0.686,839,0.541,1,1.0,0.568,13.2,9.5,16.8,1.7,8.3,0.51,1.49,7.3,0,2013-2014,0
170,Danny Granger,SF,30.0,41,20.5,41.9,20.8,0.12,67,0.931,179,0.409,128,0.337,0.503,8.2,3.2,8.8,1.0,7.8,0.29,0.41,5.8,0,2013-2014,0
171,Aaron Gray,C,29.0,33,10.0,20.4,12.4,0.291,18,0.556,57,0.439,1,0.0,0.455,1.8,3.1,17.7,0.6,8.4,0.3,0.24,6.0,0,2013-2014,0
172,Danny Green,SG,26.0,68,24.1,49.9,16.8,0.125,63,0.794,187,0.46,318,0.415,0.58,9.1,3.4,7.9,1.5,9.0,0.96,0.91,6.0,0,2013-2014,0
173,Draymond Green,SF,23.0,82,21.7,44.9,14.9,0.151,123,0.667,294,0.449,165,0.333,0.498,6.2,5.0,12.5,1.9,12.0,1.2,0.88,7.2,0,2013-2014,0
174,Gerald Green,SG,28.0,82,28.2,58.6,23.8,0.116,230,0.848,496,0.492,510,0.4,0.585,15.8,3.3,6.6,1.5,8.7,0.85,0.52,6.1,0,2013-2014,0
175,Jeff Green,SF,27.0,82,34.0,70.7,23.7,0.111,356,0.795,775,0.448,396,0.341,0.52,16.9,4.6,7.7,1.7,8.4,0.7,0.57,6.0,0,2013-2014,0
176,Willie Green,SG,32.0,55,15.6,32.3,16.5,0.106,34,0.824,150,0.407,121,0.339,0.477,5.0,1.4,5.0,0.9,8.4,0.4,0.2,4.7,0,2013-2014,0
177,Blake Griffin,PF,24.0,80,35.6,73.9,29.1,0.119,674,0.715,1315,0.537,44,0.273,0.583,24.1,9.5,14.8,3.8,19.2,1.15,0.64,10.7,1,2013-2014,0
178,Jorge Gutierrez,PG,25.0,15,16.1,31.7,14.3,0.191,12,0.75,42,0.524,12,0.25,0.523,4.1,1.5,5.5,2.0,19.7,0.67,0.07,5.7,0,2013-2014,0
179,Jordan Hamilton,SF,23.0,60,16.8,34.5,18.9,0.107,51,0.78,178,0.433,197,0.356,0.509,6.7,3.2,10.4,0.9,8.0,0.73,0.33,6.4,0,2013-2014,0
180,Justin Hamilton,C,23.0,7,9.6,17.8,18.0,0.119,5,1.0,11,0.545,9,0.333,0.586,3.7,1.0,6.6,0.0,0.0,0.57,0.0,0.0,0,2013-2014,0
181,Tyler Hansbrough,PF,28.0,64,15.1,30.9,15.3,0.145,185,0.681,194,0.479,2,0.0,0.562,4.9,4.5,17.3,0.3,2.7,0.44,0.3,5.0,0,2013-2014,0
182,Tim Hardaway,SG,21.0,81,22.9,47.4,19.8,0.059,128,0.828,329,0.498,358,0.363,0.554,10.2,1.5,3.8,0.8,5.9,0.53,0.09,4.0,0,2013-2014,0
183,James Harden,SG,24.0,73,37.9,78.2,27.9,0.15,665,0.866,721,0.516,483,0.366,0.618,25.4,4.7,6.9,6.1,27.4,1.56,0.4,9.5,1,2013-2014,0
184,Maurice Harkless,SF,20.0,80,24.1,49.5,14.9,0.136,143,0.594,329,0.502,154,0.383,0.542,7.4,3.3,7.7,1.0,6.5,1.21,0.63,4.8,0,2013-2014,0
185,Josh Harrellson,C,24.0,32,9.7,20.0,13.1,0.105,7,0.714,51,0.51,31,0.387,0.547,2.9,2.4,13.3,0.5,7.1,0.19,0.47,6.2,0,2013-2014,0
186,Al Harrington,PF,33.0,34,14.8,29.5,23.0,0.133,35,0.771,107,0.449,100,0.34,0.506,6.6,2.4,9.2,0.8,8.8,0.41,0.0,6.3,0,2013-2014,0
187,Devin Harris,PG,30.0,40,20.2,41.5,20.4,0.162,115,0.8,153,0.425,101,0.307,0.517,7.9,2.1,6.1,4.5,31.4,0.7,0.05,8.3,0,2013-2014,0
188,Elias Harris,SF,24.0,2,5.4,10.7,4.0,0.0,0,0.0,1,0.0,0,0.0,0.0,0.0,0.5,4.9,0.5,11.6,0.5,0.0,0.0,0,2013-2014,0
189,Manny Harris,SG,24.0,9,19.8,40.8,20.6,0.107,12,0.833,50,0.42,20,0.35,0.485,8.1,3.8,10.2,1.2,9.7,0.44,0.11,6.7,0,2013-2014,0
190,Mike Harris,PF,30.0,20,11.0,22.5,17.4,0.131,27,0.963,59,0.492,2,0.0,0.576,4.2,1.7,8.6,0.3,3.7,0.8,0.35,4.7,0,2013-2014,0
191,Tobias Harris,PF,21.0,61,30.2,61.8,22.3,0.087,244,0.807,590,0.508,126,0.254,0.542,14.6,7.0,13.0,1.3,7.7,0.67,0.39,6.8,0,2013-2014,0
192,Udonis Haslem,PF,33.0,46,14.0,28.6,14.1,0.127,44,0.568,146,0.507,0,0.0,0.523,3.8,3.8,17.1,0.3,3.2,0.24,0.33,4.7,0,2013-2014,0
193,Spencer Hawes,C,25.0,80,30.7,62.5,19.7,0.154,152,0.783,575,0.478,307,0.417,0.555,13.2,8.2,14.7,3.0,15.9,0.55,1.17,9.0,0,2013-2014,0
194,Chuck Hayes,C,30.0,61,12.2,24.7,10.6,0.189,25,0.802,129,0.434,1,0.0,0.468,2.2,3.4,16.4,0.5,6.9,0.56,0.2,5.2,0,2013-2014,0
195,Gordon Hayward,SF,23.0,77,36.2,75.0,23.2,0.15,381,0.816,752,0.453,280,0.304,0.52,16.2,5.1,8.1,5.2,24.2,1.43,0.52,8.3,0,2013-2014,0
196,Gerald Henderson,SG,26.0,77,31.7,65.3,22.3,0.096,309,0.761,815,0.445,115,0.348,0.507,14.0,4.0,7.2,2.6,13.9,0.66,0.42,6.6,0,2013-2014,0
197,Xavier Henry,SF,22.0,43,20.9,43.5,23.3,0.119,177,0.655,264,0.439,81,0.346,0.511,10.0,2.7,6.8,1.2,8.9,1.02,0.16,6.1,0,2013-2014,0
198,John Henson,PF,23.0,70,26.3,54.2,20.4,0.137,177,0.514,638,0.539,1,0.0,0.543,11.1,7.1,15.5,1.6,11.0,0.59,1.66,7.6,0,2013-2014,0
199,Roy Hibbert,C,27.0,81,29.5,61.2,19.5,0.144,269,0.77,749,0.439,5,0.4,0.499,10.8,6.6,12.6,1.1,6.3,0.36,2.23,5.8,0,2013-2014,0
200,J.J. Hickson,PF,25.0,69,26.8,55.5,20.9,0.14,290,0.517,646,0.514,8,0.0,0.521,11.8,9.2,18.5,1.4,8.3,0.68,0.74,8.0,0,2013-2014,0
201,Nene Hilario,PF,31.0,53,29.2,59.2,24.1,0.141,266,0.583,589,0.506,5,0.2,0.53,14.2,5.5,11.0,2.9,16.5,1.21,0.91,8.4,0,2013-2014,0
202,George Hill,PG,27.0,76,31.8,65.9,14.9,0.118,176,0.807,356,0.497,260,0.365,0.563,10.3,3.7,6.6,3.5,17.2,0.99,0.32,6.4,0,2013-2014,0
203,Jordan Hill,PF,26.0,72,20.6,42.9,19.9,0.111,181,0.685,520,0.55,1,0.0,0.579,9.7,7.4,19.2,0.8,6.0,0.4,0.9,7.5,0,2013-2014,0
204,Solomon Hill,SF,22.0,28,7.9,16.1,11.7,0.232,7,0.857,17,0.588,23,0.304,0.545,1.7,1.5,10.5,0.4,8.2,0.18,0.07,5.1,0,2013-2014,0
205,Kirk Hinrich,PG,33.0,73,28.8,59.1,17.4,0.151,125,0.76,377,0.419,242,0.351,0.494,9.1,2.6,5.2,3.9,22.7,1.1,0.36,6.3,0,2013-2014,0
206,Jrue Holiday,PG,23.0,34,33.4,68.2,23.4,0.179,63,0.81,377,0.459,77,0.39,0.505,14.3,4.2,7.3,7.9,39.1,1.65,0.35,9.3,0,2013-2014,0
207,Ryan Hollins,PF,29.0,61,7.7,16.0,11.8,0.231,56,0.625,72,0.736,0,0.0,0.73,2.3,1.5,10.6,0.1,2.4,0.15,0.51,3.6,0,2013-2014,0
208,Al Horford,C,27.0,29,32.8,67.0,24.9,0.123,85,0.682,409,0.572,11,0.364,0.588,18.6,8.4,14.8,2.6,15.1,0.93,1.52,9.0,0,2013-2014,0
209,Dwight Howard,C,28.0,71,33.5,69.3,24.1,0.175,638,0.547,794,0.593,7,0.286,0.6,18.3,12.2,20.2,1.8,9.3,0.85,1.8,8.8,1,2013-2014,0
210,Robbie Hummel,SF,24.0,53,12.2,25.0,12.8,0.052,16,0.938,88,0.398,89,0.36,0.492,3.4,2.5,11.1,0.4,5.1,0.32,0.04,4.9,0,2013-2014,0
211,Kris Humphries,PF,28.0,69,19.7,41.0,19.2,0.109,144,0.813,459,0.503,3,0.0,0.551,8.4,5.9,17.1,1.0,8.3,0.45,0.88,7.5,0,2013-2014,0
212,Serge Ibaka,PF,24.0,81,32.7,67.7,19.9,0.103,199,0.784,918,0.546,60,0.383,0.576,15.1,8.8,15.1,1.0,5.2,0.48,2.7,6.2,0,2013-2014,0
213,Andre Iguodala,SF,30.0,63,32.2,66.4,13.4,0.162,132,0.652,283,0.558,175,0.354,0.57,9.3,4.6,7.9,4.2,18.3,1.51,0.3,7.0,0,2013-2014,0
214,Ersan Ilyasova,PF,26.0,55,26.7,54.7,21.5,0.087,130,0.823,448,0.446,131,0.282,0.486,11.2,6.2,13.4,1.3,8.4,0.84,0.15,6.7,0,2013-2014,0
215,Kyrie Irving,PG,21.0,71,35.0,71.8,28.3,0.121,338,0.861,893,0.458,344,0.358,0.533,20.8,3.6,5.9,6.1,31.9,1.52,0.32,8.8,0,2013-2014,0
216,Jarrett Jack,PG,30.0,80,27.9,57.5,17.9,0.148,149,0.839,513,0.435,185,0.341,0.498,9.5,2.8,5.6,4.1,22.9,0.69,0.28,6.8,0,2013-2014,0
217,Reggie Jackson,PG,23.0,80,28.2,58.5,22.8,0.146,177,0.893,670,0.476,244,0.34,0.527,13.1,3.9,7.8,4.1,23.3,1.06,0.11,8.4,0,2013-2014,0
218,Stephen Jackson,SF,35.0,9,11.7,23.5,14.2,0.178,4,0.5,12,0.417,14,0.071,0.27,1.7,1.1,5.3,0.6,6.3,0.67,0.11,3.6,0,2013-2014,0
219,Damion James,G-F,26.0,5,9.9,19.4,9.9,0.092,2,1.0,7,0.286,2,0.0,0.304,1.2,2.4,13.7,0.6,7.6,0.0,0.2,4.8,0,2013-2014,0
220,LeBron James,PF,29.0,77,37.5,77.3,31.2,0.144,585,0.75,1047,0.622,306,0.379,0.649,27.1,6.9,11.6,6.3,32.2,1.57,0.34,11.3,1,2013-2014,0
221,Mike James,PG,38.0,11,6.9,13.1,16.4,0.186,2,0.0,16,0.25,5,0.2,0.251,1.0,0.6,5.3,1.5,34.8,0.18,0.0,5.6,0,2013-2014,0
222,Antawn Jamison,PF,37.0,22,11.1,22.8,19.9,0.064,25,0.72,51,0.412,41,0.195,0.408,3.8,2.5,12.5,0.3,4.1,0.41,0.14,5.1,0,2013-2014,0
223,Othyus Jeffers,G,28.0,6,7.6,13.8,8.6,0.116,4,0.667,4,0.5,2,0.0,0.574,1.5,1.5,11.1,0.2,2.7,0.0,0.0,3.0,0,2013-2014,0
224,Al Jefferson,PF,29.0,73,34.8,71.6,29.5,0.076,277,0.69,1361,0.512,15,0.2,0.532,21.8,10.8,17.6,2.1,12.9,0.92,1.08,9.1,1,2013-2014,0
225,Richard Jefferson,SF,33.0,82,26.8,55.5,17.1,0.115,162,0.741,353,0.484,301,0.409,0.573,10.1,2.7,5.7,1.6,9.7,0.7,0.17,5.3,0,2013-2014,0
226,John Jenkins,SG,22.0,13,11.9,23.7,16.1,0.201,4,1.0,24,0.5,18,0.222,0.457,3.1,1.7,8.2,0.8,10.6,0.08,0.08,5.4,0,2013-2014,0
227,Brandon Jennings,PG,24.0,80,33.9,70.3,23.5,0.144,321,0.751,678,0.397,457,0.337,0.486,15.5,3.1,4.9,7.6,34.6,1.26,0.1,8.4,0,2013-2014,0
228,Jonas Jerebko,PF,26.0,64,11.4,23.6,16.3,0.155,59,0.729,134,0.5,74,0.419,0.577,4.2,2.7,13.1,0.6,8.0,0.33,0.09,6.6,0,2013-2014,0
229,Amir Johnson,PF,26.0,77,28.6,58.6,16.5,0.154,143,0.636,546,0.593,66,0.303,0.592,10.4,6.5,13.4,1.5,8.8,0.73,1.14,6.5,0,2013-2014,0
230,Chris Johnson,SF,23.0,40,19.5,40.5,14.5,0.086,43,0.86,87,0.483,127,0.339,0.537,6.3,2.4,7.0,0.8,6.3,0.7,0.1,4.7,0,2013-2014,0
231,James Johnson,SF,26.0,52,18.2,37.5,20.2,0.16,90,0.844,221,0.548,87,0.253,0.552,7.4,3.2,10.4,2.1,18.4,0.83,1.1,8.1,0,2013-2014,0
232,Joe Johnson,SG,32.0,79,32.4,66.8,22.5,0.098,195,0.815,614,0.489,404,0.401,0.564,15.8,3.4,6.3,2.7,15.2,0.59,0.13,6.5,0,2013-2014,0
233,Orlando Johnson,SG,24.0,45,8.5,17.5,16.6,0.106,26,0.731,67,0.42,47,0.191,0.406,2.2,1.2,7.9,0.4,8.1,0.14,0.05,4.8,0,2013-2014,0
234,Wesley Johnson,SF,26.0,79,28.2,58.6,15.2,0.116,77,0.792,380,0.466,271,0.369,0.522,9.1,4.4,8.4,1.6,8.3,1.09,0.97,5.7,0,2013-2014,0
235,James Jones,SF,33.0,20,11.6,23.2,15.8,0.052,11,0.636,14,0.214,54,0.519,0.666,4.9,1.2,6.2,0.5,5.9,0.15,0.2,4.9,0,2013-2014,0
236,Perry Jones,PF,22.0,62,12.1,25.1,13.0,0.095,42,0.667,120,0.508,61,0.361,0.541,3.5,1.8,8.5,0.4,5.0,0.23,0.31,4.5,0,2013-2014,0
237,Solomon Jones,PF,29.0,11,7.5,14.2,11.4,0.096,4,0.5,17,0.353,0,0.0,0.373,1.3,1.5,10.9,0.2,3.5,0.18,0.18,3.9,0,2013-2014,0
238,Terrence Jones,PF,22.0,76,27.1,56.1,18.5,0.082,195,0.605,611,0.581,102,0.304,0.576,12.1,6.9,14.2,1.1,7.0,0.71,1.3,6.7,0,2013-2014,0
239,DeAndre Jordan,C,25.0,82,34.8,72.3,12.4,0.153,374,0.428,515,0.676,0,0.0,0.63,10.4,13.6,21.7,0.9,3.8,0.98,2.48,5.8,0,2013-2014,0
240,Cory Joseph,SG,22.0,68,13.6,28.1,17.2,0.123,96,0.823,227,0.502,38,0.316,0.558,5.0,1.6,6.5,1.7,17.5,0.51,0.21,7.0,0,2013-2014,0
241,Chris Kaman,C,31.0,39,18.7,38.9,26.9,0.164,68,0.765,343,0.513,3,0.0,0.537,10.4,5.9,16.8,1.5,14.3,0.28,1.03,9.7,0,2013-2014,0
242,Enes Kanter,C,21.0,80,26.5,55.0,23.4,0.133,204,0.73,852,0.492,1,0.0,0.523,12.3,7.5,16.2,0.9,6.4,0.35,0.53,6.6,0,2013-2014,0
243,Sergey Karasev,SF,20.0,22,6.9,13.7,14.8,0.218,10,0.9,16,0.5,19,0.211,0.47,1.7,0.7,5.9,0.3,5.8,0.14,0.05,4.1,0,2013-2014,0
244,Ryan Kelly,PF,22.0,59,22.0,45.8,16.0,0.098,135,0.815,229,0.476,142,0.338,0.548,8.0,3.7,9.0,1.6,10.8,0.54,0.76,6.6,0,2013-2014,0
245,Michael Kidd-Gilchrist,SF,20.0,62,24.0,49.3,15.3,0.121,184,0.614,344,0.483,9,0.111,0.516,7.2,5.2,12.3,0.8,5.5,0.69,0.63,5.2,0,2013-2014,0
246,Andrei Kirilenko,PF,32.0,45,18.9,38.6,14.8,0.203,119,0.513,155,0.523,5,0.2,0.532,5.0,3.2,10.3,1.6,13.2,0.89,0.4,6.2,0,2013-2014,0
247,Brandon Knight,PG,22.0,72,33.1,68.2,27.0,0.132,323,0.802,754,0.466,338,0.325,0.523,17.9,3.5,6.1,4.9,26.9,0.96,0.24,8.2,0,2013-2014,0
248,Kyle Korver,SG,32.0,71,33.7,69.6,14.3,0.136,94,0.926,217,0.479,392,0.472,0.653,12.0,4.0,6.8,2.9,13.4,0.97,0.34,6.2,0,2013-2014,0
249,Kosta Koufos,C,24.0,80,16.7,34.5,19.7,0.12,93,0.645,459,0.495,0,0.0,0.514,6.4,5.2,18.6,0.5,4.7,0.4,0.89,6.1,0,2013-2014,0
250,Doron Lamb,SG,22.0,53,12.9,26.3,13.5,0.133,36,0.806,70,0.386,90,0.4,0.543,3.6,0.9,4.1,0.8,9.5,0.21,0.02,4.3,0,2013-2014,0
251,Jeremy Lamb,SG,21.0,78,19.5,40.4,20.3,0.086,64,0.797,362,0.483,247,0.356,0.522,8.5,2.4,7.0,1.5,11.9,0.72,0.33,6.4,0,2013-2014,0
252,Carl Landry,PF,30.0,18,12.7,25.7,14.7,0.118,17,0.824,60,0.517,0,0.0,0.563,4.2,3.2,14.0,0.3,3.5,0.17,0.06,5.0,0,2013-2014,0
253,Shane Larkin,PG,21.0,48,10.0,20.5,17.7,0.209,25,0.64,99,0.404,38,0.316,0.446,2.8,0.9,5.1,1.5,20.9,0.54,0.02,6.2,0,2013-2014,0
254,Ty Lawson,PG,26.0,62,35.7,74.0,22.8,0.17,406,0.798,603,0.456,202,0.356,0.554,17.6,3.5,5.3,8.8,38.4,1.61,0.16,9.1,0,2013-2014,0
255,Courtney Lee,SG,28.0,79,24.8,51.1,17.5,0.101,112,0.869,420,0.529,194,0.382,0.574,9.6,2.3,5.6,1.5,9.7,0.83,0.36,5.3,0,2013-2014,0
256,David Lee,PF,30.0,69,33.0,68.0,24.4,0.121,296,0.78,979,0.524,1,0.0,0.566,18.2,9.3,15.5,2.1,10.9,0.7,0.38,8.6,0,2013-2014,0
257,Alex Len,C,20.0,42,8.5,17.5,14.6,0.221,31,0.645,78,0.423,0,0.0,0.469,2.0,2.4,15.7,0.1,1.6,0.1,0.43,3.7,0,2013-2014,0
258,Kawhi Leonard,SF,22.0,66,28.9,60.0,18.5,0.103,126,0.802,463,0.579,182,0.379,0.602,12.8,6.2,12.1,2.0,10.5,1.73,0.74,7.5,0,2013-2014,0
259,Meyers Leonard,C,21.0,40,8.7,17.8,14.4,0.13,21,0.762,85,0.482,6,0.0,0.489,2.5,2.8,17.2,0.5,7.5,0.18,0.13,7.0,0,2013-2014,0
260,Jon Leuer,PF,24.0,49,12.9,26.6,21.5,0.092,47,0.787,197,0.497,49,0.469,0.566,6.2,3.2,14.8,0.4,5.3,0.37,0.27,6.2,0,2013-2014,0
261,Rashard Lewis,SF,34.0,60,16.0,32.8,14.2,0.123,33,0.788,102,0.51,134,0.343,0.535,4.5,1.8,7.2,1.0,8.6,0.88,0.15,5.0,0,2013-2014,0
262,Damian Lillard,PG,23.0,82,35.6,73.6,25.1,0.115,426,0.871,749,0.447,554,0.394,0.569,20.7,3.5,5.3,5.5,25.2,0.78,0.27,8.3,1,2013-2014,0
263,Jeremy Lin,PG,25.0,71,28.7,59.3,20.5,0.184,265,0.823,433,0.492,230,0.357,0.571,12.5,2.6,5.1,4.1,22.5,0.94,0.38,7.1,0,2013-2014,0
264,Shaun Livingston,PG,28.0,76,25.8,53.1,16.2,0.155,191,0.827,481,0.486,6,0.167,0.551,8.3,3.2,7.5,3.2,20.3,1.22,0.42,6.8,0,2013-2014,0
265,Brook Lopez,C,25.0,17,31.2,62.0,27.2,0.091,115,0.817,228,0.566,1,0.0,0.629,20.7,6.0,11.5,0.9,6.1,0.53,1.76,6.2,0,2013-2014,0
266,Robin Lopez,C,25.0,82,31.5,65.1,14.1,0.101,242,0.818,643,0.552,1,0.0,0.605,11.1,8.5,14.5,0.9,4.2,0.32,1.7,5.6,0,2013-2014,0
267,Kevin Love,PF,25.0,77,36.1,74.5,29.0,0.103,633,0.821,917,0.502,505,0.376,0.591,26.1,12.5,18.9,4.5,21.7,0.77,0.45,12.6,1,2013-2014,0
268,Kyle Lowry,PG,27.0,79,36.0,74.0,23.1,0.134,385,0.813,580,0.46,500,0.38,0.567,17.9,4.7,7.6,7.4,34.9,1.53,0.19,9.5,0,2013-2014,0
269,John Lucas,PG,31.0,42,13.9,28.7,17.2,0.1,16,0.625,106,0.349,84,0.298,0.403,3.8,0.9,3.8,1.0,11.2,0.33,0.0,4.3,0,2013-2014,0
270,Shelvin Mack,PG,24.0,73,20.2,41.8,19.2,0.144,74,0.865,317,0.464,184,0.337,0.51,7.5,2.2,6.3,3.7,29.1,0.68,0.03,7.8,0,2013-2014,0
271,Ian Mahinmi,C,27.0,77,16.0,33.2,11.5,0.187,145,0.621,188,0.484,1,0.0,0.538,3.5,3.3,11.7,0.3,3.0,0.53,0.94,3.8,0,2013-2014,0
272,Shawn Marion,SF,35.0,76,31.5,65.1,15.8,0.114,65,0.785,546,0.518,162,0.358,0.537,10.4,6.5,12.0,1.6,7.6,1.18,0.49,6.1,0,2013-2014,0
273,Kendall Marshall,PG,22.0,54,28.7,59.8,16.5,0.256,36,0.528,241,0.411,178,0.399,0.494,8.0,2.9,5.3,8.8,44.7,0.89,0.07,8.2,0,2013-2014,0
274,Cartier Martin,SF,29.0,59,14.5,29.7,17.0,0.103,65,0.728,113,0.477,151,0.406,0.577,5.6,1.9,7.4,0.6,6.2,0.46,0.12,4.9,0,2013-2014,0
275,Kenyon Martin,PF,36.0,32,19.6,39.8,11.6,0.166,19,0.579,121,0.521,1,0.0,0.525,4.3,4.2,12.6,1.6,12.1,0.78,0.84,6.3,0,2013-2014,0
276,Kevin Martin,SG,30.0,68,31.8,65.6,25.1,0.083,340,0.891,725,0.448,297,0.387,0.554,19.1,3.0,5.1,1.8,9.5,0.97,0.09,5.9,0,2013-2014,0
277,Roger Mason,SG,33.0,25,10.2,20.5,14.7,0.115,7,1.0,19,0.421,47,0.362,0.536,3.0,0.9,5.4,0.8,10.8,0.24,0.04,5.1,0,2013-2014,0
278,Wesley Matthews,SG,27.0,82,33.8,69.7,19.7,0.087,301,0.837,499,0.489,511,0.393,0.588,16.4,3.5,5.6,2.4,11.1,0.93,0.17,6.1,0,2013-2014,0
279,Jason Maxiell,PF,30.0,34,14.2,28.6,12.5,0.106,31,0.484,105,0.448,0,0.0,0.459,3.2,2.5,10.1,0.3,2.8,0.24,0.59,3.8,0,2013-2014,0
280,Eric Maynor,PG,26.0,31,10.3,20.0,18.8,0.209,11,0.624,64,0.312,37,0.323,0.382,2.7,1.2,6.8,1.6,24.5,0.29,0.09,6.8,0,2013-2014,0
281,O.J. Mayo,SG,26.0,52,25.7,52.7,23.1,0.139,88,0.864,323,0.433,227,0.37,0.516,11.7,2.4,5.4,2.2,14.7,0.54,0.25,6.2,0,2013-2014,0
282,Luc Mbah a Moute,PF,27.0,64,15.5,31.5,11.5,0.154,67,0.686,176,0.471,17,0.231,0.503,3.5,2.3,8.1,0.6,4.8,0.48,0.22,4.1,0,2013-2014,0
283,Ray McCallum,PG,22.0,45,19.7,40.6,17.8,0.109,43,0.744,241,0.378,59,0.373,0.439,6.2,1.8,5.0,2.7,21.2,0.49,0.2,6.3,0,2013-2014,0
284,C.J. McCollum,SG,22.0,38,12.4,25.3,21.2,0.154,34,0.676,98,0.449,80,0.375,0.521,5.3,1.3,5.5,0.7,8.8,0.37,0.05,5.5,0,2013-2014,0
285,JaVale McGee,C,26.0,5,15.7,30.8,25.7,0.169,1,1.0,39,0.436,0,0.0,0.444,7.0,3.4,11.7,0.4,4.4,0.2,1.4,5.4,0,2013-2014,0
286,Ben McLemore,SG,20.0,82,26.5,54.8,17.0,0.115,143,0.804,382,0.419,297,0.32,0.485,8.8,2.9,6.1,1.0,5.9,0.55,0.22,4.4,0,2013-2014,0
287,Josh McRoberts,PF,26.0,78,30.1,61.9,13.5,0.121,85,0.729,275,0.516,291,0.361,0.548,8.5,4.8,9.0,4.3,22.2,0.74,0.59,7.4,0,2013-2014,0
288,Jodie Meeks,SG,26.0,77,33.0,68.7,19.2,0.099,258,0.857,488,0.514,404,0.401,0.601,15.7,2.5,4.1,1.8,8.6,1.44,0.05,5.0,0,2013-2014,0
289,Gal Mekel,PG,25.0,31,9.2,18.9,19.4,0.254,12,0.667,66,0.379,20,0.25,0.4,2.4,0.9,5.4,2.0,30.8,0.13,0.03,7.1,0,2013-2014,0
290,Khris Middleton,SF,22.0,82,29.8,61.4,19.2,0.119,137,0.861,564,0.454,290,0.414,0.541,12.1,3.8,7.3,2.1,11.8,1.01,0.23,6.2,0,2013-2014,0
291,C.J. Miles,SG,26.0,51,19.1,38.9,22.3,0.091,75,0.853,198,0.48,211,0.393,0.569,9.9,2.0,5.9,1.0,9.2,0.9,0.29,5.7,0,2013-2014,0
292,Andre Miller,SG,37.0,58,16.7,33.8,14.6,0.192,77,0.787,210,0.452,21,0.581,0.534,4.9,2.2,7.6,3.4,30.2,0.59,0.15,7.9,0,2013-2014,0
293,Darius Miller,SF,23.0,45,15.8,32.5,13.0,0.108,36,0.806,89,0.539,77,0.325,0.55,4.4,1.2,4.2,1.0,8.9,0.51,0.2,4.4,0,2013-2014,0
294,Mike Miller,SF,33.0,82,20.6,42.6,14.9,0.141,56,0.821,210,0.505,233,0.459,0.619,7.1,2.5,7.3,1.6,11.5,0.32,0.06,5.9,0,2013-2014,0
295,Quincy Miller,SF,21.0,52,15.0,31.0,17.9,0.146,55,0.709,162,0.395,94,0.319,0.459,4.9,2.8,10.2,0.5,4.9,0.42,0.62,5.1,0,2013-2014,0
296,Patrick Mills,PG,25.0,81,18.7,38.7,22.8,0.081,82,0.89,348,0.5,318,0.425,0.588,10.2,2.1,6.3,1.8,15.5,0.84,0.11,7.2,0,2013-2014,0
297,Paul Millsap,PF,28.0,74,33.3,68.9,25.9,0.132,391,0.731,835,0.487,212,0.358,0.545,17.9,8.5,14.7,3.1,16.3,1.74,1.05,9.4,0,2013-2014,0
298,Nazr Mohammed,C,36.0,80,6.8,14.1,14.9,0.21,30,0.533,126,0.429,0,0.0,0.445,1.6,2.2,18.2,0.3,5.9,0.18,0.38,6.0,0,2013-2014,0
299,Greg Monroe,PF,23.0,82,32.6,67.5,21.5,0.124,367,0.657,1014,0.497,1,0.0,0.531,15.2,9.3,15.5,2.1,10.4,1.11,0.57,8.2,0,2013-2014,0
300,E�Twaun Moore,SG,24.0,79,18.9,38.8,16.5,0.102,68,0.765,295,0.468,161,0.354,0.513,6.3,1.7,5.2,1.4,12.0,0.76,0.16,5.2,0,2013-2014,0
301,Darius Morris,PG,23.0,27,11.4,22.3,17.4,0.183,26,0.564,58,0.525,38,0.238,0.442,4.0,0.9,4.9,1.6,19.6,0.49,0.0,5.9,0,2013-2014,0
302,Marcus Morris,SF,24.0,82,21.8,45.2,20.1,0.116,159,0.761,391,0.483,260,0.381,0.552,9.7,3.9,10.0,1.1,7.7,0.88,0.22,6.4,0,2013-2014,0
303,Markieff Morris,PF,24.0,81,26.4,54.8,23.4,0.129,327,0.792,737,0.512,108,0.315,0.564,13.8,6.0,12.7,1.8,11.0,0.84,0.63,8.0,0,2013-2014,0
304,Anthony Morrow,SG,28.0,76,18.6,38.3,19.6,0.084,87,0.828,325,0.462,195,0.451,0.57,8.4,1.8,5.8,0.8,6.8,0.51,0.17,4.9,0,2013-2014,0
305,Donatas Motiejunas,PF,23.0,62,15.2,31.3,18.1,0.127,96,0.604,212,0.519,84,0.25,0.504,5.5,3.6,13.3,0.5,5.6,0.32,0.34,5.7,0,2013-2014,0
306,Arnett Moultrie,PF,23.0,12,15.4,30.2,10.8,0.148,5,0.8,38,0.421,0,0.0,0.448,3.0,2.9,10.3,0.2,1.6,0.67,0.33,3.1,0,2013-2014,0
307,Timofey Mozgov,C,27.0,82,21.4,44.4,18.9,0.156,260,0.754,521,0.539,24,0.167,0.584,9.4,6.4,16.3,0.8,5.6,0.33,1.22,6.8,0,2013-2014,0
308,Shabazz Muhammad,SG,21.0,37,7.6,15.6,23.7,0.102,40,0.65,112,0.482,12,0.25,0.505,3.9,1.4,10.2,0.2,3.5,0.22,0.03,5.4,0,2013-2014,0
309,Byron Mullens,C,24.0,45,9.0,18.2,21.5,0.144,20,0.428,76,0.524,89,0.36,0.529,4.2,2.0,11.9,0.3,5.7,0.33,0.24,5.8,0,2013-2014,0
310,Toure� Murry,SF,24.0,51,7.1,14.5,23.2,0.189,39,0.59,117,0.436,12,0.417,0.479,2.7,0.9,7.2,1.0,22.3,0.37,0.02,7.6,0,2013-2014,0
311,Mike Muscala,C,22.0,20,10.6,21.4,19.6,0.132,14,1.0,70,0.443,3,0.0,0.48,3.8,2.6,14.2,0.4,5.3,0.15,0.5,6.0,0,2013-2014,0
312,Hamady N�Diaye,C,27.0,14,5.1,10.1,7.7,0.241,1,0.0,9,0.333,0,0.0,0.318,0.4,1.3,14.3,0.2,5.9,0.0,0.29,3.7,0,2013-2014,0
313,Steve Nash,PG,39.0,15,20.6,42.7,19.1,0.229,24,0.917,70,0.4,24,0.333,0.488,6.8,1.9,5.0,5.7,40.8,0.47,0.13,8.1,0,2013-2014,0
314,Gary Neal,SG,29.0,52,21.2,42.8,24.2,0.11,105,0.887,291,0.429,180,0.379,0.53,10.5,1.7,4.7,1.6,13.2,0.34,0.0,5.8,0,2013-2014,0
315,Nemanja Nedovic,SG,22.0,24,5.7,11.6,17.8,0.234,8,0.875,21,0.238,18,0.167,0.306,1.1,0.6,6.0,0.5,12.5,0.0,0.04,4.8,0,2013-2014,0
316,Jameer Nelson,PG,31.0,68,31.9,65.4,20.2,0.173,112,0.857,356,0.444,391,0.348,0.515,12.1,3.4,6.0,7.0,35.3,0.76,0.07,8.3,0,2013-2014,0
317,Andrew Nicholson,PF,24.0,76,15.2,31.3,19.5,0.103,57,0.825,331,0.459,89,0.315,0.489,5.7,3.4,12.5,0.3,3.6,0.24,0.3,4.7,0,2013-2014,0
318,Joakim Noah,C,28.0,80,35.0,72.1,18.8,0.17,335,0.737,798,0.476,2,0.0,0.531,12.6,11.3,18.3,5.4,26.6,1.24,1.54,10.5,1,2013-2014,0
319,Steve Novak,PF,30.0,54,9.8,20.0,13.2,0.033,6,1.0,24,0.333,122,0.426,0.599,3.3,1.1,6.4,0.2,3.9,0.22,0.07,3.7,0,2013-2014,0
320,Dirk Nowitzki,PF,35.0,80,32.7,67.5,27.0,0.076,376,0.899,943,0.531,329,0.398,0.603,21.7,6.2,11.0,2.7,14.3,0.91,0.56,8.7,0,2013-2014,0
321,James Nunnally,SF,23.0,13,12.5,23.7,15.1,0.114,9,0.646,21,0.329,25,0.323,0.438,3.4,1.4,6.4,0.6,7.2,0.46,0.15,4.6,0,2013-2014,0
322,Jermaine O�Neal,PF,35.0,44,19.9,40.8,18.0,0.145,132,0.75,248,0.504,0,0.0,0.57,7.9,5.5,15.1,0.6,4.3,0.32,0.93,6.0,0,2013-2014,0
323,Kyle O�Quinn,C,23.0,69,17.0,34.8,18.9,0.161,83,0.687,368,0.505,3,0.0,0.526,6.2,5.3,17.6,1.1,11.1,0.57,1.28,7.8,0,2013-2014,0
324,Greg Oden,C,26.0,23,9.0,18.2,16.4,0.169,23,0.565,49,0.551,0,0.0,0.567,2.9,2.3,16.3,0.0,0.7,0.3,0.57,0.0,0,2013-2014,0
325,Victor Oladipo,PG,21.0,80,30.9,63.5,24.6,0.192,318,0.78,710,0.448,226,0.327,0.514,13.8,4.1,7.5,4.1,22.1,1.61,0.46,8.0,0,2013-2014,0
326,Kelly Olynyk,C,22.0,70,19.8,41.1,21.1,0.16,122,0.811,388,0.5,113,0.354,0.547,8.7,5.2,14.9,1.6,13.3,0.5,0.39,8.4,0,2013-2014,0
327,Arinze Onuaku,PF,26.0,3,8.3,13.9,10.7,0.17,2,0.5,4,0.25,0,0.0,0.307,1.0,2.3,16.4,1.0,16.3,0.0,0.0,6.4,0,2013-2014,0
328,Daniel Orton,C,23.0,22,11.2,22.6,13.5,0.23,30,0.767,47,0.447,0,0.0,0.54,3.0,2.8,13.4,0.7,8.7,0.27,0.73,6.4,0,2013-2014,0
329,Travis Outlaw,SF,29.0,63,16.7,34.5,15.7,0.069,52,0.808,209,0.426,117,0.35,0.492,5.4,2.7,9.0,0.8,7.1,0.32,0.3,5.4,0,2013-2014,0
330,Zaza Pachulia,C,29.0,53,24.8,50.8,17.2,0.185,130,0.846,348,0.428,1,0.0,0.502,7.7,6.3,14.5,2.6,16.5,0.85,0.26,8.1,0,2013-2014,0
331,Jannero Pargo,PG,34.0,29,8.1,16.4,29.2,0.175,11,0.727,58,0.483,60,0.4,0.554,4.7,0.7,4.8,1.8,42.0,0.48,0.03,8.9,0,2013-2014,0
332,Tony Parker,PG,31.0,68,29.2,60.5,26.7,0.129,243,0.811,847,0.509,67,0.373,0.555,16.7,2.3,4.4,5.7,32.1,0.53,0.13,8.3,1,2013-2014,0
333,Chandler Parsons,SF,25.0,74,37.4,77.2,19.5,0.117,221,0.742,636,0.528,351,0.37,0.565,16.6,5.5,8.2,4.0,17.4,1.19,0.39,7.6,0,2013-2014,0
334,Patrick Patterson,PF,24.0,65,23.4,47.4,17.4,0.111,71,0.697,338,0.503,151,0.364,0.532,8.5,5.3,13.0,1.2,8.6,0.85,0.57,6.5,0,2013-2014,0
335,Chris Paul,PG,28.0,62,34.8,72.2,23.9,0.124,345,0.855,658,0.498,212,0.368,0.58,19.1,4.3,6.9,10.7,49.2,2.48,0.06,11.0,1,2013-2014,0
336,Nikola Pekovic,C,28.0,54,30.6,62.9,23.0,0.094,249,0.747,701,0.541,0,0.0,0.582,17.5,8.7,15.4,0.9,5.2,0.56,0.43,6.7,0,2013-2014,0
337,Kendrick Perkins,C,29.0,62,19.3,39.8,11.7,0.289,67,0.552,192,0.453,2,0.0,0.472,3.4,4.9,14.4,1.1,7.7,0.42,0.52,5.5,0,2013-2014,0
338,Paul Pierce,SF,36.0,75,27.8,57.2,22.6,0.153,310,0.826,412,0.507,300,0.373,0.595,13.5,4.6,10.0,2.4,14.7,1.15,0.41,7.6,0,2013-2014,0
339,Mason Plumlee,PF,23.0,70,18.0,37.1,17.3,0.166,195,0.626,299,0.666,3,0.0,0.67,7.4,4.4,14.6,0.9,8.2,0.7,0.79,6.9,0,2013-2014,0
340,Miles Plumlee,C,25.0,80,24.3,50.5,16.3,0.154,132,0.561,553,0.517,0,0.0,0.529,8.1,7.8,18.1,0.5,3.4,0.63,1.13,5.2,0,2013-2014,0
341,Quincy Pondexter,SG,25.0,15,17.8,35.9,18.2,0.142,26,0.808,45,0.444,34,0.324,0.52,6.3,1.7,5.8,1.4,11.7,0.33,0.07,5.5,0,2013-2014,0
342,Otto Porter,SF,20.0,37,8.4,16.8,16.0,0.127,12,0.667,70,0.414,21,0.19,0.405,2.1,1.5,10.6,0.3,4.7,0.22,0.03,4.7,0,2013-2014,0
343,Josh Powell,F,31.0,1,19.2,24.6,16.0,0.143,0,0.0,6,0.333,0,0.0,0.333,4.0,5.0,14.5,0.0,0.0,0.0,1.0,0.0,0,2013-2014,0
344,Phil Pressey,PG,22.0,75,14.9,31.0,14.3,0.242,45,0.644,147,0.34,106,0.264,0.39,2.8,1.4,5.3,3.2,31.1,0.91,0.07,6.2,0,2013-2014,0
345,Ronnie Price,SG,30.0,31,12.0,24.0,15.2,0.21,13,0.692,49,0.388,43,0.209,0.379,2.4,1.4,6.6,2.1,26.1,0.81,0.06,6.4,0,2013-2014,0
346,Pablo Prigioni,PG,36.0,66,19.2,39.6,9.4,0.234,12,0.917,51,0.451,140,0.464,0.642,3.8,2.0,6.0,3.5,25.9,1.02,0.03,6.2,0,2013-2014,0
347,Tayshaun Prince,SF,33.0,76,25.4,52.6,13.4,0.073,60,0.567,423,0.426,69,0.29,0.438,6.0,3.1,7.2,1.6,9.0,0.51,0.25,4.9,0,2013-2014,0
348,Miroslav Raduljica,C,26.0,48,9.5,19.5,17.7,0.157,55,0.818,126,0.54,0,0.0,0.603,3.8,2.3,13.6,0.5,8.5,0.15,0.27,6.9,0,2013-2014,0
349,Anthony Randolph,PF,24.0,43,12.1,24.9,20.0,0.16,69,0.754,114,0.439,61,0.295,0.502,4.8,2.8,12.6,0.7,9.3,0.6,0.44,7.0,0,2013-2014,0
350,Shavlik Randolph,PF,30.0,14,6.6,13.4,11.4,0.21,11,0.545,14,0.5,0,0.0,0.531,1.4,1.8,15.2,0.1,1.5,0.21,0.07,3.8,0,2013-2014,0
351,Zach Randolph,PF,32.0,79,34.0,70.5,26.3,0.12,337,0.742,1178,0.474,20,0.1,0.51,17.4,10.1,17.5,2.5,12.8,0.68,0.29,8.9,0,2013-2014,0
352,J.J. Redick,SG,29.0,35,28.0,57.8,21.9,0.086,106,0.915,213,0.507,185,0.395,0.598,15.2,2.1,4.2,2.3,13.0,0.8,0.09,6.0,0,2013-2014,0
353,Glen Rice,SG,23.0,11,9.7,17.6,20.8,0.183,7,0.714,20,0.3,17,0.294,0.399,2.9,1.8,10.9,0.6,9.6,0.55,0.09,6.0,0,2013-2014,0
354,Luke Ridnour,PG,32.0,61,18.5,37.5,16.3,0.162,26,0.638,219,0.411,108,0.34,0.452,5.0,1.6,4.9,2.9,24.5,0.53,0.13,6.1,0,2013-2014,0
355,Austin Rivers,SG,21.0,69,19.2,39.6,21.5,0.123,173,0.636,375,0.416,99,0.364,0.482,7.7,1.9,5.7,2.3,19.0,0.65,0.13,6.7,0,2013-2014,0
356,Andre Roberson,PF,22.0,40,9.8,20.2,10.3,0.208,10,0.7,55,0.564,13,0.154,0.518,1.9,2.4,13.5,0.4,5.3,0.48,0.25,5.0,0,2013-2014,0
357,Brian Roberts,PG,28.0,72,22.9,47.3,20.2,0.13,133,0.94,402,0.448,178,0.36,0.53,9.4,1.9,4.8,3.3,22.5,0.6,0.1,6.8,0,2013-2014,0
358,Nate Robinson,PG,29.0,44,19.7,40.7,23.5,0.121,85,0.835,229,0.463,154,0.377,0.544,10.4,1.8,5.0,2.5,21.3,0.82,0.09,7.3,0,2013-2014,0
359,Thomas Robinson,PF,22.0,70,12.3,25.3,20.1,0.144,101,0.564,293,0.481,1,0.0,0.501,4.8,4.4,19.3,0.5,6.2,0.33,0.29,7.1,0,2013-2014,0
360,Rajon Rondo,PG,27.0,30,33.1,68.5,21.4,0.209,67,0.627,260,0.442,90,0.289,0.461,11.7,5.5,9.4,9.8,48.0,1.33,0.07,10.4,0,2013-2014,0
361,Derrick Rose,PG,25.0,10,31.0,58.4,31.6,0.16,32,0.844,117,0.359,47,0.34,0.446,15.9,3.2,5.9,4.3,26.4,0.5,0.1,7.8,0,2013-2014,0
362,Terrence Ross,SG,22.0,81,26.5,54.4,18.7,0.1,98,0.837,343,0.458,408,0.395,0.553,10.9,3.1,6.9,1.0,6.1,0.79,0.33,4.9,0,2013-2014,0
363,Ricky Rubio,PG,23.0,82,32.0,66.0,16.5,0.218,283,0.802,537,0.393,133,0.331,0.491,9.5,4.2,7.1,8.6,38.0,2.32,0.13,8.8,0,2013-2014,0
364,Brandon Rush,SG,28.0,38,10.8,22.2,12.5,0.178,5,0.6,43,0.326,47,0.34,0.428,2.1,1.2,6.2,0.6,8.7,0.13,0.24,4.3,0,2013-2014,0
365,Robert Sacre,C,24.0,65,16.5,34.4,15.7,0.114,94,0.681,300,0.477,0,0.0,0.513,5.4,3.9,12.6,0.8,7.2,0.37,0.72,6.2,0,2013-2014,0
366,John Salmons,SG,34.0,78,21.9,44.7,12.8,0.11,52,0.795,250,0.349,163,0.386,0.464,5.2,2.1,5.5,1.9,12.8,0.6,0.24,5.0,0,2013-2014,0
367,Larry Sanders,C,25.0,23,25.2,50.7,16.6,0.123,55,0.473,161,0.472,1,0.0,0.478,7.7,7.2,16.3,0.8,5.4,0.78,1.74,5.6,0,2013-2014,0
368,Dennis Schroeder,PG,20.0,49,12.9,26.6,19.2,0.228,43,0.674,146,0.425,42,0.238,0.442,3.7,1.2,5.5,1.9,22.3,0.35,0.0,6.3,0,2013-2014,0
369,Luis Scola,PF,33.0,82,16.9,34.9,24.1,0.149,136,0.728,552,0.473,7,0.143,0.504,7.6,4.8,15.9,1.0,10.5,0.32,0.2,7.8,0,2013-2014,0
370,Mike Scott,PF,25.0,80,18.3,37.8,23.7,0.103,132,0.78,428,0.558,200,0.31,0.559,9.6,3.6,11.2,0.9,9.0,0.38,0.09,6.9,0,2013-2014,0
371,Thabo Sefolosha,SG,29.0,61,25.8,53.2,12.0,0.129,69,0.768,188,0.495,152,0.316,0.517,6.3,3.6,7.9,1.6,8.4,1.3,0.28,5.1,0,2013-2014,0
372,Kevin Seraphin,C,24.0,53,10.7,21.7,21.9,0.149,31,0.871,220,0.505,0,0.0,0.533,4.7,2.4,13.1,0.3,5.0,0.06,0.49,5.6,0,2013-2014,0
373,Ramon Sessions,PG,27.0,83,26.5,54.0,23.0,0.136,404,0.802,645,0.456,124,0.267,0.535,12.3,2.4,5.2,4.1,26.1,0.59,0.11,7.5,0,2013-2014,0
374,Tornike Shengelia,SF,22.0,17,7.9,15.7,13.5,0.286,8,0.375,18,0.611,6,0.0,0.454,1.5,0.8,6.3,0.7,13.7,0.12,0.0,4.8,0,2013-2014,0
375,Iman Shumpert,SG,23.0,74,26.3,54.3,14.2,0.133,71,0.746,256,0.418,228,0.333,0.48,6.7,4.2,9.3,1.7,9.9,1.24,0.18,5.5,0,2013-2014,0
376,Alexey Shved,SG,25.0,63,10.4,21.3,21.2,0.148,90,0.756,135,0.341,102,0.294,0.452,4.0,1.3,6.8,1.1,15.2,0.41,0.25,6.9,0,2013-2014,0
377,Henry Sims,C,23.0,46,18.8,38.0,17.6,0.119,121,0.681,273,0.451,1,0.0,0.5,7.6,5.2,16.2,1.1,8.1,0.61,0.43,7.0,0,2013-2014,0
378,Kyle Singler,SF,25.0,82,28.3,58.7,14.0,0.104,184,0.826,356,0.492,246,0.382,0.574,9.6,3.7,7.1,0.9,4.7,0.74,0.46,4.5,0,2013-2014,0
379,Chris Singleton,SF,24.0,25,9.8,19.2,17.3,0.181,25,0.72,47,0.383,19,0.368,0.487,3.0,2.2,13.0,0.2,3.5,0.36,0.12,4.5,0,2013-2014,0
380,Peyton Siva,SG,23.0,24,9.1,18.7,15.9,0.221,15,0.733,32,0.344,25,0.28,0.425,2.3,0.6,3.5,1.4,21.5,0.38,0.04,5.5,0,2013-2014,0
381,Donald Sloan,SG,26.0,48,8.0,16.5,17.7,0.149,20,0.6,75,0.453,42,0.238,0.437,2.3,0.9,6.5,1.0,20.7,0.21,0.02,6.4,0,2013-2014,0
382,Greg Smith,C,23.0,11,9.0,17.7,15.7,0.142,5,0.4,28,0.643,0,0.0,0.629,3.5,2.5,15.2,0.0,0.0,0.09,0.18,0.0,0,2013-2014,0
383,Ishmael Smith,PG,25.0,70,14.2,29.4,16.1,0.179,39,0.564,257,0.459,24,0.042,0.438,3.7,1.8,7.3,2.6,26.4,0.7,0.19,7.3,0,2013-2014,0
384,J.R. Smith,SF,28.0,74,32.5,67.1,21.7,0.096,138,0.652,475,0.436,480,0.394,0.527,14.5,4.0,7.2,3.0,15.2,0.88,0.27,6.9,0,2013-2014,0
385,Jason Smith,PF,27.0,31,26.6,54.1,18.3,0.084,50,0.78,282,0.465,0,0.0,0.495,9.7,5.8,12.8,0.9,5.7,0.35,0.94,5.6,0,2013-2014,0
386,Josh Smith,SF,28.0,77,35.3,73.1,24.7,0.127,300,0.533,968,0.462,265,0.264,0.463,16.4,6.8,10.5,3.3,15.1,1.35,1.43,8.1,0,2013-2014,0
387,Tony Snell,SG,22.0,77,15.8,32.5,15.1,0.111,41,0.756,158,0.456,178,0.32,0.489,4.5,1.6,5.8,0.9,9.2,0.38,0.19,4.7,0,2013-2014,0
388,James Southerland,F,23.0,3,8.9,14.9,23.6,0.072,2,0.5,7,0.286,5,0.6,0.543,4.7,2.7,17.4,0.0,0.0,0.33,0.67,0.0,0,2013-2014,0
389,Marreese Speights,C,26.0,79,12.2,25.3,25.8,0.116,134,0.821,411,0.455,31,0.258,0.507,6.4,3.7,16.4,0.4,5.4,0.14,0.42,6.9,0,2013-2014,0
390,Tiago Splitter,C,29.0,59,21.4,44.3,17.8,0.153,173,0.699,343,0.528,3,0.0,0.572,8.2,6.2,16.2,1.5,10.2,0.49,0.53,7.9,0,2013-2014,0
391,Lance Stephenson,SG,23.0,78,35.1,72.7,19.5,0.18,197,0.711,626,0.545,244,0.352,0.564,13.8,7.2,11.4,4.6,22.2,0.69,0.09,8.8,0,2013-2014,0
392,Greg Stiemsma,C,28.0,55,18.1,37.2,8.2,0.244,32,0.594,121,0.579,1,0.0,0.584,2.9,4.1,13.2,0.7,5.1,0.64,1.04,4.5,0,2013-2014,0
393,Julyan Stone,SG,25.0,21,5.6,11.0,9.1,0.214,3,0.667,9,0.556,8,0.25,0.491,0.9,1.0,10.0,0.6,14.9,0.14,0.0,5.8,0,2013-2014,0
394,Amare Stoudemire,C,31.0,65,22.4,46.1,23.6,0.123,203,0.739,558,0.557,0,0.0,0.596,11.9,4.9,13.0,0.5,4.3,0.35,0.57,5.5,0,2013-2014,0
395,Rodney Stuckey,SG,27.0,73,26.6,55.0,24.4,0.113,292,0.836,765,0.455,88,0.273,0.516,13.9,2.3,4.8,2.1,12.8,0.74,0.14,6.1,0,2013-2014,0
396,Jared Sullinger,PF,21.0,74,27.4,56.9,24.2,0.107,203,0.778,691,0.475,208,0.269,0.497,13.3,8.1,16.8,1.6,10.2,0.47,0.66,8.1,0,2013-2014,0
397,Jeffery Taylor,SF,24.0,26,24.0,48.3,19.5,0.095,47,0.553,151,0.424,67,0.269,0.436,8.0,2.3,5.4,0.8,5.7,0.5,0.19,4.1,0,2013-2014,0
398,Tyshawn Taylor,PG,23.0,23,11.6,23.3,23.9,0.229,30,0.8,79,0.354,12,0.25,0.427,3.9,0.7,3.4,1.6,21.8,0.52,0.04,5.6,0,2013-2014,0
399,Jeff Teague,PG,25.0,79,32.0,66.1,25.9,0.161,376,0.846,815,0.469,225,0.329,0.541,16.5,2.6,4.8,6.7,35.2,1.13,0.22,8.2,0,2013-2014,0
400,Marquis Teague,SG,20.0,41,10.7,21.2,18.7,0.227,35,0.74,101,0.338,18,0.29,0.409,2.7,1.0,5.5,1.4,21.3,0.24,0.12,5.9,0,2013-2014,0
401,Mirza Teletovic,SF,28.0,72,19.2,39.5,20.8,0.088,62,0.71,180,0.472,349,0.39,0.559,8.6,3.7,11.5,0.8,7.1,0.4,0.32,6.1,0,2013-2014,0
402,Garrett Temple,SG,27.0,75,8.3,17.0,14.6,0.208,43,0.698,112,0.402,29,0.207,0.431,1.8,0.9,6.3,1.0,16.2,0.47,0.15,5.7,0,2013-2014,0
403,Jason Terry,PG,36.0,35,16.1,32.8,15.5,0.145,15,0.667,49,0.327,103,0.379,0.501,4.5,1.1,3.9,1.6,15.5,0.37,0.0,5.0,0,2013-2014,0
404,Hasheem Thabeet,C,26.0,23,8.2,16.6,9.2,0.357,5,0.2,23,0.565,0,0.0,0.536,1.2,1.7,12.0,0.0,0.7,0.17,0.39,0.0,0,2013-2014,0
405,Adonis Thomas,F,20.0,6,6.1,9.6,18.9,0.056,1,0.667,9,0.556,5,0.167,0.481,2.4,0.5,4.8,0.5,13.9,0.0,0.0,4.1,0,2013-2014,0
406,Isaiah Thomas,PG,24.0,72,34.5,71.2,26.4,0.143,407,0.85,732,0.504,364,0.349,0.574,20.3,2.9,4.8,6.3,32.5,1.29,0.11,8.3,0,2013-2014,0
407,Lance Thomas,SF,25.0,5,8.3,15.0,14.0,0.157,4,0.5,9,0.222,0,0.0,0.279,1.2,1.4,9.8,0.6,9.9,0.0,0.0,4.8,0,2013-2014,0
408,Malcolm Thomas,PF,25.0,8,7.7,14.4,19.4,0.371,2,0.0,12,0.578,4,0.219,0.5,1.9,2.6,17.4,0.3,6.0,0.0,0.37,5.2,0,2013-2014,0
409,Hollis Thompson,SF,22.0,77,22.4,46.3,11.4,0.129,73,0.712,205,0.507,167,0.401,0.57,6.0,3.2,7.7,0.9,6.2,0.69,0.16,4.6,0,2013-2014,0
410,Jason Thompson,PF,27.0,82,24.3,50.2,14.5,0.145,145,0.579,496,0.506,0,0.0,0.523,7.1,6.4,15.0,0.6,4.1,0.39,0.68,5.0,0,2013-2014,0
411,Klay Thompson,SG,23.0,81,35.2,72.8,22.8,0.092,185,0.795,724,0.464,535,0.417,0.555,18.4,3.1,4.8,2.2,10.2,0.93,0.46,5.7,0,2013-2014,0
412,Tristan Thompson,PF,22.0,82,31.4,64.6,17.6,0.106,339,0.693,760,0.478,1,0.0,0.528,11.7,9.2,16.4,0.9,4.5,0.51,0.43,5.9,0,2013-2014,0
413,Marcus Thornton,SG,26.0,72,24.0,49.0,19.9,0.089,112,0.805,323,0.442,316,0.34,0.507,9.7,2.7,6.6,1.1,7.4,0.8,0.15,5.1,0,2013-2014,0
414,Jamaal Tinsley,PG,35.0,8,13.6,27.0,12.2,0.31,0,0.0,5,0.6,15,0.067,0.225,1.1,1.4,5.8,2.9,29.8,0.25,0.0,4.8,0,2013-2014,0
415,Anthony Tolliver,PF,28.0,64,20.1,41.3,12.5,0.066,41,0.805,60,0.45,247,0.413,0.605,6.1,2.6,7.4,0.7,5.0,0.3,0.23,4.4,0,2013-2014,0
416,P.J. Tucker,SF,28.0,81,30.6,63.4,14.3,0.127,201,0.776,424,0.45,191,0.387,0.54,9.4,6.5,12.0,1.7,8.1,1.36,0.28,6.1,0,2013-2014,0
417,Ronny Turiaf,PF,31.0,31,19.3,39.4,10.9,0.157,50,0.42,107,0.598,0,0.0,0.578,4.8,5.6,15.8,0.7,5.5,0.26,1.61,5.5,0,2013-2014,0
418,Hedo Turkoglu,SF,34.0,38,10.1,20.9,15.3,0.12,18,0.5,59,0.339,50,0.44,0.492,3.0,2.3,12.9,0.9,12.2,0.5,0.26,7.3,0,2013-2014,0
419,Evan Turner,SF,25.0,81,30.1,61.9,22.8,0.143,262,0.788,866,0.437,156,0.359,0.493,14.0,5.1,9.0,3.2,18.0,0.83,0.08,8.0,0,2013-2014,0
420,Jeremy Tyler,C,22.0,41,9.5,19.5,19.4,0.159,48,0.542,116,0.517,0,0.0,0.532,3.6,2.7,16.4,0.2,3.4,0.15,0.49,5.3,0,2013-2014,0
421,Ekpe Udoh,PF,26.0,42,18.9,38.7,11.5,0.188,47,0.638,143,0.399,0,0.0,0.44,3.4,3.5,10.7,0.7,5.8,0.36,1.05,4.3,0,2013-2014,0
422,Beno Udrih,SG,31.0,41,15.4,31.4,18.3,0.197,30,0.833,136,0.443,42,0.565,0.543,4.9,1.4,4.9,2.8,26.7,0.56,0.1,6.6,0,2013-2014,0
423,Jonas Valanciunas,C,21.0,81,28.0,57.4,18.6,0.147,260,0.762,675,0.532,1,0.0,0.579,11.3,8.8,18.3,0.7,4.3,0.3,0.88,5.9,0,2013-2014,0
424,Anderson Varejao,C,31.0,65,27.5,56.4,14.7,0.122,135,0.681,452,0.502,7,0.0,0.527,8.4,9.7,19.7,2.2,12.3,1.06,0.6,8.2,0,2013-2014,0
425,Jarvis Varnado,PF,25.0,23,14.4,29.1,11.9,0.108,52,0.519,60,0.6,0,0.0,0.597,4.3,2.7,10.3,0.6,5.8,0.43,1.26,5.3,0,2013-2014,0
426,Greivis Vasquez,SG,27.0,79,22.3,45.4,21.5,0.153,108,0.874,369,0.453,289,0.373,0.537,9.6,2.2,5.7,4.1,30.6,0.39,0.07,7.9,0,2013-2014,0
427,Jan Vesely,PF,23.0,54,14.2,28.5,13.4,0.157,56,0.328,173,0.516,0,0.0,0.498,3.7,3.5,14.0,0.4,4.2,0.98,0.65,4.7,0,2013-2014,0
428,Charlie Villanueva,PF,29.0,20,8.8,18.0,25.5,0.067,14,0.571,36,0.583,56,0.25,0.469,4.6,1.7,10.5,0.3,5.6,0.2,0.25,6.0,0,2013-2014,0
429,Nikola Vucevic,C,23.0,57,31.6,64.5,22.0,0.129,137,0.766,696,0.507,0,0.0,0.536,14.2,11.0,19.7,1.8,10.3,1.05,0.82,8.3,0,2013-2014,0
430,Sasha Vujacic,SG,29.0,2,5.1,9.2,34.5,0.375,0,0.0,3,0.333,2,0.5,0.5,2.5,1.5,16.3,0.0,0.0,0.5,0.0,0.0,0,2013-2014,0
431,Dwyane Wade,SG,32.0,54,32.7,67.1,28.0,0.156,258,0.733,728,0.558,32,0.281,0.588,19.0,4.5,8.6,4.7,25.8,1.46,0.54,9.0,0,2013-2014,0
432,Dion Waiters,SG,22.0,70,29.4,60.4,27.1,0.123,235,0.685,743,0.455,249,0.369,0.508,15.9,2.8,5.3,3.0,18.5,0.9,0.24,7.0,0,2013-2014,0
433,Kemba Walker,PG,23.0,73,35.6,73.2,26.0,0.116,337,0.837,816,0.417,327,0.333,0.499,17.7,4.2,6.6,6.1,29.9,1.18,0.44,8.6,0,2013-2014,0
434,John Wall,PG,23.0,82,36.1,73.9,27.5,0.163,394,0.805,1029,0.458,308,0.351,0.524,19.3,4.1,6.5,8.8,40.7,1.82,0.48,9.8,0,2013-2014,0
435,Gerald Wallace,SF,31.0,58,24.2,50.3,11.7,0.261,101,0.465,166,0.584,64,0.297,0.543,5.1,3.7,8.6,2.5,15.1,1.26,0.24,6.0,0,2013-2014,0
436,Casper Ware,PG,24.0,9,12.7,24.4,18.5,0.101,6,0.833,21,0.524,21,0.333,0.538,5.3,1.0,4.3,1.1,14.1,0.89,0.0,5.7,0,2013-2014,0
437,C.J. Watson,PG,29.0,63,18.7,38.8,16.8,0.136,88,0.784,190,0.489,145,0.366,0.554,6.6,1.6,4.8,1.7,14.6,0.95,0.13,5.6,0,2013-2014,0
438,Earl Watson,PG,34.0,24,6.5,13.1,8.3,0.571,4,1.0,4,0.25,7,0.286,0.47,0.5,0.6,5.2,1.2,22.8,0.21,0.04,4.4,0,2013-2014,0
439,Martell Webster,SF,27.0,78,27.5,56.1,14.8,0.083,125,0.84,215,0.502,372,0.392,0.591,9.7,2.9,6.0,1.2,6.7,0.53,0.19,4.7,0,2013-2014,0
440,David West,PF,33.0,80,30.7,63.7,22.0,0.112,251,0.789,924,0.491,15,0.267,0.533,14.0,6.8,12.4,2.8,16.2,0.76,0.93,8.4,0,2013-2014,0
441,Russell Westbrook,PG,25.0,46,30.5,62.8,34.7,0.161,293,0.826,578,0.483,214,0.318,0.545,21.8,5.7,10.6,6.9,40.7,1.91,0.15,12.5,0,2013-2014,0
442,D.J. White,PF,27.0,2,5.1,7.2,4.6,0.0,0,0.0,1,0.0,0,0.0,0.0,0.0,1.0,11.2,0.0,0.0,0.5,0.0,0.0,0,2013-2014,0
443,Deron Williams,PG,29.0,64,32.0,65.8,21.9,0.15,216,0.801,448,0.5,268,0.366,0.564,14.3,2.6,4.9,6.1,33.1,1.45,0.2,7.6,0,2013-2014,0
444,Derrick Williams,SF,22.0,78,23.2,47.6,16.4,0.112,259,0.732,382,0.47,99,0.264,0.521,8.0,4.1,10.0,0.7,4.5,0.62,0.26,4.7,0,2013-2014,0
445,Elliot Williams,SG,24.0,67,17.1,35.2,16.9,0.149,119,0.731,212,0.486,125,0.296,0.519,6.0,1.9,6.1,1.1,9.5,0.52,0.04,5.4,0,2013-2014,0
446,Louis Williams,PG,27.0,60,23.9,49.2,21.1,0.139,179,0.849,262,0.45,231,0.342,0.547,10.4,2.1,5.0,3.5,23.1,0.75,0.07,7.1,0,2013-2014,0
447,Marvin Williams,PF,27.0,66,25.1,52.0,16.9,0.087,73,0.781,292,0.503,234,0.359,0.54,9.1,5.1,11.6,1.2,7.7,0.82,0.47,6.1,0,2013-2014,0
448,A.J. Price,PG,28.0,26,12.4,25.9,21.6,0.082,24,0.539,80,0.432,57,0.148,0.376,5.1,1.2,6.5,1.8,22.7,0.27,0.0,6.8,0,2014-2015,0
449,Aaron Brooks,PG,30.0,82,23.0,47.9,25.4,0.149,174,0.833,504,0.442,313,0.387,0.534,11.6,2.0,4.8,3.2,24.2,0.66,0.18,7.3,0,2014-2015,0
450,Aaron Gordon,PF,19.0,47,17.0,35.3,15.8,0.139,61,0.721,160,0.5,48,0.271,0.517,5.2,3.6,12.0,0.7,6.3,0.45,0.47,5.5,0,2014-2015,0
451,Adreian Payne,PF,23.0,32,23.1,48.2,17.3,0.144,46,0.644,211,0.42,9,0.113,0.436,6.7,5.0,12.4,0.9,6.0,0.59,0.28,5.0,0,2014-2015,0
452,Al Horford,C,28.0,76,30.5,63.5,22.6,0.089,141,0.759,929,0.547,36,0.306,0.563,15.2,7.2,13.4,3.2,18.6,0.89,1.28,9.2,0,2014-2015,0
453,Al Jefferson,C,30.0,65,30.6,63.8,26.7,0.059,165,0.655,1005,0.482,5,0.4,0.5,16.6,8.4,15.2,1.7,11.6,0.72,1.29,8.1,0,2014-2015,1
454,Alan Anderson,SG,32.0,74,23.6,49.1,14.4,0.11,101,0.812,229,0.528,210,0.348,0.562,7.3,2.8,6.6,1.1,7.3,0.76,0.07,4.8,0,2014-2015,0
455,Alec Burks,SG,23.0,27,33.3,69.4,21.2,0.127,129,0.822,232,0.409,68,0.382,0.524,13.9,4.2,7.3,3.0,15.2,0.63,0.19,6.7,0,2014-2015,0
456,Alex Len,C,21.0,69,22.0,45.8,13.9,0.157,104,0.702,350,0.509,3,0.333,0.542,6.3,6.6,16.4,0.5,3.1,0.49,1.52,5.0,0,2014-2015,0
457,Alexey Shved,SG,26.0,42,18.3,38.1,26.5,0.113,150,0.813,196,0.426,139,0.333,0.535,10.3,2.4,6.3,2.5,23.7,0.71,0.14,7.7,0,2014-2015,0
458,Alexis Ajinca,C,26.0,68,14.1,29.3,21.5,0.156,99,0.818,329,0.55,0,0.0,0.595,6.5,4.6,18.7,0.7,8.2,0.31,0.75,7.8,0,2014-2015,0
459,Al-Farouq Aminu,SF,24.0,74,18.5,38.4,15.4,0.119,118,0.712,233,0.485,124,0.274,0.504,5.6,4.6,13.7,0.8,6.1,0.95,0.84,5.9,0,2014-2015,0
460,Allen Crabbe,SG,22.0,51,13.4,27.9,11.6,0.086,16,0.75,68,0.485,85,0.353,0.525,3.3,1.4,5.7,0.8,8.1,0.37,0.29,4.6,0,2014-2015,0
461,Alonzo Gee,SF,27.0,54,12.2,25.5,17.0,0.13,77,0.672,151,0.49,35,0.377,0.545,4.5,1.7,7.7,0.5,5.8,0.65,0.13,5.1,0,2014-2015,0
462,Amare Stoudemire,PF,32.0,59,21.1,43.9,24.4,0.116,186,0.716,486,0.563,4,0.0,0.595,11.5,5.6,14.7,0.7,6.5,0.49,0.64,6.5,0,2014-2015,0
463,Amir Johnson,PF,27.0,75,26.4,55.0,15.9,0.16,129,0.612,473,0.59,46,0.413,0.603,9.3,6.1,13.3,1.6,9.4,0.59,0.79,6.8,0,2014-2015,0
464,Anderson Varejao,C,32.0,26,24.4,50.9,18.4,0.137,45,0.733,198,0.561,2,0.0,0.58,9.8,6.5,15.3,1.3,9.1,0.73,0.62,7.1,0,2014-2015,0
465,Andre Dawkins,SG,23.0,4,5.4,11.3,15.4,0.143,0,0.0,0,0.0,6,0.167,0.25,0.8,0.5,5.5,0.3,6.7,0.0,0.0,3.7,0,2014-2015,0
466,Andre Drummond,C,21.0,82,30.5,63.6,22.3,0.097,365,0.389,960,0.515,2,0.0,0.503,13.8,13.5,24.0,0.7,3.9,0.89,1.87,6.7,0,2014-2015,0
467,Andre Iguodala,SG,31.0,77,26.9,56.0,13.5,0.139,114,0.596,284,0.553,212,0.349,0.553,7.8,3.3,6.7,2.9,14.6,1.16,0.32,6.3,0,2014-2015,0
468,Andre Miller,PG,38.0,81,15.5,32.2,15.4,0.237,77,0.744,256,0.545,34,0.164,0.555,4.4,1.9,6.9,3.5,34.4,0.39,0.07,7.9,0,2014-2015,0
469,Andre Roberson,SG,23.0,67,19.2,40.0,9.1,0.172,48,0.479,116,0.612,85,0.247,0.513,3.4,3.8,10.6,1.0,7.4,0.79,0.43,4.9,0,2014-2015,0
470,Andrea Bargnani,C,29.0,29,27.1,56.4,26.8,0.093,107,0.813,320,0.466,41,0.366,0.527,14.8,4.4,9.3,1.6,11.3,0.07,0.93,6.9,0,2014-2015,0
471,Andrei Kirilenko,SF,33.0,7,5.2,10.8,9.9,0.129,4,0.75,5,0.0,0,0.0,0.222,0.4,1.1,12.3,0.1,3.6,0.14,0.0,2.7,0,2014-2015,0
472,Andrew Bogut,C,30.0,67,23.6,49.2,13.4,0.221,42,0.524,355,0.563,0,0.0,0.565,6.3,8.1,18.5,2.7,15.4,0.58,1.69,8.8,0,2014-2015,0
473,Andrew Nicholson,PF,25.0,40,12.3,25.6,21.1,0.107,25,0.6,149,0.47,41,0.317,0.483,4.9,2.1,9.4,0.6,7.3,0.15,0.3,6.0,0,2014-2015,0
474,Andrew Wiggins,SG,19.0,82,36.2,75.4,22.9,0.116,466,0.76,1013,0.452,126,0.31,0.516,16.9,4.5,7.2,2.1,9.8,1.04,0.61,6.0,0,2014-2015,0
475,Anthony Bennett,PF,21.0,57,15.7,32.7,18.0,0.1,64,0.641,274,0.431,23,0.304,0.458,5.2,3.8,13.8,0.8,8.7,0.47,0.28,6.4,0,2014-2015,0
476,Anthony Davis,PF,21.0,68,36.1,75.2,28.3,0.063,461,0.805,1187,0.54,12,0.083,0.591,24.4,10.2,16.1,2.2,11.5,1.47,2.94,9.1,1,2014-2015,0
477,Anthony Morrow,SG,29.0,74,24.4,50.8,16.7,0.055,89,0.888,290,0.497,325,0.434,0.604,10.7,2.6,5.8,0.8,5.2,0.73,0.15,4.6,0,2014-2015,0
478,Anthony Tolliver,PF,29.0,76,18.8,39.3,14.8,0.11,69,0.754,103,0.451,290,0.369,0.562,6.3,3.1,9.0,0.7,6.1,0.31,0.21,5.1,0,2014-2015,0
479,Archie Goodwin,SG,20.0,41,13.0,27.2,23.9,0.168,83,0.735,160,0.419,41,0.293,0.486,5.6,1.8,7.6,1.1,12.6,0.44,0.22,6.9,0,2014-2015,0
480,Arinze Onuaku,C,27.0,6,11.4,23.7,12.8,0.102,8,0.375,14,0.857,0,0.0,0.771,4.5,3.5,17.6,0.7,10.1,0.17,0.5,7.8,0,2014-2015,0
481,Aron Baynes,C,28.0,70,16.0,33.4,18.0,0.148,104,0.865,323,0.57,4,0.25,0.618,6.6,4.5,16.1,0.5,4.9,0.23,0.31,6.1,0,2014-2015,0
482,Arron Afflalo,SG,29.0,78,32.1,66.8,19.1,0.108,198,0.844,551,0.462,333,0.357,0.533,13.2,3.2,5.3,1.6,8.1,0.52,0.09,5.1,0,2014-2015,0
483,Austin Daye,SF,26.0,34,10.1,21.1,22.2,0.14,6,0.882,70,0.375,70,0.343,0.454,3.8,2.2,12.4,0.5,7.7,0.35,0.15,5.9,0,2014-2015,0
484,Austin Rivers,PG,22.0,76,20.6,42.8,18.3,0.105,126,0.658,365,0.45,131,0.296,0.481,7.0,2.0,5.5,2.1,14.6,0.63,0.18,5.9,0,2014-2015,0
485,Avery Bradley,SG,24.0,77,31.5,65.7,21.3,0.094,100,0.79,660,0.47,352,0.352,0.507,13.9,3.1,5.4,1.8,8.9,1.05,0.19,5.4,0,2014-2015,0
486,Ben Gordon,SG,31.0,56,14.1,29.4,22.1,0.145,67,0.836,198,0.475,97,0.361,0.538,6.2,1.1,4.5,0.9,10.3,0.25,0.02,5.2,0,2014-2015,0
487,Ben McLemore,SG,21.0,82,32.6,67.8,17.4,0.133,160,0.813,440,0.507,391,0.358,0.552,12.1,2.9,5.1,1.7,8.4,0.94,0.23,4.8,0,2014-2015,0
488,Beno Udrih,PG,32.0,79,18.9,39.4,19.9,0.139,102,0.853,408,0.539,97,0.268,0.55,7.7,1.8,5.5,2.8,24.0,0.58,0.1,7.2,0,2014-2015,0
489,Bernard James,C,29.0,16,9.9,20.5,12.4,0.139,23,0.87,27,0.444,0,0.0,0.593,2.8,2.4,13.6,0.3,3.4,0.13,0.94,5.1,0,2014-2015,0
490,Bismack Biyombo,C,22.0,64,19.4,40.5,11.7,0.165,175,0.583,186,0.543,0,0.0,0.578,4.8,6.4,18.0,0.3,2.0,0.28,1.55,4.3,0,2014-2015,0
491,Blake Griffin,PF,25.0,67,35.2,73.3,28.8,0.102,427,0.728,1119,0.504,25,0.4,0.551,21.9,7.6,12.1,5.3,26.1,0.94,0.52,10.9,1,2014-2015,1
492,Bojan Bogdanovic,SF,25.0,78,23.8,49.5,17.5,0.111,106,0.821,320,0.531,256,0.355,0.562,9.0,2.7,6.4,0.9,5.8,0.44,0.12,4.7,0,2014-2015,0
493,Boris Diaw,PF,32.0,81,24.5,51.0,18.6,0.158,93,0.774,463,0.512,170,0.318,0.525,8.7,4.3,10.0,2.9,17.9,0.44,0.28,7.8,0,2014-2015,0
494,Bradley Beal,SG,21.0,63,33.5,69.7,22.9,0.117,166,0.783,592,0.434,259,0.409,0.521,15.3,3.8,6.5,3.1,15.0,1.19,0.29,6.7,0,2014-2015,0
495,Brandan Wright,PF,27.0,75,19.4,40.3,13.9,0.081,112,0.679,360,0.644,3,0.0,0.655,7.2,4.3,12.1,0.6,4.8,0.67,1.26,5.3,0,2014-2015,0
496,Brandon Bass,PF,29.0,82,23.5,49.0,19.8,0.096,214,0.79,651,0.515,32,0.281,0.557,10.6,4.9,11.3,1.3,8.6,0.51,0.39,6.9,0,2014-2015,0
497,Brandon Davies,PF,23.0,27,15.6,32.7,20.3,0.161,37,0.666,103,0.442,34,0.237,0.455,5.3,3.1,11.0,1.1,11.5,0.67,0.26,6.7,0,2014-2015,0
498,Brandon Jennings,PG,25.0,41,28.6,59.6,26.7,0.129,143,0.839,332,0.428,211,0.36,0.522,15.4,2.5,4.8,6.6,39.9,1.07,0.1,8.9,0,2014-2015,0
499,Brandon Knight,PG,23.0,63,32.3,67.3,26.4,0.16,223,0.872,567,0.439,321,0.392,0.541,17.0,3.9,6.8,5.2,27.5,1.43,0.16,8.7,0,2014-2015,0
500,Brandon Rush,SG,29.0,33,8.2,17.1,11.4,0.158,11,0.455,27,0.296,27,0.111,0.255,0.9,1.2,8.2,0.4,5.4,0.15,0.36,3.7,0,2014-2015,0
501,Brendan Haywood,C,35.0,22,5.4,11.3,17.6,0.219,13,0.538,30,0.467,0,0.0,0.49,1.6,1.3,14.0,0.1,2.5,0.09,0.45,4.4,0,2014-2015,0
502,Brian Roberts,PG,29.0,72,18.5,38.5,18.8,0.105,74,0.892,259,0.44,193,0.321,0.495,6.7,1.5,4.5,2.3,20.3,0.44,0.08,6.2,0,2014-2015,0
503,Brook Lopez,C,26.0,72,29.2,60.8,26.7,0.086,274,0.814,977,0.517,10,0.1,0.558,17.2,7.4,14.3,0.7,4.5,0.6,1.75,6.1,0,2014-2015,0
504,Bryce Cotton,PG,22.0,15,10.6,22.1,26.1,0.135,18,0.833,49,0.449,20,0.35,0.52,5.3,1.2,6.5,1.0,17.0,0.27,0.0,7.0,0,2014-2015,0
505,Carl Landry,PF,31.0,70,17.0,35.5,18.4,0.11,150,0.82,369,0.515,0,0.0,0.578,7.2,3.8,12.8,0.4,3.6,0.21,0.24,5.2,0,2014-2015,0
506,Carlos Boozer,PF,33.0,71,23.8,49.6,24.0,0.103,150,0.627,743,0.499,0,0.0,0.517,11.8,6.8,15.7,1.3,10.3,0.58,0.17,7.9,0,2014-2015,0
507,Carmelo Anthony,SF,30.0,40,35.7,74.4,32.7,0.089,237,0.797,627,0.474,179,0.341,0.531,24.2,6.6,10.7,3.1,18.0,1.0,0.43,8.9,0,2014-2015,0
508,Caron Butler,SF,34.0,78,20.8,43.4,13.1,0.104,61,0.902,177,0.441,219,0.379,0.544,5.9,2.5,6.6,1.0,7.3,0.55,0.05,4.7,0,2014-2015,0
509,Cartier Martin,SF,30.0,23,8.6,18.0,13.1,0.086,0,0.0,20,0.45,33,0.182,0.34,1.6,0.9,5.5,0.5,8.0,0.13,0.04,4.2,0,2014-2015,0
510,Chandler Parsons,SF,26.0,66,33.1,69.0,20.9,0.095,193,0.72,482,0.521,347,0.38,0.567,15.7,4.9,8.1,2.4,11.4,1.05,0.29,6.9,0,2014-2015,0
511,Channing Frye,PF,31.0,75,24.9,51.9,14.3,0.134,35,0.886,141,0.39,346,0.393,0.546,7.3,3.9,8.9,1.3,7.4,0.63,0.52,5.4,0,2014-2015,0
512,Charles Hayes,C,31.0,29,8.8,18.3,10.6,0.136,11,0.545,46,0.478,0,0.0,0.492,1.7,1.8,11.5,0.7,11.2,0.34,0.14,5.9,0,2014-2015,0
513,Charlie Villanueva,PF,30.0,64,10.6,22.1,27.1,0.069,35,0.571,141,0.475,221,0.376,0.534,6.3,2.3,12.1,0.3,4.7,0.23,0.34,6.2,0,2014-2015,0
514,Chase Budinger,SF,26.0,67,19.2,40.0,16.5,0.103,81,0.827,247,0.474,143,0.364,0.537,6.8,3.0,8.8,1.0,8.0,0.66,0.15,5.7,0,2014-2015,0
515,Chris Andersen,C,36.0,60,18.9,39.3,12.5,0.135,114,0.667,194,0.598,13,0.308,0.622,5.3,5.0,15.9,0.7,6.1,0.43,1.02,5.6,0,2014-2015,0
516,Chris Bosh,C,30.0,44,35.4,73.7,28.9,0.101,232,0.772,577,0.485,168,0.375,0.548,21.1,7.0,12.0,2.2,12.0,0.93,0.57,7.8,0,2014-2015,0
517,Chris Copeland,SF,30.0,50,16.6,34.5,21.5,0.152,45,0.733,143,0.42,167,0.311,0.468,6.2,2.2,7.4,1.0,9.9,0.22,0.22,5.8,0,2014-2015,0
518,Chris Douglas-Roberts,SG,28.0,12,8.5,17.8,10.9,0.0,8,1.0,14,0.286,7,0.143,0.387,1.6,1.0,6.6,0.3,5.1,0.08,0.0,3.7,0,2014-2015,0
519,Chris Johnson,SF,24.0,29,18.2,37.9,15.1,0.073,16,0.923,59,0.58,95,0.298,0.522,5.8,1.9,5.7,0.5,4.8,0.9,0.24,3.8,0,2014-2015,0
520,Chris Kaman,C,32.0,74,18.9,39.4,22.7,0.154,102,0.706,549,0.515,0,0.0,0.537,8.6,6.5,18.5,0.9,7.8,0.24,0.73,7.8,0,2014-2015,0
521,Chris Paul,PG,29.0,82,34.8,72.6,24.0,0.126,321,0.9,821,0.523,350,0.397,0.596,19.1,4.6,7.4,10.2,47.4,1.9,0.18,11.1,1,2014-2015,1
522,CJ McCollum,SG,23.0,62,15.7,32.7,20.7,0.108,73,0.699,226,0.46,139,0.396,0.534,6.8,1.5,5.0,1.0,10.3,0.69,0.13,5.5,0,2014-2015,0
523,CJ Miles,SG,27.0,70,26.3,54.8,24.1,0.075,161,0.807,381,0.459,446,0.345,0.525,13.5,3.1,6.4,1.1,7.1,0.86,0.37,5.5,0,2014-2015,0
524,CJ Watson,PG,30.0,57,24.9,52.0,19.0,0.169,167,0.826,242,0.459,175,0.4,0.581,10.0,2.9,6.3,3.6,23.3,1.0,0.16,7.6,0,2014-2015,0
525,Cleanthony Early,SF,23.0,39,16.6,34.6,19.9,0.145,48,0.75,130,0.415,84,0.262,0.447,5.4,2.5,8.7,0.9,9.1,0.62,0.31,5.5,0,2014-2015,0
526,Clint Capela,C,20.0,12,7.5,15.6,21.6,0.113,23,0.174,29,0.483,0,0.0,0.409,2.7,3.0,22.2,0.2,3.7,0.08,0.75,6.3,0,2014-2015,0
527,Cody Zeller,C,22.0,62,24.0,50.0,15.8,0.122,164,0.774,372,0.46,1,1.0,0.53,7.6,5.8,13.4,1.6,10.9,0.56,0.79,6.9,0,2014-2015,0
528,Cole Aldrich,C,26.0,61,16.0,33.3,18.6,0.152,64,0.781,301,0.478,0,0.0,0.513,5.5,5.5,20.0,1.2,13.3,0.62,1.07,8.3,0,2014-2015,0
529,Corey Brewer,SF,28.0,80,26.1,54.4,22.0,0.127,226,0.746,570,0.492,235,0.257,0.506,11.5,3.7,8.0,2.2,13.6,1.41,0.24,6.9,0,2014-2015,0
530,Cory Jefferson,PF,24.0,50,10.6,22.1,18.4,0.095,54,0.574,152,0.48,15,0.133,0.48,3.7,2.9,15.3,0.3,4.8,0.2,0.42,5.6,0,2014-2015,0
531,Cory Joseph,PG,23.0,79,18.3,38.1,17.3,0.124,143,0.734,367,0.52,44,0.364,0.564,6.8,2.4,7.5,2.4,19.7,0.58,0.22,7.4,0,2014-2015,0
532,Courtney Lee,SG,29.0,77,30.6,63.7,15.4,0.1,129,0.86,419,0.473,225,0.4,0.554,10.1,2.3,4.3,2.0,9.8,0.97,0.16,4.7,0,2014-2015,0
533,D.J. Augustin,PG,27.0,82,23.9,49.9,20.0,0.162,205,0.867,401,0.429,246,0.336,0.525,9.5,2.0,4.4,4.3,28.2,0.6,0.04,7.2,0,2014-2015,0
534,Damian Lillard,PG,24.0,82,35.7,74.3,27.2,0.126,398,0.864,788,0.5,572,0.343,0.56,21.0,4.6,6.9,6.2,29.0,1.18,0.26,9.4,0,2014-2015,1
535,Damjan Rudez,SF,28.0,68,15.4,32.1,14.0,0.149,23,0.696,93,0.538,170,0.406,0.591,4.8,0.7,2.5,0.8,7.9,0.24,0.07,3.6,0,2014-2015,0
536,Danilo Gallinari,SF,26.0,59,24.2,50.3,21.8,0.08,191,0.895,267,0.453,301,0.355,0.563,12.4,3.7,8.3,1.4,9.4,0.8,0.34,6.6,0,2014-2015,0
537,Danny Granger,SF,31.0,30,20.4,42.6,15.8,0.119,37,0.757,78,0.449,84,0.357,0.527,6.3,2.7,7.8,0.6,4.4,0.43,0.2,4.3,0,2014-2015,0
538,Danny Green,SG,27.0,81,28.5,59.4,17.7,0.105,127,0.874,281,0.466,457,0.418,0.596,11.7,4.2,8.4,2.0,10.3,1.25,1.07,6.5,0,2014-2015,0
539,Dante Cunningham,PF,27.0,66,25.0,52.2,11.1,0.089,47,0.617,329,0.468,10,0.1,0.473,5.2,3.9,8.8,0.8,4.4,0.7,0.56,4.1,0,2014-2015,0
540,Dante Exum,PG,19.0,82,22.2,46.2,14.1,0.215,32,0.625,152,0.408,264,0.314,0.457,4.8,1.6,4.2,2.4,16.6,0.5,0.17,4.8,0,2014-2015,0
541,Darius Miller,SF,24.0,5,8.7,18.1,8.6,0.125,0,0.0,6,0.167,1,0.0,0.143,0.4,0.2,1.3,0.4,6.0,0.2,0.0,1.5,0,2014-2015,0
542,Darius Morris,PG,24.0,38,7.9,16.4,20.3,0.16,9,0.444,73,0.397,33,0.212,0.377,2.2,0.7,5.1,1.3,24.7,0.24,0.0,6.4,0,2014-2015,0
543,Darrell Arthur,PF,26.0,58,17.0,35.5,20.3,0.103,59,0.78,274,0.471,110,0.236,0.466,6.6,2.9,9.4,1.0,9.3,0.83,0.45,6.3,0,2014-2015,0
544,Darren Collison,PG,27.0,45,34.8,72.4,21.3,0.151,184,0.788,389,0.514,161,0.373,0.575,16.1,3.2,5.2,5.6,27.2,1.49,0.31,7.6,0,2014-2015,0
545,David Lee,PF,31.0,49,18.5,38.5,19.9,0.12,104,0.654,311,0.514,2,0.0,0.541,7.9,5.2,15.3,1.7,13.7,0.63,0.53,8.9,0,2014-2015,0
546,David Stockton,PG,23.0,3,11.0,23.0,17.1,0.316,6,0.5,4,0.25,2,0.5,0.463,2.7,0.7,3.4,3.0,39.0,0.67,0.0,6.5,0,2014-2015,0
547,David West,PF,34.0,66,28.7,59.8,21.2,0.137,161,0.739,666,0.479,20,0.2,0.508,11.7,6.8,13.1,3.4,20.1,0.73,0.73,9.0,0,2014-2015,0
548,DeAndre Jordan,C,26.0,82,34.4,71.6,13.8,0.128,471,0.397,530,0.713,4,0.25,0.638,11.5,15.0,24.5,0.7,3.2,0.99,2.23,5.7,1,2014-2015,0
549,DeJuan Blair,PF,25.0,29,6.2,13.0,18.5,0.179,6,0.667,57,0.456,0,0.0,0.469,1.9,1.9,17.5,0.1,2.6,0.24,0.03,4.6,0,2014-2015,0
550,DeMar DeRozan,SG,25.0,60,35.0,72.9,28.7,0.104,434,0.832,902,0.426,88,0.284,0.51,20.1,4.6,7.6,3.5,17.0,1.22,0.18,7.8,0,2014-2015,0
551,DeMarcus Cousins,C,24.0,59,34.1,71.1,34.6,0.163,541,0.782,1058,0.469,8,0.25,0.545,24.1,12.7,21.0,3.6,20.4,1.53,1.76,12.1,1,2014-2015,0
552,DeMarre Carroll,SF,28.0,70,31.3,65.1,17.1,0.094,181,0.702,349,0.567,304,0.395,0.603,12.6,5.3,9.7,1.7,8.3,1.34,0.24,6.2,0,2014-2015,0
553,Dennis Schroder,PG,21.0,77,19.7,41.0,27.4,0.168,179,0.827,517,0.449,148,0.351,0.516,10.0,2.1,6.2,4.1,34.6,0.64,0.05,9.0,0,2014-2015,0
554,Deron Williams,PG,30.0,68,31.1,64.8,22.6,0.149,241,0.834,535,0.396,237,0.367,0.505,13.0,3.5,6.3,6.6,33.7,0.94,0.25,8.6,0,2014-2015,0
555,Derrick Favors,PF,23.0,74,30.8,64.2,24.3,0.102,332,0.669,912,0.527,6,0.167,0.558,16.0,8.2,15.4,1.5,9.4,0.81,1.66,7.6,0,2014-2015,0
556,Derrick Rose,PG,26.0,51,30.0,62.5,32.1,0.149,187,0.813,564,0.465,271,0.28,0.493,17.7,3.2,5.7,4.9,30.7,0.71,0.31,8.7,0,2014-2015,0
557,Derrick Williams,PF,23.0,74,19.8,41.2,19.2,0.089,196,0.684,329,0.511,156,0.314,0.54,8.3,2.7,7.8,0.7,5.6,0.46,0.05,5.1,0,2014-2015,0
558,Devin Harris,PG,31.0,76,22.2,46.2,18.3,0.125,162,0.815,258,0.481,266,0.357,0.559,8.8,1.8,4.4,3.1,20.4,1.03,0.18,6.6,0,2014-2015,0
559,Devyn Marble,SG,22.0,16,13.0,27.1,13.3,0.15,16,0.313,22,0.455,22,0.182,0.362,2.3,1.9,8.4,1.1,11.5,0.56,0.13,5.2,0,2014-2015,0
560,Dewayne Dedmon,C,25.0,59,14.3,29.8,13.1,0.211,64,0.531,161,0.565,1,0.0,0.568,3.7,5.0,19.7,0.2,1.6,0.27,0.85,4.3,0,2014-2015,0
561,Dion Waiters,SG,23.0,80,27.6,57.5,23.0,0.101,172,0.69,700,0.433,246,0.293,0.46,11.8,2.4,4.7,2.0,12.2,1.14,0.26,5.5,0,2014-2015,0
562,Dirk Nowitzki,PF,36.0,77,29.6,61.7,25.3,0.065,289,0.882,788,0.486,274,0.38,0.56,17.3,5.9,11.0,1.9,10.4,0.51,0.43,7.8,0,2014-2015,0
563,Donald Sloan,PG,27.0,53,20.9,43.5,18.8,0.143,77,0.779,224,0.464,131,0.313,0.503,7.4,2.7,7.1,3.6,27.5,0.43,0.0,8.0,0,2014-2015,0
564,Donatas Motiejunas,PF,24.0,71,28.7,59.8,19.4,0.137,166,0.602,567,0.536,133,0.368,0.553,12.0,5.9,11.4,1.8,10.8,0.79,0.48,7.0,0,2014-2015,0
565,Dorell Wright,SF,29.0,48,12.3,25.7,17.3,0.079,42,0.81,82,0.378,108,0.38,0.525,4.6,2.3,10.0,0.9,10.2,0.42,0.21,6.9,0,2014-2015,0
566,Doug McDermott,SF,23.0,36,8.9,18.6,18.6,0.13,15,0.667,66,0.455,41,0.317,0.48,3.0,1.2,7.3,0.2,3.0,0.11,0.03,4.0,0,2014-2015,0
567,Draymond Green,SF,24.0,79,31.5,65.7,17.5,0.135,200,0.66,436,0.523,329,0.337,0.54,11.7,8.2,14.0,3.7,16.1,1.56,1.25,9.0,0,2014-2015,0
568,Drew Gooden,PF,33.0,51,16.9,35.3,17.3,0.086,44,0.773,217,0.401,60,0.383,0.467,5.4,4.4,14.5,1.0,8.6,0.41,0.18,6.8,0,2014-2015,0
569,Drew Gordon,C,24.0,9,7.9,16.5,17.4,0.287,2,0.5,16,0.5,3,0.0,0.428,1.9,2.0,13.7,0.2,4.8,0.11,0.0,4.6,0,2014-2015,0
570,Dwight Buycks,PG,25.0,6,20.5,42.6,20.7,0.213,10,0.9,29,0.379,11,0.636,0.586,8.7,2.0,5.4,2.3,18.4,0.5,0.0,6.7,0,2014-2015,0
571,Dwight Howard,C,29.0,41,29.8,62.1,23.6,0.175,271,0.528,421,0.594,2,0.5,0.596,15.8,10.5,19.5,1.2,7.3,0.68,1.29,7.8,0,2014-2015,1
572,Dwight Powell,PF,23.0,24,9.5,19.7,16.9,0.106,31,0.774,51,0.471,11,0.273,0.535,3.4,2.0,11.8,0.4,5.7,0.29,0.25,5.9,0,2014-2015,0
573,Dwyane Wade,SG,33.0,62,31.8,66.2,35.3,0.144,370,0.768,982,0.489,102,0.284,0.534,21.5,3.5,6.7,4.8,32.1,1.18,0.34,9.0,0,2014-2015,0
574,Earl Barron,C,33.0,16,8.9,18.6,15.4,0.101,12,0.5,35,0.286,4,0.5,0.361,2.0,1.8,10.7,0.3,4.9,0.25,0.13,4.6,0,2014-2015,0
575,Earl Clark,PF,27.0,10,9.3,19.4,18.8,0.159,4,0.25,16,0.438,14,0.286,0.425,2.7,2.3,13.9,0.3,4.9,0.3,0.4,5.3,0,2014-2015,0
576,Ed Davis,PF,25.0,79,23.3,48.5,14.9,0.094,189,0.487,469,0.601,0,0.0,0.594,8.3,7.6,18.0,1.2,8.3,0.62,1.24,7.3,0,2014-2015,0
577,Elfrid Payton,PG,20.0,82,30.4,63.2,18.6,0.202,214,0.551,666,0.435,42,0.262,0.456,8.9,4.3,7.9,6.5,32.6,1.73,0.24,8.3,0,2014-2015,0
578,Elijah Millsap,SG,27.0,47,19.7,40.9,17.3,0.195,86,0.674,148,0.358,90,0.311,0.45,5.3,3.2,9.4,1.2,9.7,1.19,0.34,5.5,0,2014-2015,0
579,Elliot Williams,SG,25.0,13,9.1,19.0,16.9,0.086,4,0.192,19,0.301,18,0.443,0.484,2.9,0.6,3.9,0.9,15.6,0.31,0.0,5.1,0,2014-2015,0
580,Elton Brand,PF,35.0,36,13.5,28.1,11.8,0.146,23,0.522,94,0.447,1,0.0,0.457,2.7,2.8,11.8,0.6,6.4,0.47,0.67,4.9,0,2014-2015,0
581,Enes Kanter,C,22.0,75,28.5,59.3,25.1,0.124,234,0.784,883,0.525,45,0.467,0.561,15.5,8.9,17.5,0.7,4.7,0.48,0.39,6.4,0,2014-2015,0
582,Eric Bledsoe,PG,25.0,81,34.6,72.0,24.2,0.181,441,0.8,774,0.491,272,0.324,0.555,17.0,5.2,8.3,6.1,27.9,1.57,0.56,9.4,0,2014-2015,0
583,Eric Gordon,SG,26.0,61,33.1,68.9,20.1,0.14,133,0.805,378,0.381,315,0.448,0.544,13.4,2.6,4.5,3.8,17.7,0.82,0.23,6.2,0,2014-2015,0
584,Erick Green,PG,23.0,43,9.5,19.9,19.4,0.077,12,0.833,115,0.409,47,0.298,0.436,3.4,0.7,4.1,0.9,15.1,0.28,0.0,5.4,0,2014-2015,0
585,Ersan Ilyasova,PF,27.0,58,22.7,47.4,22.6,0.069,107,0.645,367,0.515,190,0.389,0.554,11.5,4.8,12.0,1.0,7.4,0.62,0.33,6.7,0,2014-2015,0
586,E�Twaun Moore,SG,25.0,56,9.0,18.8,14.6,0.087,20,0.6,101,0.485,38,0.342,0.504,2.7,0.8,5.0,0.6,10.4,0.36,0.11,4.8,0,2014-2015,0
587,Evan Fournier,SG,22.0,58,28.6,59.7,20.0,0.114,147,0.728,350,0.48,225,0.378,0.546,12.0,2.6,5.2,2.1,11.5,0.69,0.03,5.6,0,2014-2015,0
588,Evan Turner,SG,26.0,82,27.6,57.4,19.7,0.197,141,0.752,627,0.458,119,0.277,0.482,9.5,5.1,10.1,5.5,30.0,1.01,0.23,9.3,0,2014-2015,0
589,Festus Ezeli,C,25.0,46,10.9,22.8,18.0,0.156,78,0.628,139,0.547,0,0.0,0.58,4.4,3.4,16.6,0.2,2.5,0.15,0.91,5.3,0,2014-2015,0
590,Francisco Garcia,SF,33.0,14,14.3,29.8,16.4,0.134,4,0.25,18,0.389,45,0.222,0.347,3.2,1.2,4.7,1.1,11.0,0.64,0.36,4.5,0,2014-2015,0
591,Furkan Aldemir,PF,23.0,41,13.2,27.5,8.8,0.159,27,0.481,73,0.548,5,0.0,0.517,2.3,4.3,17.7,0.7,8.3,0.41,0.39,5.8,0,2014-2015,0
592,Gal Mekel,PG,26.0,4,10.9,22.6,23.5,0.091,0,0.0,17,0.176,3,0.0,0.15,1.5,0.3,1.3,3.3,41.7,0.5,0.0,4.2,0,2014-2015,0
593,Garrett Temple,SG,28.0,52,14.1,29.5,14.1,0.151,48,0.729,82,0.427,88,0.375,0.534,3.9,1.7,6.9,1.1,11.0,0.81,0.17,5.5,0,2014-2015,0
594,Gary Harris,SG,20.0,55,13.1,27.2,16.8,0.138,47,0.745,114,0.395,103,0.204,0.395,3.4,1.2,4.8,0.5,5.9,0.71,0.13,3.9,0,2014-2015,0
595,Gary Neal,SG,30.0,54,22.0,46.0,24.2,0.103,135,0.866,339,0.406,164,0.306,0.482,10.0,2.4,6.0,1.9,14.5,0.42,0.02,6.4,0,2014-2015,0
596,George Hill,PG,28.0,43,29.5,61.4,24.1,0.103,143,0.79,342,0.544,193,0.358,0.579,16.1,4.2,7.8,5.1,31.4,1.02,0.33,9.5,0,2014-2015,0
597,Gerald Green,SG,29.0,74,19.5,40.7,28.9,0.111,120,0.825,391,0.478,387,0.354,0.532,11.9,2.5,7.0,1.2,10.9,0.57,0.16,6.8,0,2014-2015,0
598,Gerald Henderson,SG,27.0,80,28.9,60.3,21.0,0.105,217,0.848,711,0.457,136,0.331,0.514,12.1,3.4,6.5,2.6,15.6,0.64,0.28,6.6,0,2014-2015,0
599,Gerald Wallace,SF,32.0,32,8.9,18.6,9.1,0.307,15,0.4,31,0.419,3,0.333,0.431,1.1,1.8,10.9,0.3,5.1,0.47,0.13,3.8,0,2014-2015,0
600,Giannis Antetokounmpo,SG,20.0,81,31.4,65.3,20.0,0.156,347,0.741,736,0.511,44,0.159,0.552,12.7,6.7,12.2,2.6,13.1,0.9,1.05,7.7,0,2014-2015,0
601,Gigi Datome,SF,27.0,21,10.0,20.8,21.9,0.092,1,0.857,49,0.51,40,0.44,0.586,5.0,1.4,7.9,0.4,8.5,0.1,0.33,6.0,0,2014-2015,0
602,Glen Davis,PF,29.0,74,12.2,25.5,17.0,0.116,95,0.632,251,0.466,4,0.0,0.495,4.0,2.3,10.5,0.5,6.3,0.55,0.28,5.5,0,2014-2015,0
603,Glen Rice Jr.,SG,24.0,5,8.5,17.8,21.2,0.102,6,0.667,8,0.25,7,0.143,0.312,2.2,0.8,5.3,0.4,6.6,0.0,0.0,4.2,0,2014-2015,0
604,Glenn Robinson,SG,21.0,10,15.3,31.9,15.8,0.147,8,0.5,30,0.467,13,0.308,0.473,4.4,2.5,8.8,0.8,9.0,0.3,0.1,5.4,0,2014-2015,0
605,Goran Dragic,SG,28.0,78,33.9,70.5,22.1,0.135,234,0.767,743,0.555,259,0.346,0.577,16.3,3.5,5.8,4.5,22.7,1.0,0.2,7.5,0,2014-2015,1
606,Gordon Hayward,SF,24.0,76,34.4,71.8,26.7,0.138,462,0.812,757,0.481,330,0.364,0.567,19.3,4.9,8.2,4.1,21.8,1.42,0.39,8.5,0,2014-2015,0
607,Gorgui Dieng,C,25.0,73,30.0,62.6,15.2,0.169,244,0.783,506,0.51,6,0.167,0.573,9.7,8.4,15.9,2.0,10.5,0.97,1.71,7.3,0,2014-2015,0
608,Grant Jerrett,PF,21.0,8,6.4,13.3,27.9,0.102,1,0.375,11,0.527,15,0.048,0.308,2.0,1.1,9.6,0.4,8.6,0.25,0.25,5.7,0,2014-2015,0
609,Greg Monroe,PF,24.0,69,31.0,64.5,24.2,0.13,336,0.75,853,0.496,0,0.0,0.549,15.9,10.2,17.9,2.1,11.7,1.13,0.49,9.0,0,2014-2015,0
610,Greg Smith,PF,24.0,42,8.6,18.0,9.6,0.143,39,0.513,49,0.612,0,0.0,0.605,1.9,1.9,11.9,0.2,3.4,0.17,0.26,4.2,0,2014-2015,0
611,Greivis Vasquez,PG,28.0,82,24.3,50.6,20.1,0.136,66,0.758,374,0.436,351,0.379,0.514,9.5,2.6,6.3,3.7,23.9,0.56,0.12,7.4,0,2014-2015,0
612,Harrison Barnes,SF,22.0,82,28.3,58.9,15.1,0.09,150,0.72,441,0.519,215,0.405,0.573,10.1,5.5,10.5,1.4,6.9,0.74,0.23,6.0,0,2014-2015,0
613,Hassan Whiteside,C,25.0,48,23.8,49.6,21.5,0.113,156,0.5,387,0.628,0,0.0,0.619,11.8,10.0,25.3,0.1,1.0,0.58,2.54,3.8,0,2014-2015,0
614,Hedo Turkoglu,SF,35.0,62,11.4,23.7,14.4,0.131,11,0.545,49,0.469,139,0.432,0.602,3.7,1.6,7.9,0.6,7.5,0.31,0.11,5.4,0,2014-2015,0
615,Henry Sims,C,24.0,73,19.2,39.9,21.0,0.15,137,0.774,480,0.488,22,0.182,0.521,8.0,4.9,13.9,1.1,10.7,0.53,0.41,7.3,0,2014-2015,0
616,Henry Walker,SF,27.0,24,26.1,54.5,15.1,0.121,18,0.778,36,0.361,131,0.344,0.5,7.3,3.4,7.9,1.2,7.2,1.0,0.38,4.8,0,2014-2015,0
617,Hollis Thompson,SG,23.0,71,25.0,52.1,16.2,0.102,89,0.708,256,0.426,287,0.401,0.538,8.8,2.8,6.0,1.2,8.4,0.8,0.37,4.9,0,2014-2015,0
618,Ian Clark,SG,23.0,23,7.0,14.6,15.4,0.132,5,1.0,19,0.316,25,0.36,0.476,1.9,0.6,4.7,0.4,9.7,0.26,0.09,4.4,0,2014-2015,0
619,Ian Mahinmi,C,28.0,61,18.8,39.1,12.6,0.187,102,0.304,212,0.552,0,0.0,0.516,4.3,5.8,17.2,0.5,4.4,0.49,0.75,4.9,0,2014-2015,0
620,Iman Shumpert,SG,24.0,62,24.9,51.9,17.6,0.155,64,0.67,275,0.465,196,0.342,0.499,8.0,3.6,8.4,2.2,13.9,1.31,0.26,6.3,0,2014-2015,0
621,Isaiah Canaan,PG,23.0,47,20.0,41.6,21.4,0.135,60,0.801,132,0.425,246,0.373,0.538,9.2,1.9,5.0,2.1,17.3,0.62,0.07,6.4,0,2014-2015,0
622,Isaiah Thomas,PG,25.0,67,25.8,53.7,28.2,0.13,348,0.869,451,0.457,346,0.377,0.579,16.4,2.3,4.9,4.2,27.2,0.85,0.08,8.4,0,2014-2015,0
623,Ish Smith,PG,26.0,55,15.2,31.5,21.2,0.16,57,0.629,307,0.38,60,0.25,0.406,6.1,1.8,7.8,3.3,34.1,0.65,0.11,8.1,0,2014-2015,0
624,J.R. Smith,SG,29.0,70,29.7,61.9,19.9,0.109,72,0.775,329,0.472,426,0.378,0.538,12.1,3.1,6.0,2.8,16.1,1.17,0.31,6.3,0,2014-2015,0
625,Jabari Brown,SG,22.0,19,29.9,62.3,18.9,0.13,85,0.753,108,0.435,62,0.371,0.547,11.9,1.9,3.5,2.1,10.9,0.63,0.11,4.8,0,2014-2015,0
626,Jabari Parker,SF,19.0,25,29.5,61.5,21.0,0.139,66,0.697,247,0.506,16,0.25,0.527,12.3,5.5,10.7,1.7,9.5,1.24,0.2,6.6,0,2014-2015,0
627,Jack Cooley,PF,23.0,16,5.4,11.3,18.4,0.088,21,0.429,22,0.409,0,0.0,0.432,1.7,1.6,16.6,0.1,1.8,0.38,0.19,4.8,0,2014-2015,0
628,Jae Crowder,SF,24.0,82,20.1,41.8,17.4,0.082,141,0.807,339,0.502,208,0.3,0.522,7.7,3.6,9.1,1.1,8.2,0.88,0.3,6.0,0,2014-2015,0
629,JaKarr Sampson,SF,21.0,74,15.3,31.9,18.2,0.164,94,0.67,219,0.525,127,0.244,0.498,5.2,2.2,7.8,1.0,12.0,0.51,0.35,5.9,0,2014-2015,0
630,Jamal Crawford,SG,34.0,64,26.6,55.4,28.0,0.088,252,0.901,475,0.448,364,0.327,0.532,15.8,1.9,4.1,2.5,14.9,0.92,0.22,6.3,0,2014-2015,0
631,Jameer Nelson,PG,32.0,63,22.3,46.5,20.2,0.174,36,0.695,246,0.446,258,0.345,0.5,8.3,2.3,5.7,4.0,28.3,0.75,0.1,7.5,0,2014-2015,0
632,James Ennis,SF,24.0,62,17.0,35.3,14.9,0.119,94,0.84,152,0.461,95,0.326,0.541,5.0,2.8,10.1,0.8,7.0,0.4,0.27,5.3,0,2014-2015,0
633,James Harden,SG,25.0,81,36.8,76.7,31.8,0.149,824,0.868,915,0.48,555,0.375,0.605,27.4,5.7,8.5,7.0,34.6,1.9,0.74,11.2,1,2014-2015,1
634,James Johnson,PF,27.0,70,19.6,40.8,17.6,0.15,102,0.657,353,0.643,51,0.216,0.617,7.9,3.7,10.8,1.4,11.4,0.76,1.0,7.0,0,2014-2015,0
635,James Jones,SF,34.0,57,11.7,24.5,16.1,0.055,46,0.848,26,0.423,175,0.36,0.565,4.4,1.1,5.3,0.4,5.3,0.23,0.14,4.3,0,2014-2015,0
636,James Michael McAdoo,PF,22.0,15,9.1,19.1,19.7,0.098,25,0.56,44,0.545,0,0.0,0.564,4.1,2.5,14.5,0.1,2.1,0.33,0.6,4.4,0,2014-2015,0
637,James Young,SG,19.0,31,10.7,22.3,16.0,0.042,29,0.552,36,0.528,66,0.258,0.457,3.4,1.4,6.9,0.4,5.6,0.26,0.06,4.6,0,2014-2015,0
638,JaMychal Green,PF,24.0,24,6.9,14.2,18.5,0.214,10,0.667,41,0.666,6,0.0,0.602,2.6,1.9,15.6,0.2,3.9,0.21,0.21,4.9,0,2014-2015,0
639,Jannero Pargo,PG,35.0,9,8.1,16.9,24.6,0.077,2,1.0,13,0.462,22,0.409,0.571,4.6,0.3,2.3,0.9,20.8,0.0,0.0,5.3,0,2014-2015,0
640,Jared Dudley,SG,29.0,72,23.8,49.7,13.7,0.121,67,0.716,231,0.537,192,0.385,0.572,7.2,3.1,7.3,1.8,11.5,1.0,0.15,5.8,0,2014-2015,0
641,Jared Sullinger,PF,22.0,58,27.0,56.3,23.8,0.093,129,0.744,523,0.495,184,0.283,0.504,13.3,7.6,15.4,2.3,14.2,0.76,0.72,9.1,0,2014-2015,0
642,Jarnell Stokes,PF,21.0,19,6.6,13.8,20.8,0.124,28,0.536,37,0.568,0,0.0,0.578,3.0,1.8,15.4,0.2,5.2,0.26,0.26,6.2,0,2014-2015,0
643,Jarrett Jack,PG,31.0,80,28.0,58.4,22.9,0.172,227,0.881,671,0.477,146,0.267,0.522,12.0,3.1,6.1,4.7,27.3,0.94,0.16,8.0,0,2014-2015,0
644,Jason Maxiell,PF,31.0,61,14.4,30.0,13.3,0.115,71,0.577,192,0.422,0,0.0,0.455,3.3,3.3,12.7,0.3,3.4,0.3,0.72,4.1,0,2014-2015,0
645,Jason Richardson,SG,34.0,19,21.9,45.7,21.7,0.079,22,0.773,82,0.378,96,0.323,0.458,9.1,3.5,8.6,2.0,16.6,0.68,0.16,7.3,0,2014-2015,0
646,Jason Smith,C,28.0,82,21.8,45.3,20.0,0.136,153,0.83,550,0.44,42,0.357,0.497,8.0,4.0,10.5,1.7,13.5,0.39,0.54,7.0,0,2014-2015,0
647,Jason Terry,SG,37.0,77,21.3,44.4,14.5,0.137,48,0.813,123,0.504,323,0.39,0.579,7.0,1.6,4.1,1.9,13.8,0.86,0.25,5.2,0,2014-2015,0
648,Jason Thompson,PF,28.0,81,24.6,51.2,12.9,0.146,143,0.622,427,0.471,1,0.0,0.5,6.1,6.5,15.1,1.0,6.5,0.41,0.7,5.5,0,2014-2015,0
649,JaVale McGee,C,27.0,23,11.1,23.1,19.2,0.164,33,0.64,79,0.528,0,0.0,0.56,4.6,2.6,12.8,0.2,2.1,0.09,0.87,4.2,0,2014-2015,0
650,Jeff Adrien,PF,28.0,17,12.7,26.4,14.5,0.129,38,0.579,44,0.432,0,0.0,0.494,3.5,4.5,20.4,0.9,10.5,0.24,0.53,7.6,0,2014-2015,0
651,Jeff Ayres,PF,27.0,51,7.5,15.6,16.5,0.19,36,0.75,95,0.579,0,0.0,0.618,2.7,2.3,17.3,0.3,5.5,0.16,0.16,6.6,0,2014-2015,0
652,Jeff Green,SF,28.0,78,31.5,65.5,22.2,0.089,287,0.831,675,0.47,292,0.338,0.534,15.0,4.2,7.5,1.7,8.8,0.68,0.44,6.1,0,2014-2015,0
653,Jeff Taylor,SF,25.0,29,14.8,30.9,16.2,0.126,41,0.634,78,0.436,36,0.306,0.481,4.4,1.8,6.8,0.8,8.2,0.41,0.03,5.0,0,2014-2015,0
654,Jeff Teague,PG,26.0,73,30.5,63.6,25.7,0.166,319,0.862,680,0.496,207,0.343,0.566,15.9,2.5,4.7,7.0,37.9,1.71,0.42,8.6,0,2014-2015,0
655,Jeff Withey,C,24.0,37,7.0,14.6,17.6,0.122,50,0.68,64,0.5,0,0.0,0.57,2.6,1.7,14.0,0.3,6.4,0.11,0.49,6.3,0,2014-2015,0
656,Jerami Grant,SF,20.0,65,21.2,44.1,16.8,0.163,193,0.591,196,0.383,156,0.314,0.47,6.3,3.0,7.8,1.2,9.4,0.62,1.05,5.3,0,2014-2015,0
657,Jerel McNeal,PG,27.0,6,6.1,12.6,20.8,0.296,2,1.0,9,0.222,2,0.5,0.379,1.5,0.5,4.5,0.3,7.7,0.5,0.17,4.0,0,2014-2015,0
658,Jeremy Evans,SF,27.0,38,7.0,14.6,13.3,0.066,29,0.828,53,0.566,5,0.4,0.636,2.4,1.9,15.4,0.3,8.0,0.29,0.32,6.3,0,2014-2015,0
659,Jeremy Lamb,SG,22.0,47,13.5,28.0,20.8,0.09,55,0.891,139,0.475,111,0.342,0.538,6.3,2.3,9.1,0.9,10.9,0.45,0.13,7.0,0,2014-2015,0
660,Jeremy Lin,PG,26.0,74,25.8,53.7,22.2,0.178,268,0.795,478,0.444,176,0.369,0.539,11.2,2.6,5.7,4.6,28.6,1.12,0.42,7.9,0,2014-2015,0
661,Jerome Jordan,C,28.0,44,8.7,18.1,16.4,0.163,44,0.864,94,0.532,0,0.0,0.609,3.1,2.4,15.4,0.3,5.3,0.18,0.34,6.0,0,2014-2015,0
662,Jerryd Bayless,PG,26.0,77,22.3,46.5,18.9,0.188,137,0.883,396,0.462,120,0.308,0.519,7.8,2.7,7.0,3.0,21.0,0.77,0.16,7.1,0,2014-2015,0
663,Jimmer Fredette,PG,25.0,50,10.2,21.2,20.0,0.151,45,0.956,118,0.458,48,0.188,0.479,3.6,0.8,4.5,1.2,17.2,0.3,0.04,5.9,0,2014-2015,0
664,Jimmy Butler,SG,25.0,65,38.7,80.6,21.9,0.077,463,0.834,719,0.484,193,0.378,0.583,20.0,5.8,8.2,3.3,14.4,1.75,0.55,7.5,0,2014-2015,0
665,JJ Hickson,C,26.0,73,19.3,40.3,20.0,0.149,201,0.577,457,0.477,2,0.0,0.504,7.6,6.2,17.3,0.8,6.5,0.49,0.48,6.9,0,2014-2015,0
666,JJ Redick,SG,30.0,78,30.9,64.3,21.3,0.085,203,0.901,480,0.515,458,0.437,0.622,16.4,2.1,3.9,1.8,9.1,0.5,0.1,5.1,0,2014-2015,0
667,Joakim Noah,C,29.0,67,30.6,63.7,13.9,0.196,174,0.603,425,0.447,2,0.0,0.482,7.2,9.6,17.1,4.6,22.9,0.72,1.1,8.9,0,2014-2015,1
668,Jodie Meeks,SG,27.0,60,24.4,50.8,20.3,0.086,160,0.906,322,0.46,212,0.349,0.548,11.1,1.7,3.9,1.3,8.8,0.98,0.1,4.8,0,2014-2015,0
669,Joe Harris,SG,23.0,51,9.7,20.1,14.3,0.176,15,0.6,36,0.472,84,0.369,0.537,2.7,0.8,4.8,0.5,7.7,0.14,0.04,4.2,0,2014-2015,0
670,Joe Ingles,SF,27.0,79,21.2,44.1,13.1,0.209,40,0.75,152,0.493,202,0.356,0.533,5.0,2.2,6.0,2.3,16.8,0.91,0.13,5.5,0,2014-2015,0
671,Joe Johnson,SG,33.0,80,34.9,72.7,20.5,0.111,176,0.801,688,0.472,337,0.359,0.523,14.4,4.8,7.7,3.7,17.1,0.74,0.18,7.3,0,2014-2015,0
672,Joel Anthony,C,32.0,49,8.3,17.3,9.2,0.143,22,0.682,62,0.581,0,0.0,0.607,1.8,1.9,12.6,0.1,1.8,0.24,1.0,3.4,0,2014-2015,0
673,Joel Freeland,C,27.0,48,12.8,26.8,13.6,0.124,25,0.84,151,0.49,0,0.0,0.522,3.5,4.0,16.6,0.3,3.8,0.19,0.48,5.0,0,2014-2015,0
674,Joey Dorsey,PF,31.0,69,12.4,25.8,11.5,0.184,83,0.289,144,0.556,1,0.0,0.507,2.7,4.0,18.0,0.4,4.4,0.58,0.36,5.3,0,2014-2015,0
675,Joffrey Lauvergne,C,23.0,24,11.2,23.3,20.2,0.178,28,0.643,73,0.452,16,0.188,0.459,3.9,3.2,15.5,0.5,7.5,0.33,0.42,6.6,0,2014-2015,0
676,John Henson,C,24.0,67,18.3,38.2,18.4,0.176,137,0.569,346,0.566,0,0.0,0.578,7.0,4.7,14.5,0.9,7.8,0.42,2.01,6.8,0,2014-2015,0
677,John Jenkins,SG,23.0,24,12.4,25.8,18.0,0.069,19,0.842,47,0.596,52,0.404,0.629,5.6,1.6,7.5,0.5,7.0,0.42,0.0,5.3,0,2014-2015,0
678,John Lucas III,PG,32.0,21,12.9,27.0,20.2,0.131,5,1.0,75,0.44,29,0.31,0.461,4.7,0.8,3.2,2.9,36.1,0.38,0.0,6.9,0,2014-2015,0
679,John Salmons,SF,35.0,21,12.8,26.8,9.4,0.091,4,0.5,22,0.364,26,0.308,0.422,2.0,1.0,4.4,0.6,6.6,0.43,0.19,3.3,0,2014-2015,0
680,John Wall,PG,24.0,79,35.9,74.8,26.5,0.187,362,0.785,949,0.478,217,0.3,0.523,17.6,4.6,7.3,10.0,46.3,1.75,0.57,10.4,0,2014-2015,0
681,Johnny O�Bryant,PF,21.0,34,10.8,22.5,19.6,0.159,27,0.444,120,0.367,0,0.0,0.379,2.9,1.9,10.0,0.5,7.1,0.15,0.12,5.2,0,2014-2015,0
682,Jon Leuer,PF,25.0,63,13.1,27.2,18.9,0.105,59,0.627,244,0.467,29,0.241,0.478,4.5,3.3,14.3,0.7,8.8,0.27,0.14,6.7,0,2014-2015,0
683,Jonas Jerebko,PF,27.0,75,16.4,34.2,16.3,0.099,66,0.85,239,0.488,140,0.383,0.552,5.9,3.8,12.4,0.9,8.9,0.62,0.24,6.7,0,2014-2015,0
684,Jonas Valanciunas,C,22.0,80,26.2,54.6,19.3,0.124,276,0.786,651,0.573,1,0.0,0.623,12.0,8.7,19.1,0.5,3.1,0.43,1.19,5.7,0,2014-2015,0
685,Jordan Adams,SG,20.0,30,8.3,17.3,20.6,0.127,23,0.609,61,0.41,25,0.4,0.489,3.1,0.9,6.4,0.5,10.1,0.53,0.23,5.4,0,2014-2015,0
686,Jordan Clarkson,PG,22.0,59,25.0,52.1,23.3,0.126,158,0.829,475,0.482,121,0.314,0.528,11.9,3.2,7.1,3.5,23.8,0.86,0.2,8.2,0,2014-2015,0
687,Jordan Farmar,PG,28.0,36,14.7,30.6,16.8,0.164,11,0.909,61,0.426,97,0.361,0.513,4.6,1.2,4.5,1.9,18.0,0.56,0.14,6.0,0,2014-2015,0
688,Jordan Hamilton,SF,24.0,14,8.7,18.2,14.6,0.103,0,0.0,14,0.286,21,0.476,0.543,2.7,1.1,7.4,0.5,8.2,0.14,0.0,5.2,0,2014-2015,0
689,Jordan Hill,C,27.0,70,26.8,55.8,23.0,0.111,168,0.738,766,0.462,11,0.273,0.494,12.0,7.9,16.4,1.5,9.5,0.49,0.76,7.8,0,2014-2015,0
690,Jorge Gutierrez,PG,26.0,10,13.1,27.3,14.2,0.223,10,0.7,25,0.6,2,0.0,0.589,3.7,1.8,7.9,1.5,17.4,0.5,0.0,6.6,0,2014-2015,0
691,Jose Calderon,PG,33.0,42,30.2,63.0,16.3,0.169,32,0.906,212,0.415,142,0.415,0.519,9.1,3.0,5.6,4.7,25.6,0.74,0.0,6.7,0,2014-2015,0
692,Jose Juan Barea,PG,30.0,77,17.7,36.8,21.6,0.108,94,0.809,369,0.463,167,0.323,0.502,7.5,1.7,5.4,3.4,29.4,0.43,0.01,7.9,0,2014-2015,0
693,Josh McRoberts,PF,27.0,17,17.4,36.3,13.0,0.273,13,0.615,34,0.588,19,0.421,0.613,4.2,2.6,9.1,1.9,17.5,0.71,0.18,6.3,0,2014-2015,0
694,Josh Smith,PF,29.0,83,27.7,57.8,25.1,0.16,255,0.503,759,0.461,228,0.301,0.472,12.4,6.4,12.7,3.3,20.1,1.05,1.4,9.2,0,2014-2015,0
695,Jrue Holiday,PG,24.0,40,32.6,67.9,23.5,0.138,76,0.855,399,0.469,135,0.378,0.522,14.8,3.4,5.9,6.9,34.9,1.58,0.58,8.6,0,2014-2015,0
696,Julius Randle,PF,20.0,1,13.6,28.3,16.2,0.205,2,0.0,3,0.333,0,0.0,0.258,2.0,0.0,0.0,0.0,0.0,0.0,0.0,0.0,0,2014-2015,0
697,Justin Hamilton,C,24.0,41,17.3,36.2,13.9,0.112,47,0.844,147,0.489,31,0.323,0.527,5.4,3.3,10.7,0.9,7.6,0.66,0.73,5.4,0,2014-2015,0
698,Justin Holiday,SG,25.0,59,11.1,23.2,19.1,0.102,45,0.822,126,0.444,109,0.321,0.498,4.3,1.2,6.0,0.8,10.1,0.68,0.2,5.8,0,2014-2015,0
699,Jusuf Nurkic,C,20.0,62,17.8,37.1,20.9,0.162,132,0.636,381,0.449,2,0.0,0.483,6.9,6.2,18.7,0.8,7.3,0.84,1.1,7.3,0,2014-2015,0
700,Kalin Lucas,PG,25.0,1,5.5,11.5,8.4,0.0,0,0.0,1,0.0,0,0.0,0.0,0.0,0.0,0.0,0.0,0.0,1.0,0.0,0.0,0,2014-2015,0
701,Kawhi Leonard,SF,23.0,64,31.8,66.2,23.4,0.094,252,0.802,630,0.519,192,0.349,0.567,16.5,7.2,12.9,2.5,13.0,2.31,0.75,8.4,0,2014-2015,0
702,Kelly Olynyk,C,23.0,64,22.2,46.3,21.4,0.143,136,0.684,353,0.538,175,0.349,0.558,10.3,4.8,11.7,1.7,12.2,1.0,0.61,7.9,0,2014-2015,0
703,Kemba Walker,PG,24.0,62,34.2,71.2,26.3,0.083,283,0.827,701,0.418,280,0.304,0.486,17.3,3.5,5.7,5.1,27.1,1.44,0.5,7.9,0,2014-2015,0
704,Kendall Marshall,PG,23.0,28,14.9,31.1,15.4,0.25,9,0.889,55,0.509,46,0.391,0.562,4.2,1.0,3.8,3.1,31.1,0.75,0.0,6.3,0,2014-2015,0
705,Kendrick Perkins,C,30.0,68,16.8,35.2,14.2,0.27,83,0.505,226,0.454,1,0.0,0.469,3.6,4.7,14.9,0.7,6.4,0.23,0.62,5.6,0,2014-2015,0
706,Kenneth Faried,PF,25.0,75,27.8,57.9,20.6,0.12,288,0.691,728,0.511,8,0.125,0.548,12.6,8.9,17.3,1.2,7.1,0.83,0.76,7.4,0,2014-2015,0
707,Kent Bazemore,SG,25.0,75,17.6,36.8,15.7,0.163,100,0.6,199,0.467,132,0.364,0.52,5.2,3.0,9.6,1.0,8.6,0.69,0.44,5.7,0,2014-2015,0
708,Kentavious Caldwell-Pope,SG,21.0,82,31.5,65.7,19.7,0.083,158,0.696,528,0.449,444,0.345,0.501,12.7,3.1,5.4,1.3,6.8,1.13,0.22,4.7,0,2014-2015,0
709,Kenyon Martin,PF,37.0,11,9.5,19.7,11.4,0.116,2,1.0,22,0.409,0,0.0,0.437,1.8,1.7,10.5,0.5,7.0,0.45,0.55,4.9,0,2014-2015,0
710,Kevin Durant,SF,26.0,27,33.8,70.4,29.5,0.12,171,0.854,308,0.565,159,0.403,0.633,25.4,6.6,10.5,4.1,22.2,0.89,0.93,10.4,0,2014-2015,1
711,Kevin Garnett,PF,38.0,47,20.2,42.2,18.0,0.122,45,0.794,299,0.476,7,0.149,0.496,6.9,6.6,18.3,1.6,13.1,0.98,0.36,8.3,0,2014-2015,0
712,Kevin Love,PF,26.0,75,33.8,70.3,22.0,0.1,321,0.804,560,0.48,392,0.367,0.562,16.4,9.7,16.6,2.2,10.7,0.68,0.52,8.3,0,2014-2015,1
713,Kevin Martin,SG,31.0,39,33.4,69.6,26.9,0.097,193,0.881,432,0.444,191,0.393,0.55,20.0,3.6,6.2,2.3,12.4,0.85,0.03,6.6,0,2014-2015,0
714,Kevin Seraphin,C,25.0,79,15.6,32.6,21.8,0.168,82,0.707,448,0.516,2,0.0,0.535,6.6,3.6,13.1,0.7,8.0,0.13,0.75,6.5,0,2014-2015,0
715,Khris Middleton,PF,23.0,79,30.1,62.7,20.3,0.108,156,0.859,601,0.494,268,0.407,0.563,13.4,4.4,8.4,2.3,12.7,1.54,0.14,6.8,0,2014-2015,0
716,Kirk Hinrich,SG,34.0,66,24.4,50.8,13.5,0.153,50,0.7,213,0.394,168,0.345,0.468,5.7,1.8,4.1,2.2,13.8,0.7,0.21,4.6,0,2014-2015,0
717,KJ McDaniels,SG,21.0,52,25.4,52.9,19.5,0.179,131,0.756,272,0.456,147,0.293,0.499,9.2,3.8,8.0,1.3,9.3,0.85,1.31,5.6,0,2014-2015,0
718,Klay Thompson,SG,24.0,77,31.9,66.4,28.1,0.095,256,0.879,754,0.481,545,0.439,0.591,21.7,3.2,5.4,2.9,14.6,1.13,0.78,7.3,1,2014-2015,0
719,Kobe Bryant,SG,36.0,35,34.5,71.8,35.4,0.135,241,0.813,529,0.401,184,0.293,0.477,22.3,5.7,9.1,5.6,29.9,1.34,0.2,10.4,0,2014-2015,0
720,Kosta Koufos,C,25.0,81,16.6,34.7,16.0,0.149,85,0.647,358,0.508,0,0.0,0.53,5.2,5.2,18.0,0.5,4.3,0.36,0.78,5.7,0,2014-2015,0
721,Kostas Papanikolaou,SF,24.0,43,18.5,38.5,14.4,0.212,18,0.722,91,0.418,106,0.292,0.444,4.2,2.7,8.2,2.0,15.7,0.67,0.3,6.1,0,2014-2015,0
722,Kris Humphries,PF,29.0,64,21.0,43.8,18.6,0.085,117,0.744,439,0.481,7,0.0,0.512,8.0,6.5,17.4,0.9,6.8,0.53,0.39,6.9,0,2014-2015,0
723,Kyle Anderson,SF,21.0,33,10.9,22.6,13.5,0.095,14,0.643,78,0.359,11,0.273,0.389,2.2,2.2,11.4,0.8,10.9,0.45,0.21,5.8,0,2014-2015,0
724,Kyle Korver,SG,33.0,75,32.2,67.2,14.6,0.141,118,0.898,151,0.47,449,0.492,0.699,12.1,4.1,7.2,2.6,12.2,0.71,0.56,6.3,0,2014-2015,0
725,Kyle Lowry,PG,28.0,70,34.5,71.9,25.7,0.128,312,0.808,652,0.457,391,0.338,0.527,17.8,4.7,7.8,6.8,32.4,1.56,0.19,9.6,0,2014-2015,0
726,Kyle O�Quinn,PF,24.0,51,16.2,33.7,18.0,0.171,57,0.772,199,0.538,43,0.279,0.55,5.8,3.9,13.6,1.2,11.3,0.61,0.76,7.4,0,2014-2015,0
727,Kyle Singler,SF,26.0,80,21.8,45.4,13.2,0.106,52,0.768,205,0.358,241,0.394,0.505,6.0,2.4,6.1,1.0,7.1,0.59,0.26,4.5,0,2014-2015,0
728,Kyrie Irving,PG,22.0,75,36.4,75.8,26.6,0.118,365,0.863,857,0.491,378,0.415,0.583,21.7,3.2,5.0,5.2,25.0,1.52,0.27,7.8,1,2014-2015,0
729,LaMarcus Aldridge,PF,29.0,71,35.4,73.7,30.6,0.072,362,0.845,1310,0.475,105,0.352,0.528,23.4,10.2,15.5,1.7,9.2,0.68,0.96,8.4,1,2014-2015,1
730,Lance Stephenson,SG,24.0,61,25.8,53.7,21.4,0.176,110,0.627,445,0.425,105,0.171,0.419,8.2,4.5,9.7,3.9,25.4,0.62,0.13,8.1,0,2014-2015,0
731,Lance Thomas,PF,26.0,62,24.0,50.1,17.1,0.13,99,0.726,420,0.412,22,0.215,0.451,7.2,3.1,7.5,1.1,7.3,0.6,0.13,4.8,0,2014-2015,0
732,Landry Fields,SF,26.0,26,8.3,17.3,10.9,0.155,6,0.833,39,0.487,2,0.5,0.527,1.8,1.0,6.9,0.6,10.0,0.42,0.0,4.9,0,2014-2015,0
733,Langston Galloway,PG,23.0,45,32.4,67.5,19.4,0.101,78,0.808,335,0.424,176,0.352,0.489,11.8,4.2,7.5,3.3,17.6,1.13,0.27,6.8,0,2014-2015,0
734,Larry Drew,PG,24.0,12,18.3,38.0,17.1,0.296,3,0.667,32,0.5,26,0.154,0.388,3.8,1.3,3.7,3.8,33.8,0.5,0.0,5.8,0,2014-2015,0
735,Larry Sanders,C,26.0,27,21.7,45.2,17.3,0.127,48,0.5,172,0.5,0,0.0,0.507,7.3,6.1,16.2,0.9,6.3,0.96,1.44,6.3,0,2014-2015,0
736,Lavoy Allen,PF,25.0,63,17.0,35.4,15.4,0.111,47,0.702,299,0.472,0,0.0,0.493,5.0,5.1,16.7,1.2,10.9,0.24,0.67,7.4,0,2014-2015,0
737,Leandro Barbosa,SG,32.0,66,14.9,31.0,20.8,0.095,74,0.784,274,0.511,112,0.384,0.558,7.1,1.4,5.0,1.5,14.9,0.62,0.12,6.6,0,2014-2015,0
738,LeBron James,SF,30.0,69,36.1,75.3,32.9,0.152,528,0.71,940,0.536,340,0.353,0.576,25.3,6.1,9.6,7.4,38.6,1.58,0.71,11.6,1,2014-2015,1
739,Lester Hudson,SG,30.0,5,11.1,23.2,15.4,0.16,4,0.75,8,0.375,6,0.5,0.571,3.6,1.6,8.1,1.0,12.7,1.2,0.2,6.5,0,2014-2015,0
740,Lorenzo Brown,PG,24.0,29,18.9,39.4,13.1,0.187,19,0.632,94,0.489,28,0.214,0.468,4.2,2.4,7.3,3.1,24.9,0.97,0.21,6.7,0,2014-2015,0
741,Lou Amundson,PF,32.0,53,17.7,36.9,16.7,0.19,87,0.494,254,0.411,1,0.0,0.431,4.8,5.0,16.2,1.3,11.7,0.41,0.98,6.9,0,2014-2015,0
742,Lou Williams,SG,28.0,80,25.2,52.5,27.3,0.084,395,0.861,481,0.464,447,0.34,0.564,15.5,1.9,4.3,2.1,13.6,1.1,0.13,6.3,0,2014-2015,0
743,Luc Mbah a Moute,PF,28.0,67,28.6,59.6,18.7,0.123,163,0.589,434,0.435,202,0.307,0.466,9.9,4.9,9.3,1.6,9.8,1.21,0.31,6.0,0,2014-2015,0
744,Luis Scola,PF,34.0,81,20.5,42.7,23.1,0.113,226,0.699,622,0.474,20,0.25,0.515,9.4,6.5,17.6,1.3,11.0,0.58,0.22,8.4,0,2014-2015,0
745,Luke Babbitt,SF,25.0,63,13.2,27.4,12.7,0.115,19,0.684,77,0.429,115,0.513,0.639,4.1,1.8,7.6,0.4,4.3,0.27,0.17,4.3,0,2014-2015,0
746,Luke Ridnour,PG,33.0,47,14.5,30.3,15.1,0.17,21,0.857,113,0.487,63,0.317,0.507,4.0,1.4,5.6,2.0,21.0,0.43,0.09,6.2,0,2014-2015,0
747,Luol Deng,SF,29.0,72,33.6,70.0,19.9,0.107,251,0.761,567,0.513,221,0.353,0.56,14.0,5.2,9.3,1.9,9.9,0.92,0.31,6.2,0,2014-2015,0
748,Malcolm Thomas,PF,26.0,17,11.4,23.8,13.4,0.221,13,0.692,33,0.545,7,0.0,0.492,2.6,3.3,15.6,0.4,6.0,0.18,0.06,5.3,0,2014-2015,0
749,Manu Ginobili,SG,37.0,70,22.7,47.2,24.2,0.185,204,0.721,331,0.489,258,0.345,0.544,10.5,3.0,7.5,4.2,28.6,0.96,0.29,9.0,0,2014-2015,0
750,Marc Gasol,C,30.0,81,33.2,69.1,25.0,0.121,440,0.795,1055,0.5,17,0.176,0.558,17.4,7.8,13.4,3.8,19.7,0.88,1.62,9.7,1,2014-2015,0
751,Marcin Gortat,C,30.0,82,29.9,62.3,17.9,0.105,175,0.703,772,0.569,3,0.0,0.587,12.2,8.7,16.5,1.2,6.5,0.6,1.34,6.7,0,2014-2015,0
752,Marco Belinelli,SG,28.0,62,22.4,46.7,19.1,0.106,99,0.848,240,0.471,230,0.374,0.553,9.2,2.5,6.4,1.5,10.3,0.5,0.05,5.8,0,2014-2015,0
753,Marcus Morris,PF,25.0,81,25.2,52.6,19.4,0.082,113,0.628,450,0.487,313,0.358,0.52,10.4,4.8,10.3,1.6,10.2,0.78,0.2,6.8,0,2014-2015,0
754,Marcus Smart,PG,20.0,67,27.0,56.2,15.3,0.144,127,0.646,205,0.41,272,0.335,0.491,7.8,3.3,6.7,3.1,16.3,1.48,0.27,6.4,0,2014-2015,0
755,Marcus Thornton,SG,27.0,48,15.0,31.3,24.6,0.071,56,0.82,202,0.435,143,0.36,0.503,7.9,1.8,6.7,0.8,7.9,0.56,0.15,5.7,0,2014-2015,0
756,Mario Chalmers,PG,28.0,80,29.6,61.7,19.2,0.182,266,0.774,415,0.467,248,0.294,0.521,10.2,2.6,5.2,3.8,21.0,1.53,0.13,6.3,0,2014-2015,0
757,Markel Brown,SG,23.0,47,16.6,34.6,15.5,0.103,57,0.825,146,0.404,64,0.266,0.459,4.6,2.3,7.7,0.8,7.4,0.66,0.26,4.9,0,2014-2015,0
758,Markieff Morris,PF,25.0,82,31.5,65.6,23.8,0.124,232,0.763,921,0.494,179,0.318,0.523,15.3,6.2,10.7,2.3,12.3,1.23,0.48,7.6,0,2014-2015,0
759,Marreese Speights,PF,27.0,76,15.9,33.1,29.5,0.102,178,0.843,628,0.498,18,0.278,0.546,10.4,4.3,14.5,1.0,10.1,0.26,0.45,8.9,0,2014-2015,0
760,Martell Webster,SF,28.0,32,11.0,22.9,18.4,0.157,64,0.75,48,0.292,42,0.238,0.449,3.3,1.4,7.4,0.5,6.7,0.22,0.03,4.8,0,2014-2015,0
761,Marvin Williams,PF,28.0,78,26.1,54.3,13.5,0.101,87,0.713,230,0.5,265,0.358,0.541,7.4,4.9,10.4,1.3,7.8,0.88,0.46,5.5,0,2014-2015,0
762,Mason Plumlee,C,24.0,82,21.3,44.3,19.5,0.144,317,0.495,486,0.576,3,0.0,0.57,8.7,6.2,16.5,0.9,7.0,0.79,0.77,6.9,0,2014-2015,0
763,Matt Barnes,SF,34.0,76,29.9,62.3,15.2,0.116,95,0.779,248,0.569,376,0.362,0.574,10.1,4.0,7.5,1.5,7.2,0.88,0.66,5.3,0,2014-2015,0
764,Matt Bonner,PF,34.0,72,13.0,27.1,12.7,0.043,37,0.811,104,0.462,126,0.365,0.536,3.7,1.6,7.0,0.7,7.1,0.14,0.17,4.9,0,2014-2015,0
765,Matthew Dellavedova,SG,24.0,67,20.6,42.9,12.8,0.159,38,0.763,140,0.307,167,0.407,0.493,4.8,1.9,5.2,3.0,21.1,0.36,0.03,5.9,0,2014-2015,0
766,Maurice Harkless,SF,21.0,45,15.0,31.2,13.9,0.133,41,0.537,102,0.52,56,0.179,0.449,3.5,2.4,8.9,0.6,5.4,0.71,0.2,4.6,0,2014-2015,0
767,Meyers Leonard,C,22.0,55,15.4,32.1,15.9,0.131,32,0.938,133,0.586,112,0.42,0.631,5.9,4.5,15.8,0.6,5.8,0.18,0.25,6.5,0,2014-2015,0
768,Michael Beasley,SF,26.0,24,21.0,43.8,24.6,0.142,26,0.769,178,0.472,34,0.235,0.474,8.8,3.7,10.6,1.3,11.5,0.63,0.54,6.6,0,2014-2015,0
769,Michael Carter-Williams,PG,23.0,66,32.5,67.9,27.1,0.194,291,0.695,766,0.429,153,0.213,0.464,14.7,5.4,9.0,6.7,37.0,1.68,0.46,9.9,0,2014-2015,0
770,Michael Kidd-Gilchrist,SF,21.0,55,28.9,60.1,18.6,0.099,214,0.701,482,0.465,0,0.0,0.519,10.9,7.6,14.4,1.4,8.2,0.55,0.69,6.7,0,2014-2015,0
771,Mike Conley,PG,27.0,70,31.8,66.2,24.0,0.136,249,0.859,605,0.473,277,0.386,0.558,15.8,3.0,5.4,5.4,28.0,1.27,0.2,8.0,0,2014-2015,0
772,Mike Dunleavy,SF,34.0,63,29.2,60.8,14.4,0.104,87,0.805,218,0.468,263,0.407,0.573,9.4,3.9,7.3,1.8,9.8,0.62,0.33,5.5,0,2014-2015,0
773,Mike Miller,SF,34.0,52,13.5,28.1,9.1,0.166,4,0.75,16,0.313,98,0.327,0.471,2.1,1.8,7.4,0.9,9.0,0.27,0.08,4.5,0,2014-2015,0
774,Mike Muscala,PF,23.0,40,12.6,26.2,16.9,0.115,25,0.88,129,0.574,22,0.409,0.608,4.9,3.0,13.6,0.6,8.0,0.4,0.48,6.6,0,2014-2015,0
775,Mike Scott,PF,26.0,68,16.5,34.4,21.7,0.074,77,0.792,261,0.517,192,0.344,0.543,7.8,2.9,10.1,1.1,10.9,0.37,0.04,7.1,0,2014-2015,0
776,Miles Plumlee,C,26.0,73,16.4,34.1,12.8,0.152,46,0.467,254,0.534,0,0.0,0.534,4.0,4.4,14.6,0.5,4.4,0.56,0.91,5.1,0,2014-2015,0
777,Mirza Teletovic,PF,29.0,40,22.3,46.5,20.3,0.135,46,0.717,126,0.476,193,0.321,0.5,8.5,4.9,12.2,1.1,8.0,0.35,0.4,6.4,0,2014-2015,0
778,Mitch McGary,PF,22.0,32,15.2,31.6,19.2,0.145,40,0.625,163,0.54,2,0.0,0.55,6.3,5.2,18.2,0.4,4.6,0.5,0.5,6.2,0,2014-2015,0
779,Mo Williams,PG,32.0,68,29.1,60.7,25.4,0.158,187,0.867,512,0.434,348,0.343,0.511,14.2,2.6,4.9,6.2,37.4,0.67,0.22,8.4,0,2014-2015,0
780,Monta Ellis,SG,29.0,80,33.7,70.3,28.3,0.117,303,0.752,1070,0.487,284,0.285,0.509,18.9,2.4,3.9,4.1,20.5,1.85,0.31,6.8,0,2014-2015,0
781,Nate Robinson,PG,30.0,42,14.1,29.3,22.9,0.099,46,0.689,143,0.399,112,0.28,0.432,5.7,1.2,4.6,2.3,25.7,0.47,0.07,7.0,0,2014-2015,0
782,Nate Wolters,PG,23.0,21,11.8,24.5,13.8,0.173,6,0.369,50,0.401,7,0.0,0.351,2.0,1.6,8.0,1.0,12.4,0.38,0.1,5.1,0,2014-2015,0
783,Nazr Mohammed,C,37.0,23,5.6,11.6,13.3,0.188,3,0.333,29,0.414,0,0.0,0.412,1.1,1.6,15.7,0.1,3.5,0.17,0.22,4.0,0,2014-2015,0
784,Nene,PF,32.0,67,25.3,52.7,22.2,0.152,202,0.604,596,0.513,5,0.2,0.534,11.0,5.1,11.5,1.8,11.9,0.99,0.33,7.4,0,2014-2015,0
785,Nerlens Noel,PF,20.0,75,30.8,64.2,17.3,0.162,230,0.609,653,0.462,0,0.0,0.493,9.9,8.1,14.3,1.7,9.8,1.77,1.89,6.7,0,2014-2015,0
786,Nick Calathes,SG,25.0,58,14.4,30.1,18.2,0.186,45,0.533,203,0.458,44,0.25,0.455,4.2,1.8,7.2,2.5,26.6,1.09,0.09,7.4,0,2014-2015,0
787,Nick Collison,PF,34.0,66,16.7,34.7,12.9,0.138,65,0.692,193,0.466,60,0.267,0.485,4.1,3.8,12.2,1.4,11.6,0.53,0.38,6.7,0,2014-2015,0
788,Nick Johnson,SG,22.0,28,9.4,19.5,17.6,0.181,25,0.68,54,0.389,21,0.238,0.43,2.6,1.4,8.2,0.4,6.3,0.25,0.11,4.8,0,2014-2015,0
789,Nick Young,SG,29.0,42,23.8,49.6,26.4,0.075,148,0.892,251,0.363,225,0.369,0.52,13.4,2.3,5.3,1.0,6.9,0.55,0.26,5.3,0,2014-2015,0
790,Nicolas Batum,SF,26.0,71,33.5,69.8,14.7,0.171,98,0.857,291,0.481,308,0.325,0.517,9.4,5.9,9.4,4.8,20.5,1.1,0.56,7.7,0,2014-2015,0
791,Nik Stauskas,SG,21.0,73,15.4,32.2,14.5,0.11,64,0.859,147,0.408,149,0.322,0.492,4.4,1.2,4.4,0.9,9.0,0.27,0.23,4.4,0,2014-2015,0
792,Nikola Mirotic,PF,23.0,82,20.2,42.0,23.1,0.106,284,0.803,311,0.495,313,0.316,0.556,10.2,4.9,13.3,1.2,9.7,0.66,0.66,7.8,0,2014-2015,0
793,Nikola Pekovic,C,29.0,31,26.3,54.8,23.4,0.098,129,0.837,328,0.424,0,0.0,0.502,12.5,7.5,16.4,0.9,5.7,0.61,0.39,6.7,0,2014-2015,0
794,Nikola Vucevic,C,24.0,74,34.2,71.2,26.4,0.102,218,0.752,1200,0.524,6,0.333,0.548,19.3,10.9,18.1,2.0,11.0,0.73,0.73,8.8,0,2014-2015,0
795,Noah Vonleh,PF,19.0,25,10.3,21.5,17.6,0.112,26,0.692,63,0.397,13,0.385,0.475,3.3,3.4,18.3,0.2,2.5,0.16,0.36,5.1,0,2014-2015,0
796,Norris Cole,PG,26.0,75,24.4,50.9,17.9,0.144,81,0.714,382,0.456,176,0.307,0.477,7.6,2.1,5.1,3.4,22.3,0.76,0.2,6.2,0,2014-2015,0
797,O.J. Mayo,SG,27.0,71,23.9,49.8,24.0,0.144,139,0.827,424,0.465,276,0.359,0.529,11.4,2.6,6.3,2.8,19.4,0.8,0.25,7.3,0,2014-2015,0
798,Omer Asik,C,28.0,76,26.1,54.3,14.2,0.157,225,0.582,412,0.517,0,0.0,0.545,7.3,9.8,21.4,1.0,5.5,0.38,0.71,6.4,0,2014-2015,0
799,Omri Casspi,SF,26.0,67,21.1,44.0,18.9,0.147,191,0.733,340,0.512,87,0.402,0.58,8.9,3.9,10.4,1.5,11.8,0.46,0.12,7.1,0,2014-2015,0
800,Otto Porter,SF,21.0,74,19.4,40.3,15.4,0.109,79,0.734,287,0.491,104,0.337,0.523,6.0,3.0,8.7,0.9,6.8,0.59,0.41,5.2,0,2014-2015,0
801,Pablo Prigioni,PG,37.0,67,17.9,37.2,11.8,0.198,41,0.854,62,0.55,166,0.339,0.552,4.1,1.8,5.7,2.5,21.5,1.18,0.01,5.9,0,2014-2015,0
802,Patrick Beverley,PG,26.0,56,30.8,64.2,16.3,0.129,60,0.75,209,0.426,323,0.356,0.509,10.1,4.2,7.6,3.4,17.2,1.05,0.41,6.8,0,2014-2015,0
803,Patrick Christopher,SG,26.0,4,7.2,15.0,21.1,0.077,0,0.0,8,0.375,4,0.0,0.25,1.5,1.5,12.1,0.0,0.0,0.25,0.0,0.0,0,2014-2015,0
804,Patrick Patterson,PF,25.0,81,26.6,55.5,13.3,0.087,80,0.788,252,0.536,283,0.371,0.568,8.0,5.3,11.6,1.9,10.7,0.74,0.54,6.5,0,2014-2015,0
805,Patty Mills,PG,26.0,51,15.7,32.7,22.4,0.09,40,0.825,154,0.429,182,0.341,0.496,6.9,1.5,5.3,1.7,16.9,0.55,0.04,6.6,0,2014-2015,0
806,Pau Gasol,PF,34.0,78,34.4,71.6,25.0,0.107,366,0.803,1127,0.495,26,0.462,0.55,18.5,11.8,18.6,2.7,14.4,0.32,1.88,9.7,1,2014-2015,0
807,Paul George,SF,24.0,6,15.2,31.6,33.2,0.182,11,0.727,27,0.333,22,0.409,0.492,8.8,3.7,13.4,1.0,11.8,0.83,0.17,8.4,0,2014-2015,1
808,Paul Millsap,PF,29.0,73,32.7,68.2,24.2,0.133,337,0.757,714,0.513,216,0.356,0.565,16.7,7.8,13.6,3.1,15.4,1.78,0.95,9.0,0,2014-2015,0
809,Paul Pierce,SF,37.0,73,26.2,54.6,20.2,0.109,210,0.781,353,0.496,303,0.389,0.58,11.9,4.0,8.7,2.0,11.9,0.63,0.33,7.0,0,2014-2015,0
810,Pero Antic,PF,32.0,63,16.5,34.3,17.9,0.123,123,0.715,123,0.455,173,0.301,0.508,5.7,3.0,10.4,0.8,6.9,0.29,0.24,5.8,0,2014-2015,0
811,Perry Jones,SF,23.0,43,14.7,30.6,15.5,0.107,37,0.649,124,0.476,60,0.233,0.459,4.3,1.8,6.5,0.4,4.1,0.4,0.19,4.0,0,2014-2015,0
812,Phil Pressey,PG,23.0,50,12.0,25.0,17.5,0.173,49,0.673,109,0.44,65,0.246,0.453,3.5,1.6,7.3,2.3,28.0,0.6,0.12,7.8,0,2014-2015,0
813,PJ Hairston,SG,22.0,45,15.3,31.8,20.7,0.072,36,0.861,106,0.358,163,0.301,0.446,5.6,2.0,7.4,0.5,5.0,0.47,0.29,4.6,0,2014-2015,0
814,PJ Tucker,SF,29.0,78,30.6,63.7,14.2,0.127,143,0.727,344,0.506,252,0.345,0.541,9.1,6.4,11.5,1.6,7.4,1.37,0.29,5.9,0,2014-2015,0
815,Quincy Acy,PF,24.0,68,18.9,39.4,15.7,0.138,97,0.784,271,0.494,60,0.3,0.533,5.9,4.4,13.5,1.0,8.7,0.4,0.32,6.3,0,2014-2015,0
816,Quincy Miller,PF,22.0,10,12.0,24.9,18.1,0.106,11,0.436,20,0.297,18,0.159,0.343,2.9,2.0,9.7,0.8,9.2,0.7,0.5,5.5,0,2014-2015,0
817,Quincy Pondexter,SF,26.0,75,23.9,49.8,14.0,0.089,96,0.735,203,0.481,244,0.353,0.536,7.2,2.6,6.2,1.2,7.6,0.25,0.32,4.7,0,2014-2015,0
818,Rajon Rondo,PG,28.0,68,29.7,61.9,19.9,0.236,78,0.414,559,0.444,86,0.319,0.448,9.0,5.5,10.0,7.9,38.9,1.33,0.11,9.6,0,2014-2015,0
819,Ramon Sessions,PG,28.0,64,18.5,38.7,19.0,0.174,173,0.764,274,0.387,60,0.298,0.488,6.3,2.2,6.8,2.9,22.9,0.45,0.0,7.4,0,2014-2015,0
820,Randy Foye,SG,31.0,50,21.7,45.3,19.6,0.123,55,0.818,139,0.388,263,0.357,0.51,8.7,1.7,4.2,2.4,17.0,0.68,0.22,6.1,0,2014-2015,0
821,Rasual Butler,SF,35.0,75,20.1,41.8,18.2,0.081,67,0.791,282,0.45,235,0.387,0.531,7.7,2.6,7.4,0.8,6.5,0.4,0.29,5.0,0,2014-2015,0
822,Ray McCallum,PG,23.0,68,21.1,44.0,18.5,0.144,84,0.679,359,0.479,111,0.306,0.496,7.4,2.6,7.1,2.8,21.3,0.66,0.16,7.2,0,2014-2015,0
823,Raymond Felton,PG,30.0,29,9.7,20.2,21.0,0.138,15,0.8,72,0.458,34,0.294,0.48,3.7,0.9,5.1,1.4,22.4,0.38,0.14,6.9,0,2014-2015,0
824,Reggie Bullock,SF,23.0,36,9.4,19.6,11.1,0.098,9,0.708,24,0.404,46,0.267,0.436,1.9,1.4,8.2,0.2,3.2,0.28,0.11,3.2,0,2014-2015,0
825,Reggie Evans,PF,34.0,47,16.3,33.9,13.2,0.2,97,0.619,135,0.43,2,0.0,0.49,3.7,6.4,22.2,0.7,6.1,0.47,0.11,6.3,0,2014-2015,0
826,Reggie Jackson,PG,24.0,77,29.5,61.4,24.7,0.142,218,0.838,755,0.479,241,0.299,0.511,14.5,4.2,7.8,6.0,33.7,0.8,0.12,9.5,0,2014-2015,0
827,Reggie Williams,SF,28.0,20,5.3,10.9,18.8,0.047,4,1.0,20,0.6,19,0.158,0.454,1.9,0.9,9.2,0.5,14.4,0.05,0.0,7.2,0,2014-2015,0
828,Richard Jefferson,SF,34.0,74,16.8,35.0,15.5,0.122,114,0.684,169,0.462,155,0.426,0.577,5.8,2.5,8.1,0.8,7.0,0.43,0.15,5.4,0,2014-2015,0
829,Ricky Ledo,SG,22.0,12,19.4,40.5,24.6,0.195,20,0.75,66,0.333,24,0.417,0.45,7.4,2.8,8.4,1.5,13.1,0.5,0.08,6.5,0,2014-2015,0
830,Ricky Rubio,PG,24.0,22,31.5,65.5,20.3,0.204,71,0.803,168,0.387,51,0.255,0.452,10.3,5.7,10.3,8.8,43.5,1.82,0.05,10.2,0,2014-2015,0
831,Robbie Hummel,SF,25.0,45,16.5,34.3,12.2,0.089,29,0.828,121,0.521,51,0.314,0.536,4.4,3.0,10.3,0.6,5.6,0.36,0.2,4.8,0,2014-2015,0
832,Robert Covington,SF,24.0,70,27.9,58.2,22.2,0.131,217,0.82,310,0.426,446,0.374,0.554,13.5,4.5,8.8,1.5,9.8,1.39,0.44,6.5,0,2014-2015,0
833,Robert Sacre,C,25.0,67,16.9,35.2,15.0,0.095,82,0.671,305,0.413,1,0.0,0.449,4.6,3.5,11.3,0.8,7.4,0.42,0.64,5.5,0,2014-2015,0
834,Robin Lopez,C,26.0,59,27.8,57.8,15.6,0.129,127,0.772,436,0.537,1,0.0,0.574,9.6,6.7,12.9,0.9,5.1,0.27,1.42,5.6,0,2014-2015,0
835,Rodney Hood,SG,22.0,50,21.3,44.4,19.9,0.099,80,0.763,204,0.456,170,0.365,0.529,8.7,2.3,6.4,1.7,13.2,0.6,0.24,6.1,0,2014-2015,0
836,Rodney Stuckey,PG,28.0,71,26.4,55.0,23.6,0.122,216,0.819,613,0.452,141,0.39,0.528,12.6,3.5,7.3,3.1,20.2,0.79,0.14,7.8,0,2014-2015,0
837,Ronnie Price,PG,31.0,43,22.8,47.6,13.5,0.176,45,0.8,114,0.404,109,0.284,0.455,5.1,1.6,3.9,3.8,24.4,1.56,0.09,5.5,0,2014-2015,0
838,Ronny Turiaf,C,32.0,2,9.7,20.2,0.0,0.0,0,0.0,0,0.0,0,0.0,0.0,0.0,0.5,3.0,1.0,13.7,0.0,0.0,0.0,0,2014-2015,0
839,Roy Hibbert,C,28.0,76,25.3,52.8,21.6,0.118,204,0.824,708,0.448,2,0.0,0.501,10.6,7.1,15.5,1.1,7.4,0.24,1.64,6.9,0,2014-2015,0
840,Rudy Gay,SF,28.0,68,35.4,73.8,27.4,0.124,393,0.858,896,0.479,220,0.359,0.556,21.1,5.9,9.4,3.7,19.0,1.04,0.6,8.7,0,2014-2015,0
841,Rudy Gobert,C,22.0,82,26.3,54.8,14.2,0.169,273,0.623,425,0.607,2,0.0,0.627,8.4,9.5,20.8,1.3,8.1,0.78,2.29,7.1,0,2014-2015,0
842,Russ Smith,PG,23.0,6,6.0,12.5,33.3,0.194,13,0.923,10,0.5,5,0.2,0.603,4.2,0.5,4.8,1.0,27.3,0.5,0.0,8.5,0,2014-2015,0
843,Russell Westbrook,PG,26.0,67,34.4,71.6,38.9,0.143,654,0.835,1183,0.457,288,0.299,0.536,28.1,7.3,11.4,8.6,47.1,2.09,0.21,14.1,1,2014-2015,0
844,Ryan Anderson,PF,26.0,61,27.5,57.2,23.8,0.072,151,0.854,370,0.457,359,0.34,0.524,13.7,4.9,10.0,0.9,5.4,0.54,0.33,5.7,0,2014-2015,0
845,Ryan Hollins,C,30.0,46,9.6,20.0,13.3,0.191,54,0.574,82,0.646,0,0.0,0.648,3.0,2.2,13.2,0.3,5.0,0.13,0.41,5.2,0,2014-2015,0
846,Ryan Kelly,PF,23.0,52,23.7,49.4,14.2,0.095,95,0.832,175,0.337,134,0.336,0.473,6.4,2.8,6.5,1.8,10.9,0.56,0.46,5.4,0,2014-2015,0
847,Samuel Dalembert,C,33.0,32,17.0,35.4,15.3,0.219,20,0.7,130,0.438,0,0.0,0.461,4.0,5.3,17.8,0.9,8.6,0.44,1.28,6.3,0,2014-2015,0
848,Sean Kilpatrick,SG,25.0,4,17.9,37.2,14.8,0.084,4,1.0,7,0.429,13,0.308,0.506,5.5,1.5,4.8,1.0,8.5,0.75,0.0,4.5,0,2014-2015,0
849,Sebastian Telfair,PG,29.0,16,20.4,42.6,21.1,0.114,34,0.706,65,0.431,60,0.3,0.479,8.4,1.9,4.9,2.8,20.8,0.63,0.0,7.0,0,2014-2015,0
850,Serge Ibaka,PF,25.0,64,33.1,68.9,19.2,0.104,110,0.836,581,0.511,205,0.376,0.549,14.3,7.8,12.6,0.9,4.2,0.47,2.42,5.6,0,2014-2015,0
851,Sergey Karasev,SG,21.0,33,16.8,35.1,14.6,0.137,38,0.763,80,0.475,54,0.296,0.508,4.6,2.0,6.7,1.4,12.3,0.7,0.03,5.6,0,2014-2015,0
852,Shabazz Muhammad,SG,22.0,38,22.8,47.4,25.6,0.071,145,0.717,346,0.503,51,0.392,0.556,13.5,4.1,10.2,1.2,9.6,0.47,0.18,7.1,0,2014-2015,0
853,Shabazz Napier,PG,23.0,51,19.8,41.3,15.7,0.243,56,0.786,110,0.4,118,0.364,0.517,5.1,2.2,6.7,2.5,19.9,0.78,0.08,6.1,0,2014-2015,0
854,Shane Larkin,PG,22.0,76,24.5,51.1,13.8,0.151,78,0.782,316,0.481,116,0.302,0.504,6.2,2.3,5.5,3.0,19.4,1.22,0.12,5.7,0,2014-2015,0
855,Shannon Brown,SG,29.0,5,17.8,37.0,13.3,0.162,4,0.75,12,0.333,7,0.429,0.482,4.0,0.2,0.7,0.6,5.2,0.8,0.0,1.8,0,2014-2015,0
856,Shaun Livingston,PG,29.0,78,18.8,39.2,16.2,0.19,91,0.714,394,0.503,2,0.0,0.529,5.9,2.3,6.7,3.3,24.2,0.63,0.26,7.6,0,2014-2015,0
857,Shavlik Randolph,PF,31.0,21,6.0,12.5,15.6,0.069,12,0.5,30,0.297,5,0.0,0.297,1.2,1.8,17.0,0.2,4.5,0.24,0.15,5.1,0,2014-2015,0
858,Shawn Marion,SF,36.0,57,19.3,40.2,13.1,0.105,34,0.765,221,0.484,46,0.261,0.489,4.8,3.5,10.5,0.9,6.9,0.47,0.47,5.1,0,2014-2015,0
859,Shawne Williams,SF,28.0,63,17.3,35.9,15.8,0.088,40,0.894,122,0.466,178,0.322,0.518,5.4,2.7,9.0,0.7,6.7,0.4,0.34,5.0,0,2014-2015,0
860,Shayne Whittington,PF,23.0,20,5.4,11.3,24.2,0.088,23,0.783,36,0.5,6,0.167,0.547,2.9,1.5,14.8,0.3,9.6,0.25,0.1,8.1,0,2014-2015,0
861,Shelvin Mack,PG,24.0,55,15.1,31.5,19.8,0.138,31,0.806,165,0.467,127,0.315,0.489,5.4,1.4,5.4,2.8,28.6,0.53,0.04,7.3,0,2014-2015,0
862,Solomon Hill,SF,23.0,82,29.0,60.5,16.0,0.137,193,0.824,426,0.43,208,0.327,0.507,8.9,3.8,7.3,2.2,11.9,0.8,0.22,5.8,0,2014-2015,0
863,Spencer Dinwiddie,PG,21.0,34,13.4,27.9,21.4,0.152,34,0.912,104,0.375,65,0.185,0.394,4.3,1.4,5.7,3.1,34.9,0.56,0.18,7.9,0,2014-2015,0
864,Spencer Hawes,PF,26.0,73,17.5,36.4,18.1,0.121,68,0.647,239,0.452,175,0.314,0.479,5.8,3.5,11.4,1.2,10.0,0.33,0.73,6.6,0,2014-2015,0
865,Stephen Curry,PG,26.0,80,32.7,68.1,29.4,0.143,337,0.914,695,0.528,646,0.443,0.638,23.8,4.3,7.0,7.7,38.6,2.04,0.2,11.3,1,2014-2015,1
866,Steve Blake,PG,34.0,81,18.9,39.3,13.3,0.232,41,0.707,108,0.417,219,0.352,0.507,4.3,1.7,4.8,3.6,26.2,0.51,0.06,6.3,0,2014-2015,0
867,Steve Novak,SF,31.0,35,5.7,11.8,14.7,0.081,2,0.0,8,0.186,48,0.379,0.553,1.8,0.6,6.7,0.3,8.7,0.0,0.06,5.3,0,2014-2015,0
868,Steven Adams,C,21.0,70,25.3,52.7,14.5,0.168,205,0.502,397,0.547,2,0.0,0.549,7.7,7.5,15.8,0.9,5.4,0.54,1.23,5.9,0,2014-2015,0
869,Taj Gibson,PF,29.0,62,27.3,56.9,17.9,0.116,184,0.717,507,0.503,0,0.0,0.546,10.4,6.4,12.8,1.1,6.9,0.58,1.21,6.1,0,2014-2015,0
870,Tarik Black,C,23.0,63,19.0,39.5,13.9,0.133,118,0.544,272,0.573,1,0.0,0.578,6.0,5.8,17.1,0.7,5.3,0.3,0.38,5.8,0,2014-2015,0
871,Tayshaun Prince,SF,34.0,58,24.1,50.2,15.2,0.075,65,0.762,335,0.436,67,0.469,0.505,7.5,3.6,8.3,1.6,10.3,0.5,0.28,5.8,0,2014-2015,0
872,Terrence Jones,PF,23.0,33,27.0,56.2,18.7,0.098,94,0.606,262,0.553,37,0.351,0.567,11.7,6.7,13.7,1.1,6.9,0.55,1.79,6.5,0,2014-2015,0
873,Terrence Ross,SF,23.0,82,25.5,53.1,18.5,0.081,56,0.786,363,0.452,390,0.372,0.519,9.8,2.8,6.2,1.0,6.5,0.65,0.3,4.7,0,2014-2015,0
874,Thabo Sefolosha,SF,30.0,52,18.8,39.1,14.9,0.122,58,0.776,171,0.462,78,0.321,0.506,5.3,4.3,13.1,1.4,11.2,1.02,0.4,6.7,0,2014-2015,0
875,Thaddeus Young,PF,26.0,76,32.0,66.7,21.8,0.1,200,0.654,853,0.486,115,0.324,0.509,14.1,5.4,9.6,2.3,12.2,1.62,0.33,6.9,0,2014-2015,0
876,Thomas Robinson,PF,23.0,54,14.8,30.7,19.7,0.183,106,0.505,258,0.498,2,0.0,0.506,5.7,5.6,20.0,0.6,6.8,0.61,0.37,6.9,0,2014-2015,0
877,Tiago Splitter,C,30.0,52,19.8,41.3,18.6,0.144,120,0.75,303,0.558,0,0.0,0.601,8.2,4.8,13.9,1.5,11.8,0.67,0.71,7.9,0,2014-2015,0
878,Tim Duncan,PF,38.0,77,28.9,60.3,22.5,0.121,311,0.74,812,0.514,7,0.286,0.56,13.9,9.2,18.0,3.0,16.8,0.82,1.95,10.1,1,2014-2015,0
879,Tim Frazier,PG,24.0,11,21.8,45.3,17.9,0.26,21,0.56,44,0.398,17,0.3,0.44,5.2,2.6,6.5,5.5,38.6,0.73,0.0,7.9,0,2014-2015,0
880,Tim Hardaway Jr.,SG,22.0,70,24.0,50.0,24.1,0.095,156,0.801,363,0.435,354,0.342,0.512,11.5,2.2,5.4,1.8,13.5,0.29,0.2,6.0,0,2014-2015,0
881,Timofey Mozgov,C,28.0,81,25.3,52.6,17.1,0.149,216,0.719,560,0.555,6,0.144,0.592,9.7,7.3,16.1,0.7,4.3,0.41,1.2,5.7,0,2014-2015,0
882,TJ Warren,SF,21.0,40,15.4,32.0,18.1,0.108,19,0.737,193,0.56,21,0.238,0.551,6.1,2.1,7.6,0.6,6.6,0.45,0.23,5.1,0,2014-2015,0
883,Tobias Harris,SF,22.0,68,34.8,72.6,22.8,0.098,245,0.788,710,0.5,239,0.364,0.551,17.1,6.3,10.3,1.8,8.8,1.01,0.53,6.7,0,2014-2015,0
884,Toney Douglas,PG,28.0,12,14.7,30.7,17.6,0.15,13,0.615,33,0.424,18,0.278,0.45,4.3,1.8,7.1,2.0,20.0,0.92,0.33,6.8,0,2014-2015,0
885,Tony Allen,SG,33.0,63,26.2,54.5,16.8,0.144,126,0.627,426,0.505,29,0.345,0.528,8.6,4.4,9.7,1.4,8.1,2.03,0.48,5.7,0,2014-2015,0
886,Tony Parker,PG,32.0,68,28.7,59.8,24.8,0.139,166,0.783,743,0.493,89,0.427,0.539,14.4,1.9,3.7,4.9,28.7,0.65,0.03,7.1,0,2014-2015,1
887,Tony Snell,SF,23.0,72,19.6,40.9,14.3,0.108,55,0.8,174,0.494,197,0.371,0.55,6.0,2.4,6.8,0.9,6.8,0.44,0.15,4.8,0,2014-2015,0
888,Tony Wroten,SG,21.0,30,29.8,62.1,31.0,0.18,180,0.667,292,0.473,142,0.261,0.494,16.9,2.9,5.2,5.2,34.9,1.6,0.27,8.5,0,2014-2015,0
889,Travis Wear,SF,24.0,51,13.2,27.4,17.8,0.137,26,0.769,179,0.408,30,0.367,0.451,3.9,2.1,9.1,0.8,9.9,0.29,0.22,5.7,0,2014-2015,0
890,Trevor Ariza,SF,29.0,82,35.7,74.4,16.7,0.127,143,0.853,355,0.485,555,0.35,0.539,12.8,5.6,8.6,2.5,11.1,1.85,0.21,6.3,0,2014-2015,0
891,Trevor Booker,PF,27.0,79,19.8,41.2,18.4,0.143,148,0.581,380,0.518,84,0.345,0.536,7.2,5.0,14.7,1.1,9.0,0.54,0.52,6.9,0,2014-2015,0
892,Trey Burke,PG,22.0,76,30.1,62.7,24.4,0.104,145,0.752,615,0.4,390,0.318,0.455,12.8,2.7,5.1,4.3,25.0,0.86,0.2,7.0,0,2014-2015,0
893,Tristan Thompson,PF,23.0,82,26.8,55.7,14.2,0.122,248,0.641,488,0.547,0,0.0,0.58,8.5,8.0,17.2,0.5,2.7,0.41,0.74,4.8,0,2014-2015,0
894,Troy Daniels,SG,23.0,47,8.5,17.6,21.4,0.105,13,0.876,47,0.404,118,0.354,0.495,3.8,0.7,4.8,0.5,9.2,0.12,0.02,4.9,0,2014-2015,0
895,Ty Lawson,PG,27.0,75,35.5,74.0,20.9,0.146,363,0.73,721,0.463,205,0.341,0.526,15.2,3.1,4.7,9.6,43.0,1.23,0.12,8.6,0,2014-2015,0
896,Tyler Ennis,PG,20.0,33,12.5,26.0,21.2,0.227,7,0.697,101,0.404,43,0.285,0.421,3.7,1.1,5.0,2.3,28.4,0.55,0.15,6.9,0,2014-2015,0
897,Tyler Hansbrough,PF,29.0,74,14.3,29.8,10.7,0.081,139,0.698,158,0.538,7,0.143,0.597,3.6,3.6,14.4,0.3,2.8,0.41,0.2,4.4,0,2014-2015,0
898,Tyler Johnson,SG,22.0,32,18.8,39.3,17.2,0.138,47,0.681,119,0.437,48,0.375,0.506,5.9,2.5,8.1,1.3,11.3,1.03,0.28,5.7,0,2014-2015,0
899,Tyler Zeller,C,25.0,82,21.1,44.0,19.9,0.099,186,0.823,617,0.551,0,0.0,0.596,10.2,5.7,14.7,1.4,10.8,0.22,0.63,8.2,0,2014-2015,0
900,Tyreke Evans,SF,25.0,79,34.0,70.9,26.6,0.16,291,0.694,938,0.482,227,0.304,0.508,16.6,5.3,8.8,6.6,32.7,1.27,0.47,9.8,0,2014-2015,0
901,Tyson Chandler,C,32.0,75,30.5,63.5,13.1,0.16,257,0.72,440,0.666,0,0.0,0.697,10.3,11.5,20.7,1.1,5.3,0.56,1.21,6.6,0,2014-2015,0
902,Udonis Haslem,PF,34.0,62,16.0,33.4,14.8,0.133,64,0.703,229,0.459,10,0.2,0.488,4.2,4.2,15.6,0.7,7.4,0.34,0.21,5.8,0,2014-2015,0
903,Vander Blue,SG,22.0,2,36.9,76.8,23.4,0.157,5,0.4,20,0.35,10,0.2,0.342,11.0,4.5,6.7,4.0,16.8,1.5,0.0,6.3,0,2014-2015,0
904,Victor Claver,SF,26.0,10,7.6,15.8,14.3,0.167,0,0.0,9,0.333,11,0.545,0.6,2.4,2.0,14.1,0.1,1.9,0.1,0.1,4.1,0,2014-2015,0
905,Victor Oladipo,PG,22.0,72,35.7,74.4,25.6,0.143,320,0.819,838,0.464,248,0.339,0.527,17.9,4.2,6.6,4.1,19.3,1.67,0.26,7.6,0,2014-2015,0
906,Vince Carter,SG,38.0,66,16.5,34.4,20.2,0.091,57,0.789,174,0.379,232,0.297,0.445,5.8,2.0,7.0,1.2,11.1,0.65,0.21,5.8,0,2014-2015,0
907,Wayne Ellington,SG,27.0,65,25.8,53.7,18.7,0.072,64,0.813,374,0.439,243,0.37,0.504,10.0,3.2,6.9,1.6,10.2,0.51,0.03,5.8,0,2014-2015,0
908,Wesley Johnson,SF,27.0,76,29.5,61.5,16.6,0.105,112,0.804,432,0.451,259,0.351,0.509,9.9,4.2,7.8,1.6,8.6,0.78,0.59,5.5,0,2014-2015,0
909,Wesley Matthews,SG,28.0,60,33.7,70.3,20.1,0.09,145,0.752,307,0.534,446,0.388,0.585,15.9,3.7,5.9,2.3,10.8,1.28,0.17,6.1,0,2014-2015,0
910,Will Barton,SG,24.0,58,17.0,35.4,19.9,0.136,94,0.736,268,0.456,85,0.252,0.476,6.9,2.8,8.0,1.4,13.1,0.83,0.33,6.6,0,2014-2015,0
911,Will Bynum,SG,32.0,7,9.5,19.9,28.2,0.196,4,0.5,22,0.455,9,0.0,0.336,3.1,0.9,5.1,2.6,42.4,0.14,0.14,8.2,0,2014-2015,0
912,Will Cherry,PG,23.0,8,8.7,18.1,17.0,0.156,6,0.5,10,0.3,9,0.222,0.347,1.9,0.6,4.1,1.0,16.3,0.75,0.13,4.8,0,2014-2015,0
913,Willie Green,SG,33.0,52,18.3,38.1,17.9,0.13,34,0.824,185,0.411,121,0.347,0.477,5.9,1.5,4.7,1.3,10.9,0.5,0.1,4.9,0,2014-2015,0
914,Wilson Chandler,SF,27.0,78,31.7,66.0,20.4,0.096,142,0.775,569,0.49,406,0.342,0.523,13.9,6.1,10.4,1.7,8.9,0.74,0.37,6.6,0,2014-2015,0
915,Xavier Henry,SF,23.0,9,9.5,19.8,14.0,0.113,24,0.583,13,0.231,0,0.0,0.424,2.2,0.4,2.6,0.3,4.8,0.33,0.0,2.7,0,2014-2015,0
916,Zach LaVine,PG,19.0,77,24.7,51.5,22.3,0.204,177,0.842,510,0.449,167,0.341,0.515,10.1,2.8,6.4,3.6,24.0,0.7,0.13,7.6,0,2014-2015,0
917,Zach Randolph,PF,33.0,71,32.4,67.6,24.7,0.129,298,0.765,912,0.49,20,0.35,0.538,16.1,10.5,18.5,2.2,11.4,0.97,0.2,8.9,0,2014-2015,0
918,Zaza Pachulia,C,30.0,73,23.7,49.4,19.4,0.182,160,0.788,526,0.456,3,0.0,0.506,8.3,6.8,16.5,2.4,16.2,1.1,0.29,8.7,0,2014-2015,0
919,Zoran Dragic,SG,25.0,10,6.2,12.9,21.6,0.179,2,0.5,13,0.462,9,0.333,0.481,2.2,0.5,4.9,0.4,11.1,0.2,0.0,4.9,0,2014-2015,0
920,Aaron Brooks,PG,31.0,69,16.1,33.4,23.0,0.141,64,0.766,285,0.428,185,0.357,0.493,7.1,1.5,4.8,2.6,26.0,0.43,0.14,7.5,0,2015-2016,0
921,Aaron Gordon,PF,20.0,78,23.9,49.8,17.3,0.09,193,0.668,437,0.531,142,0.296,0.541,9.2,6.5,15.1,1.6,10.3,0.76,0.71,7.7,0,2015-2016,0
922,Adreian Payne,PF,24.0,52,9.3,19.5,17.9,0.186,26,0.654,114,0.386,32,0.281,0.419,2.5,2.2,13.4,0.6,8.9,0.31,0.21,6.4,0,2015-2016,0
923,Al Horford,C,29.0,82,32.1,66.9,20.6,0.088,129,0.798,792,0.557,256,0.344,0.565,15.2,7.3,12.4,3.2,16.8,0.83,1.49,8.8,0,2015-2016,0
924,Al Jefferson,C,31.0,47,23.3,48.6,24.2,0.058,111,0.649,505,0.485,0,0.0,0.507,12.0,6.4,15.0,1.5,11.8,0.64,0.87,8.4,0,2015-2016,0
925,Alan Anderson,SG,33.0,13,14.8,30.8,15.4,0.03,15,0.733,22,0.409,37,0.324,0.495,5.0,2.1,7.9,1.1,10.3,0.31,0.08,6.1,0,2015-2016,0
926,Alan Williams,PF,23.0,10,6.8,14.2,22.6,0.166,14,0.643,24,0.417,0,0.0,0.481,2.9,3.8,30.3,0.5,11.7,0.4,0.5,10.4,0,2015-2016,0
927,Alec Burks,SG,24.0,31,25.7,53.6,25.9,0.114,141,0.752,255,0.412,79,0.405,0.52,13.3,3.5,8.0,2.0,13.9,0.58,0.13,7.1,0,2015-2016,0
928,Alex Len,C,22.0,78,23.3,48.6,20.4,0.166,239,0.728,617,0.426,7,0.143,0.482,9.0,7.6,17.7,1.2,8.5,0.49,0.79,7.5,0,2015-2016,0
929,Alex Stepheson,PF,28.0,4,15.2,31.6,22.5,0.0,10,0.4,26,0.308,0,0.0,0.329,5.0,6.5,24.5,0.5,5.2,0.25,0.75,6.7,0,2015-2016,0
930,Alexis Ajinca,C,27.0,59,14.6,30.4,20.4,0.136,62,0.839,314,0.478,1,0.0,0.514,6.0,4.6,17.3,0.5,5.8,0.32,0.61,6.6,0,2015-2016,0
931,Al-Farouq Aminu,SF,25.0,82,28.5,59.5,16.9,0.132,156,0.737,370,0.468,349,0.361,0.533,10.2,6.1,11.5,1.7,8.8,0.88,0.63,6.6,0,2015-2016,0
932,Allen Crabbe,SG,23.0,81,26.0,54.1,16.4,0.081,113,0.867,393,0.506,285,0.393,0.572,10.3,2.7,5.6,1.2,7.2,0.78,0.2,5.0,0,2015-2016,0
933,Alonzo Gee,SF,28.0,73,22.4,46.6,9.2,0.163,66,0.667,193,0.591,61,0.279,0.571,4.4,3.4,8.3,1.0,6.2,0.86,0.18,4.4,0,2015-2016,0
934,Amare Stoudemire,C,33.0,52,14.7,30.5,17.8,0.158,67,0.746,221,0.566,0,0.0,0.599,5.8,4.3,16.5,0.5,5.6,0.37,0.79,6.3,0,2015-2016,0
935,Amir Johnson,PF,28.0,79,22.8,47.5,13.6,0.164,121,0.57,383,0.624,43,0.233,0.602,7.3,6.4,14.9,1.7,11.4,0.66,1.05,7.5,0,2015-2016,0
936,Anderson Varejao,C,33.0,53,9.3,19.5,15.1,0.13,50,0.675,123,0.432,1,0.0,0.472,2.6,2.7,15.7,0.6,9.8,0.3,0.19,7.1,0,2015-2016,0
937,Andre Drummond,C,22.0,81,32.9,68.6,24.1,0.105,586,0.355,1054,0.522,6,0.333,0.499,16.2,14.8,24.5,0.8,4.4,1.47,1.38,7.0,1,2015-2016,0
938,Andre Iguodala,SG,32.0,65,26.6,55.5,12.1,0.163,83,0.614,214,0.57,154,0.351,0.565,7.0,4.0,8.2,3.4,16.3,1.12,0.29,6.9,0,2015-2016,0
939,Andre Miller,PG,39.0,39,11.8,24.7,15.3,0.244,32,0.757,98,0.599,8,0.25,0.616,3.7,1.3,6.2,2.2,28.8,0.41,0.0,7.3,0,2015-2016,0
940,Andre Roberson,SG,24.0,70,22.2,46.2,9.1,0.105,54,0.611,171,0.608,103,0.311,0.566,4.8,3.6,8.8,0.7,4.0,0.76,0.6,4.1,0,2015-2016,0
941,Andrea Bargnani,C,30.0,46,13.8,28.7,23.2,0.079,57,0.825,263,0.471,16,0.188,0.5,6.6,2.1,8.6,0.4,4.8,0.09,0.2,5.1,0,2015-2016,0
942,Andrew Bogut,C,31.0,70,20.7,43.2,11.4,0.216,50,0.48,278,0.626,1,1.0,0.623,5.4,7.0,18.3,2.3,14.7,0.46,1.63,8.6,0,2015-2016,0
943,Andrew Goudelock,PG,27.0,8,6.2,12.9,24.9,0.243,4,0.75,11,0.727,9,0.111,0.506,2.8,0.3,2.2,0.5,13.4,0.75,0.25,4.8,0,2015-2016,0
944,Andrew Nicholson,PF,26.0,56,14.7,30.6,20.4,0.108,65,0.785,196,0.536,114,0.36,0.567,6.9,3.6,13.5,0.4,4.8,0.18,0.39,5.8,0,2015-2016,0
945,Andrew Wiggins,SG,20.0,81,35.1,73.2,27.2,0.106,565,0.761,1104,0.486,190,0.3,0.543,20.7,3.6,6.0,2.0,10.1,0.96,0.57,6.0,0,2015-2016,0
946,Anthony Brown,SF,23.0,29,20.6,43.0,11.0,0.1,20,0.85,56,0.339,70,0.286,0.427,4.0,2.4,6.3,0.7,4.8,0.48,0.17,3.7,0,2015-2016,0
947,Anthony Davis,PF,22.0,61,35.5,73.9,29.6,0.084,430,0.758,1028,0.511,108,0.324,0.559,24.3,10.3,16.1,1.9,10.0,1.28,2.05,8.8,0,2015-2016,1
948,Anthony Morrow,SG,30.0,68,13.6,28.4,16.9,0.046,39,0.744,128,0.445,205,0.385,0.543,5.6,0.9,3.6,0.4,3.7,0.32,0.07,3.7,0,2015-2016,0
949,Anthony Tolliver,PF,30.0,72,18.6,38.8,12.4,0.073,47,0.617,61,0.492,272,0.36,0.541,5.3,3.2,9.3,0.7,5.6,0.36,0.22,4.9,0,2015-2016,0
950,Archie Goodwin,SG,21.0,57,19.5,40.7,23.2,0.165,193,0.674,323,0.474,99,0.232,0.498,8.9,2.5,6.9,2.1,17.2,0.47,0.23,7.4,0,2015-2016,0
951,Aron Baynes,C,29.0,81,15.2,31.7,18.5,0.128,165,0.764,382,0.508,2,0.0,0.563,6.3,4.7,17.0,0.6,6.6,0.26,0.64,6.9,0,2015-2016,0
952,Arron Afflalo,SG,30.0,71,33.4,69.6,17.9,0.087,131,0.84,561,0.469,238,0.382,0.531,12.8,3.7,6.1,2.0,9.9,0.35,0.14,5.5,0,2015-2016,0
953,Austin Rivers,SG,23.0,67,21.8,45.5,19.4,0.097,116,0.681,331,0.495,185,0.335,0.523,8.9,1.9,4.8,1.5,10.6,0.72,0.15,5.4,0,2015-2016,0
954,Avery Bradley,SG,25.0,76,33.4,69.5,19.8,0.092,123,0.78,612,0.505,406,0.362,0.539,15.2,2.9,4.6,2.1,9.8,1.54,0.25,5.4,0,2015-2016,0
955,Axel Toupane,SF,23.0,21,14.5,30.3,11.9,0.072,17,0.765,30,0.4,40,0.325,0.49,3.6,1.5,5.6,0.7,7.0,0.33,0.29,4.3,0,2015-2016,0
956,Ben McLemore,SG,22.0,68,21.2,44.2,17.6,0.165,103,0.718,270,0.474,185,0.362,0.531,7.8,2.2,5.6,1.2,7.9,0.76,0.15,5.2,0,2015-2016,0
957,Beno Udrih,PG,33.0,44,16.1,33.5,16.8,0.205,20,0.903,154,0.461,44,0.339,0.495,4.7,1.7,5.8,2.6,25.0,0.32,0.02,6.7,0,2015-2016,0
958,Bismack Biyombo,C,23.0,82,22.0,45.9,11.5,0.155,226,0.628,287,0.544,1,0.0,0.586,5.5,8.0,20.8,0.4,2.4,0.23,1.62,4.7,0,2015-2016,0
959,Blake Griffin,PF,26.0,35,33.4,69.7,29.8,0.108,194,0.727,585,0.504,18,0.333,0.544,21.4,8.4,13.7,4.9,27.2,0.8,0.49,11.5,0,2015-2016,1
960,Boban Marjanovic,C,27.0,54,9.4,19.6,22.8,0.115,114,0.763,174,0.603,0,0.0,0.662,5.5,3.6,21.7,0.4,6.6,0.22,0.43,8.5,0,2015-2016,0
961,Bobby Portis,PF,20.0,62,17.8,37.0,20.7,0.106,66,0.727,383,0.444,52,0.308,0.47,7.0,5.4,16.1,0.8,7.5,0.4,0.35,7.0,0,2015-2016,0
962,Bojan Bogdanovic,SF,26.0,79,26.8,55.8,19.4,0.125,132,0.833,412,0.473,337,0.383,0.55,11.2,3.2,6.8,1.3,7.3,0.37,0.06,5.4,0,2015-2016,0
963,Boris Diaw,PF,33.0,76,18.2,38.0,17.0,0.189,76,0.737,314,0.564,69,0.362,0.582,6.4,3.1,9.6,2.3,18.4,0.34,0.28,7.9,0,2015-2016,0
964,Bradley Beal,SG,22.0,55,31.1,64.7,25.3,0.113,176,0.767,528,0.481,271,0.387,0.547,17.4,3.4,6.2,2.9,15.6,0.98,0.2,7.1,0,2015-2016,0
965,Brandan Wright,PF,28.0,12,17.7,36.8,15.3,0.138,24,0.542,52,0.673,0,0.0,0.663,6.9,3.6,11.6,0.5,4.7,0.42,1.25,5.2,0,2015-2016,0
966,Brandon Bass,PF,30.0,66,20.3,42.4,13.9,0.099,148,0.845,315,0.552,2,0.0,0.619,7.2,4.3,11.4,1.1,9.2,0.5,0.83,6.4,0,2015-2016,0
967,Brandon Jennings,PG,26.0,48,18.1,37.7,20.0,0.144,78,0.731,148,0.415,155,0.33,0.492,6.9,2.0,6.1,3.5,29.2,0.6,0.15,8.1,0,2015-2016,0
968,Brandon Knight,SG,24.0,52,36.0,74.9,26.2,0.154,183,0.852,545,0.461,350,0.343,0.522,19.6,3.9,5.9,5.1,24.4,1.17,0.38,8.1,0,2015-2016,0
969,Brandon Rush,SG,30.0,72,14.7,30.5,12.5,0.108,28,0.643,103,0.447,157,0.414,0.56,4.2,2.5,9.2,0.8,7.0,0.28,0.32,5.5,0,2015-2016,0
970,Brian Roberts,PG,30.0,51,9.2,19.2,19.8,0.111,47,0.87,123,0.481,42,0.361,0.552,4.0,0.8,4.8,1.1,18.6,0.19,0.04,6.7,0,2015-2016,0
971,Briante Weber,PG,23.0,6,27.7,57.6,13.2,0.185,4,0.75,33,0.394,5,0.0,0.365,4.8,4.0,8.3,3.3,17.7,1.5,0.5,5.8,0,2015-2016,0
972,Brook Lopez,C,27.0,73,33.7,70.1,27.3,0.116,403,0.787,1143,0.515,14,0.143,0.562,20.6,7.8,13.1,2.0,10.7,0.79,1.7,8.1,0,2015-2016,0
973,Bruno Caboclo,SF,20.0,6,7.1,14.8,17.0,0.25,0,0.0,5,0.0,7,0.143,0.125,0.5,0.3,2.7,0.2,3.2,0.33,0.17,1.8,0,2015-2016,0
974,Bryce Cotton,PG,23.0,3,10.9,22.7,16.9,0.385,0,0.0,5,0.4,3,0.0,0.25,1.3,0.0,0.0,1.0,12.9,1.0,0.0,0.0,0,2015-2016,0
975,Bryce Dejean-Jones,SG,23.0,14,19.9,41.5,14.2,0.123,21,0.524,37,0.432,32,0.375,0.505,5.6,3.4,9.6,1.1,7.7,0.71,0.14,5.5,0,2015-2016,0
976,Cameron Bairstow,C,25.0,18,5.7,11.9,20.3,0.084,8,0.875,35,0.343,5,0.2,0.391,1.9,1.6,14.4,0.3,8.8,0.11,0.17,6.8,0,2015-2016,0
977,Cameron Payne,PG,21.0,57,12.2,25.5,20.3,0.132,24,0.792,167,0.467,111,0.324,0.49,5.0,1.5,6.6,1.9,22.5,0.63,0.11,7.9,0,2015-2016,0
978,Carl Landry,PF,32.0,36,15.8,33.0,24.0,0.071,91,0.736,237,0.561,13,0.462,0.605,9.8,4.1,13.9,0.9,11.1,0.33,0.25,8.4,0,2015-2016,0
979,Carmelo Anthony,SF,31.0,72,35.1,73.2,29.7,0.106,403,0.829,997,0.463,310,0.339,0.53,21.8,7.7,12.0,4.2,22.0,0.86,0.53,10.1,0,2015-2016,0
980,Caron Butler,SF,35.0,17,10.3,21.5,16.3,0.045,12,0.833,41,0.537,18,0.167,0.49,3.7,1.3,6.8,0.6,8.3,0.53,0.06,5.5,0,2015-2016,0
981,Chandler Parsons,SF,27.0,61,29.5,61.4,20.5,0.118,136,0.684,400,0.54,251,0.414,0.589,13.7,4.7,8.7,2.8,16.0,0.75,0.34,7.7,0,2015-2016,0
982,Channing Frye,C,32.0,70,17.1,35.7,15.1,0.111,35,0.861,111,0.537,235,0.39,0.585,6.1,3.3,10.9,1.0,8.7,0.42,0.4,6.4,0,2015-2016,0
983,Charles Hayes,C,32.0,2,11.9,24.8,10.6,0.51,2,1.0,2,0.5,0,0.0,0.694,2.0,4.0,18.5,1.0,11.4,0.0,0.0,6.7,0,2015-2016,0
984,Charlie Villanueva,PF,31.0,62,10.7,22.3,25.3,0.084,24,0.917,155,0.503,172,0.273,0.473,5.1,2.5,12.5,0.4,6.2,0.29,0.24,6.4,0,2015-2016,0
985,Chase Budinger,SF,27.0,66,14.1,29.4,14.4,0.148,56,0.687,153,0.537,86,0.276,0.519,4.1,2.3,8.8,1.0,10.3,0.48,0.15,5.9,0,2015-2016,0
986,Chris Andersen,C,37.0,27,14.9,31.1,12.1,0.1,36,0.704,58,0.551,14,0.268,0.592,3.9,3.7,14.0,0.5,5.9,0.55,0.48,5.6,0,2015-2016,0
987,Chris Bosh,PF,31.0,53,33.5,69.9,24.7,0.081,268,0.795,545,0.508,222,0.365,0.571,19.1,7.4,12.4,2.4,12.1,0.68,0.64,8.3,0,2015-2016,0
988,Chris Copeland,PF,31.0,24,6.5,13.5,17.4,0.1,7,0.857,15,0.467,36,0.278,0.462,2.1,0.4,3.7,0.5,10.3,0.08,0.0,4.6,0,2015-2016,0
989,Chris Johnson,SF,25.0,70,12.2,25.5,13.6,0.158,42,0.81,95,0.474,99,0.273,0.482,2.9,1.9,9.0,0.6,8.0,0.46,0.29,4.9,0,2015-2016,0
990,Chris Kaman,C,33.0,16,7.0,14.6,20.4,0.153,3,1.0,39,0.487,4,0.25,0.496,2.8,1.5,11.6,0.7,15.9,0.06,0.06,8.2,0,2015-2016,0
991,Chris McCullough,PF,20.0,24,15.1,31.4,16.5,0.112,23,0.478,74,0.419,35,0.371,0.47,4.7,2.8,10.5,0.4,3.7,1.17,0.5,4.6,0,2015-2016,0
992,Chris Paul,PG,30.0,74,32.7,68.1,27.1,0.134,328,0.896,785,0.501,329,0.371,0.575,19.5,4.2,7.0,10.0,52.6,2.04,0.18,11.4,1,2015-2016,1
993,Christian Wood,PF,20.0,17,8.5,17.7,19.4,0.031,21,0.619,42,0.429,11,0.364,0.49,3.6,2.2,14.3,0.2,3.5,0.29,0.41,5.5,0,2015-2016,0
994,CJ McCollum,SG,24.0,80,34.7,72.4,27.1,0.114,226,0.827,959,0.463,472,0.417,0.544,20.8,3.2,5.0,4.3,21.6,1.21,0.3,7.6,0,2015-2016,0
995,CJ Miles,SF,28.0,64,22.9,47.6,22.8,0.092,124,0.75,246,0.476,387,0.367,0.548,11.8,2.7,6.5,1.0,7.0,0.83,0.45,5.5,0,2015-2016,0
996,CJ Watson,PG,31.0,33,19.9,41.4,12.1,0.14,39,0.872,89,0.371,48,0.292,0.461,4.3,2.0,5.7,2.7,18.1,0.58,0.15,5.7,0,2015-2016,0
997,CJ Wilcox,SG,25.0,23,7.3,15.1,19.9,0.027,12,0.75,43,0.395,23,0.391,0.491,3.0,0.5,3.9,0.4,9.4,0.43,0.09,4.6,0,2015-2016,0
998,Cleanthony Early,SF,24.0,17,9.0,18.8,14.9,0.177,4,0.75,25,0.32,15,0.267,0.371,1.8,1.5,9.2,0.4,5.7,0.12,0.18,4.6,0,2015-2016,0
999,Clint Capela,C,21.0,77,19.1,39.8,16.1,0.109,211,0.379,396,0.583,1,0.0,0.553,7.0,6.4,18.5,0.6,5.1,0.77,1.19,6.3,0,2015-2016,0
1000,Cody Zeller,C,23.0,73,24.3,50.6,15.4,0.112,232,0.754,427,0.539,10,0.1,0.592,8.7,6.2,14.1,1.0,6.3,0.78,0.86,6.2,0,2015-2016,0
1001,Cole Aldrich,C,27.0,60,13.3,27.8,18.4,0.196,84,0.714,225,0.596,0,0.0,0.626,5.5,4.8,19.6,0.8,10.0,0.78,1.13,8.3,0,2015-2016,0
1002,Corey Brewer,SF,29.0,82,20.4,42.4,17.8,0.113,140,0.75,327,0.462,225,0.271,0.481,7.2,2.4,6.6,1.3,10.0,1.02,0.23,5.5,0,2015-2016,0
1003,Cory Jefferson,PF,25.0,8,6.3,13.0,20.9,0.0,6,0.667,21,0.429,1,0.0,0.446,2.8,2.0,17.3,0.0,0.0,0.0,0.13,0.0,0,2015-2016,0
1004,Cory Joseph,PG,24.0,80,25.6,53.3,17.0,0.134,174,0.764,475,0.478,110,0.273,0.512,8.5,2.6,5.9,3.1,19.3,0.79,0.25,6.4,0,2015-2016,0
1005,Courtney Lee,SG,30.0,79,29.6,61.5,14.7,0.094,118,0.847,422,0.492,217,0.378,0.55,9.6,2.6,4.9,1.7,9.1,1.09,0.35,4.7,0,2015-2016,0
1006,Cristiano Felicio,C,23.0,31,10.3,21.5,13.8,0.129,35,0.714,68,0.588,4,0.0,0.601,3.4,3.3,16.7,0.8,12.1,0.19,0.42,8.1,0,2015-2016,0
1007,D.J. Augustin,PG,28.0,62,19.0,39.6,17.2,0.174,128,0.789,181,0.418,169,0.399,0.558,7.5,1.6,4.5,3.2,23.6,0.61,0.06,6.7,0,2015-2016,0
1008,Damian Lillard,PG,25.0,75,35.7,74.3,31.3,0.126,464,0.892,864,0.45,610,0.375,0.56,25.1,4.0,6.1,6.8,33.7,0.87,0.37,9.9,1,2015-2016,0
1009,Damien Inglis,SF,20.0,20,7.8,16.3,14.8,0.214,8,0.875,24,0.417,13,0.231,0.444,1.8,1.6,11.3,0.5,9.0,0.3,0.15,5.8,0,2015-2016,0
1010,Damjan Rudez,SF,29.0,33,8.4,17.5,12.7,0.166,8,1.0,12,0.667,50,0.34,0.572,2.3,0.6,4.2,0.3,5.8,0.09,0.03,3.5,0,2015-2016,0
1011,D�Angelo Russell,PG,19.0,80,28.2,58.8,24.0,0.159,190,0.737,588,0.446,368,0.353,0.507,13.2,3.4,6.5,3.3,21.2,1.16,0.16,7.5,0,2015-2016,0
1012,Danilo Gallinari,SF,27.0,53,34.7,72.3,23.0,0.08,432,0.868,460,0.435,240,0.363,0.582,19.5,5.3,8.5,2.5,11.8,0.79,0.36,7.3,0,2015-2016,0
1013,Danny Green,SG,28.0,79,26.1,54.4,14.6,0.114,46,0.739,212,0.448,349,0.332,0.492,7.2,3.8,8.4,1.8,9.3,1.0,0.81,5.6,0,2015-2016,0
1014,Dante Cunningham,SF,28.0,80,24.6,51.3,11.0,0.084,82,0.695,238,0.55,174,0.316,0.54,6.1,3.0,6.6,1.0,5.6,0.53,0.41,4.3,0,2015-2016,0
1015,Darrell Arthur,PF,27.0,70,21.7,45.1,16.7,0.114,53,0.755,372,0.473,117,0.385,0.514,7.5,4.2,10.7,1.4,10.0,0.76,0.69,6.5,0,2015-2016,0
1016,Darren Collison,PG,28.0,74,30.0,62.5,19.2,0.129,226,0.858,559,0.519,217,0.401,0.591,14.0,2.3,4.1,4.3,21.8,1.03,0.05,6.9,0,2015-2016,0
1017,Darrun Hilliard,SF,22.0,38,10.1,21.0,19.1,0.113,40,0.725,81,0.407,50,0.38,0.511,4.0,1.2,6.4,0.7,10.9,0.24,0.03,5.9,0,2015-2016,0
1018,David Lee,PF,32.0,55,16.4,34.2,21.6,0.15,93,0.763,334,0.537,1,0.0,0.572,7.7,5.5,18.1,1.5,15.7,0.4,0.51,9.7,0,2015-2016,0
1019,David West,PF,35.0,78,18.0,37.5,18.0,0.123,80,0.788,441,0.546,7,0.429,0.573,7.1,4.0,12.5,1.8,15.4,0.56,0.71,8.2,0,2015-2016,0
1020,DeAndre Jordan,C,27.0,77,33.7,70.3,15.4,0.121,619,0.43,507,0.704,1,0.0,0.628,12.7,13.8,22.2,1.2,5.3,0.68,2.29,7.1,1,2015-2016,1
1021,DeJuan Blair,C,26.0,29,7.5,15.7,17.8,0.169,13,0.385,67,0.418,1,0.0,0.414,2.1,2.0,14.6,0.4,7.3,0.28,0.07,6.3,0,2015-2016,0
1022,Delon Wright,PG,23.0,27,8.5,17.7,22.3,0.142,35,0.743,68,0.456,13,0.385,0.534,3.8,1.4,9.3,1.1,22.4,0.3,0.11,8.5,0,2015-2016,0
1023,DeMar DeRozan,SG,26.0,78,35.9,74.9,29.8,0.095,653,0.85,1238,0.458,139,0.338,0.55,23.5,4.5,7.1,4.0,20.8,1.04,0.27,8.4,0,2015-2016,0
1024,DeMarcus Cousins,C,25.0,65,34.6,72.0,35.4,0.133,663,0.718,1122,0.473,210,0.333,0.538,26.9,11.5,18.0,3.3,17.0,1.55,1.42,11.6,1,2015-2016,1
1025,DeMarre Carroll,SF,29.0,26,30.2,63.0,18.5,0.088,50,0.6,152,0.388,118,0.39,0.49,11.0,4.7,8.9,1.0,5.5,1.69,0.23,4.9,0,2015-2016,0
1026,Dennis Schroder,PG,22.0,80,20.3,42.2,28.8,0.175,182,0.791,542,0.465,239,0.322,0.51,11.0,2.6,6.9,4.4,36.2,0.88,0.11,9.9,0,2015-2016,0
1027,Deron Williams,PG,31.0,65,32.4,67.5,22.0,0.148,206,0.869,493,0.454,282,0.344,0.53,14.1,2.9,5.0,5.8,29.3,0.94,0.22,7.6,0,2015-2016,0
1028,Derrick Favors,PF,24.0,62,32.0,66.6,23.9,0.101,254,0.709,807,0.518,4,0.0,0.551,16.4,8.1,14.8,1.5,8.9,1.19,1.47,7.3,0,2015-2016,0
1029,Derrick Rose,PG,27.0,66,31.8,66.2,27.2,0.135,179,0.793,897,0.449,150,0.293,0.48,16.4,3.4,5.6,4.7,25.5,0.67,0.21,8.0,0,2015-2016,0
1030,Derrick Williams,PF,24.0,80,17.9,37.4,23.3,0.083,256,0.758,415,0.506,150,0.293,0.55,9.3,3.7,11.3,0.9,8.9,0.36,0.11,7.0,0,2015-2016,0
1031,Devin Booker,SG,19.0,76,27.7,57.8,23.0,0.14,256,0.84,578,0.464,289,0.343,0.535,13.8,2.5,4.8,2.6,15.8,0.58,0.26,6.5,0,2015-2016,0
1032,Devin Harris,PG,32.0,64,20.0,41.7,17.9,0.132,140,0.721,216,0.532,158,0.329,0.559,7.6,2.2,5.9,1.8,14.5,0.94,0.2,6.2,0,2015-2016,0
1033,Devyn Marble,SG,23.0,28,8.9,18.5,15.7,0.079,24,0.417,39,0.333,32,0.25,0.368,2.1,1.4,8.5,0.4,6.6,0.46,0.04,4.7,0,2015-2016,0
1034,Dewayne Dedmon,C,26.0,58,12.2,25.3,15.2,0.132,76,0.75,177,0.559,0,0.0,0.606,4.4,3.9,17.9,0.2,2.7,0.38,0.79,4.9,0,2015-2016,0
1035,Dion Waiters,SG,24.0,78,27.6,57.5,17.7,0.134,157,0.713,466,0.421,240,0.358,0.492,9.8,2.6,5.1,2.0,10.0,1.04,0.19,5.4,0,2015-2016,0
1036,Dirk Nowitzki,PF,37.0,75,31.5,65.7,25.5,0.064,280,0.893,770,0.483,342,0.368,0.555,18.3,6.5,11.4,1.8,10.1,0.69,0.69,7.6,0,2015-2016,0
1037,Donald Sloan,PG,28.0,61,21.6,45.0,16.1,0.168,104,0.75,251,0.462,99,0.384,0.536,7.0,2.8,7.4,4.4,30.0,0.52,0.07,8.2,0,2015-2016,0
1038,Donatas Motiejunas,PF,25.0,37,14.8,30.8,21.4,0.162,53,0.642,148,0.5,57,0.281,0.504,6.2,2.9,10.9,1.1,12.2,0.46,0.14,7.3,0,2015-2016,0
1039,Doug McDermott,SF,24.0,81,23.0,47.9,17.3,0.072,84,0.857,385,0.47,259,0.425,0.561,9.4,2.4,5.5,0.7,5.0,0.17,0.07,4.4,0,2015-2016,0
1040,Draymond Green,PF,25.0,81,34.7,72.2,18.8,0.212,329,0.696,561,0.537,258,0.388,0.587,14.0,9.5,14.7,7.4,29.0,1.48,1.38,11.5,1,2015-2016,0
1041,Drew Gooden,PF,34.0,30,10.2,21.2,17.5,0.106,14,0.643,62,0.419,41,0.171,0.376,2.7,2.8,15.6,0.4,6.0,0.27,0.37,5.7,0,2015-2016,0
1042,Dwight Howard,C,30.0,71,32.1,66.9,18.4,0.17,474,0.489,595,0.625,6,0.0,0.603,13.7,11.8,20.2,1.4,7.0,0.97,1.59,7.6,0,2015-2016,0
1043,Dwight Powell,PF,24.0,69,14.4,29.9,18.4,0.1,142,0.739,280,0.514,16,0.125,0.557,5.8,4.0,15.1,0.6,7.2,0.52,0.35,6.7,0,2015-2016,0
1044,Dwyane Wade,SG,34.0,74,30.5,63.6,31.7,0.13,406,0.793,1139,0.468,44,0.159,0.517,19.0,4.1,7.6,4.6,27.4,1.07,0.57,9.3,0,2015-2016,0
1045,Ed Davis,PF,26.0,81,20.8,43.3,12.7,0.13,204,0.559,337,0.611,0,0.0,0.616,6.5,7.4,19.3,1.1,7.7,0.7,0.89,7.2,0,2015-2016,0
1046,Elfrid Payton,PG,21.0,73,29.4,61.2,20.4,0.179,190,0.589,638,0.451,92,0.326,0.478,10.7,3.6,6.7,6.4,32.7,1.22,0.27,8.5,0,2015-2016,0
1047,Elijah Millsap,SG,28.0,20,8.6,18.0,14.9,0.161,18,0.722,27,0.37,12,0.083,0.384,1.8,1.8,11.8,1.0,16.2,0.35,0.15,6.9,0,2015-2016,0
1048,Elliot Williams,PG,26.0,5,9.0,18.8,12.7,0.078,4,0.75,6,0.167,4,0.25,0.34,1.6,0.8,5.1,0.8,12.4,0.0,0.0,4.5,0,2015-2016,0
1049,Elton Brand,PF,36.0,17,13.2,27.5,16.9,0.126,9,0.889,71,0.437,1,0.0,0.461,4.1,3.7,15.2,1.1,13.1,0.53,0.47,7.7,0,2015-2016,0
1050,Emmanuel Mudiay,PG,19.0,68,30.4,63.4,25.6,0.179,209,0.67,672,0.379,232,0.319,0.438,12.8,3.4,6.2,5.5,29.0,0.96,0.51,8.2,0,2015-2016,0
1051,Enes Kanter,C,23.0,82,21.0,43.7,23.4,0.122,251,0.797,698,0.579,21,0.476,0.626,12.7,8.1,21.0,0.4,3.1,0.32,0.4,6.6,0,2015-2016,0
1052,Eric Bledsoe,PG,26.0,31,34.2,71.2,27.2,0.162,172,0.802,363,0.482,129,0.372,0.557,20.4,4.0,6.4,6.1,31.8,2.03,0.61,9.3,0,2015-2016,0
1053,Eric Gordon,SG,27.0,45,32.9,68.6,20.3,0.107,125,0.888,258,0.457,294,0.384,0.565,15.2,2.2,3.7,2.7,12.7,0.96,0.31,5.5,0,2015-2016,0
1054,Eric Moreland,PF,24.0,8,6.0,12.4,9.6,0.279,4,0.5,6,0.5,0,0.0,0.515,1.0,1.4,12.5,0.1,2.7,0.0,0.5,3.5,0,2015-2016,0
1055,Erick Green,PG,24.0,6,5.8,12.0,17.1,0.0,2,1.0,8,0.5,4,0.25,0.505,2.2,0.8,8.4,0.3,9.7,0.17,0.0,5.6,0,2015-2016,0
1056,Ersan Ilyasova,PF,28.0,74,25.4,52.9,18.6,0.087,154,0.721,403,0.455,258,0.38,0.526,10.3,5.4,12.0,0.9,5.5,0.7,0.45,5.8,0,2015-2016,0
1057,E�Twaun Moore,SG,26.0,59,21.4,44.6,15.9,0.116,35,0.629,285,0.491,104,0.452,0.548,7.5,2.3,5.5,1.7,12.1,0.63,0.31,5.8,0,2015-2016,0
1058,Evan Fournier,SF,23.0,79,32.5,67.7,20.1,0.114,238,0.836,540,0.506,389,0.401,0.587,15.4,2.8,4.9,2.7,12.9,1.22,0.03,6.0,0,2015-2016,0
1059,Evan Turner,SG,27.0,81,28.0,58.4,18.8,0.169,179,0.827,670,0.482,83,0.241,0.513,10.5,4.9,9.3,4.4,23.9,0.99,0.35,8.7,0,2015-2016,0
1060,Festus Ezeli,C,26.0,46,16.7,34.9,18.2,0.117,132,0.53,228,0.548,0,0.0,0.559,7.0,5.6,18.0,0.7,5.8,0.39,1.09,7.2,0,2015-2016,0
1061,Frank Kaminsky,C,22.0,81,21.1,43.9,17.1,0.091,148,0.73,323,0.455,202,0.337,0.513,7.5,4.1,10.8,1.2,8.9,0.46,0.53,6.3,0,2015-2016,0
1062,Garrett Temple,SF,29.0,80,24.4,50.8,14.0,0.103,125,0.728,247,0.453,258,0.345,0.52,7.3,2.7,6.1,1.8,10.0,0.86,0.23,5.4,0,2015-2016,0
1063,Gary Harris,SG,21.0,76,32.1,66.9,16.5,0.106,133,0.82,468,0.543,297,0.354,0.566,12.3,2.9,5.0,1.9,9.5,1.28,0.24,5.1,0,2015-2016,0
1064,Gary Neal,SG,31.0,40,20.2,42.1,20.5,0.077,55,0.855,225,0.489,100,0.41,0.558,9.8,2.1,5.8,1.2,9.2,0.5,0.03,5.8,0,2015-2016,0
1065,George Hill,PG,29.0,74,34.1,71.1,15.8,0.112,150,0.76,425,0.466,313,0.409,0.556,12.1,4.0,6.4,3.5,15.5,1.12,0.23,6.5,0,2015-2016,0
1066,Gerald Green,SG,30.0,69,22.6,47.0,19.8,0.068,92,0.783,327,0.446,260,0.323,0.491,8.9,2.4,5.9,0.8,5.6,0.54,0.28,4.6,0,2015-2016,0
1067,Gerald Henderson,SG,28.0,72,19.9,41.4,20.2,0.103,146,0.767,392,0.469,137,0.35,0.526,8.7,2.9,8.0,1.0,8.2,0.54,0.26,5.9,0,2015-2016,0
1068,Giannis Antetokounmpo,SF,21.0,80,35.3,73.5,22.3,0.149,409,0.724,902,0.538,110,0.255,0.566,16.9,7.7,12.4,4.3,20.0,1.18,1.41,9.3,0,2015-2016,0
1069,Glenn Robinson,PF,22.0,45,11.3,23.5,16.1,0.097,39,0.692,114,0.447,37,0.378,0.508,3.8,1.5,7.3,0.6,7.7,0.38,0.2,5.3,0,2015-2016,0
1070,Goran Dragic,SG,29.0,72,32.8,68.4,21.9,0.163,165,0.727,670,0.527,205,0.312,0.537,14.1,3.8,6.6,5.8,28.7,0.99,0.24,8.3,0,2015-2016,0
1071,Gordon Hayward,SF,25.0,80,36.2,75.3,25.8,0.125,477,0.824,792,0.477,410,0.349,0.559,19.7,5.0,8.0,3.7,18.2,1.19,0.34,7.9,0,2015-2016,0
1072,Gorgui Dieng,C,26.0,82,27.1,56.4,16.7,0.169,248,0.827,558,0.541,20,0.3,0.602,10.1,7.1,15.3,1.7,10.1,1.15,1.17,7.3,0,2015-2016,0
1073,Greg Monroe,C,25.0,79,29.3,61.0,23.5,0.107,308,0.74,940,0.522,1,0.0,0.562,15.3,8.8,17.2,2.3,13.2,0.91,0.85,9.2,0,2015-2016,0
1074,Greg Smith,PF,25.0,18,10.7,22.2,10.9,0.151,17,0.412,32,0.563,0,0.0,0.545,2.4,2.3,12.7,0.3,4.6,0.22,0.06,4.4,0,2015-2016,0
1075,Greivis Vasquez,PG,29.0,23,20.0,41.7,18.6,0.211,26,0.846,65,0.415,73,0.247,0.435,5.7,2.0,5.8,4.0,28.5,0.43,0.0,7.1,0,2015-2016,0
1076,Harrison Barnes,SF,23.0,66,30.9,64.4,15.9,0.076,134,0.761,419,0.508,214,0.383,0.559,11.7,4.9,8.6,1.8,7.8,0.62,0.15,6.1,0,2015-2016,0
1077,Hassan Whiteside,C,26.0,73,29.1,60.7,20.7,0.142,329,0.65,681,0.605,0,0.0,0.629,14.2,11.8,23.1,0.4,2.4,0.6,3.68,5.6,0,2015-2016,0
1078,Henry Sims,C,25.0,14,18.8,39.2,17.3,0.117,30,0.833,76,0.434,1,0.0,0.504,6.5,5.1,15.4,0.6,5.1,0.64,0.93,5.8,0,2015-2016,0
1079,Hollis Thompson,SG,24.0,77,28.0,58.3,16.2,0.095,96,0.719,288,0.42,392,0.38,0.525,9.8,3.5,6.9,1.3,7.4,0.47,0.31,5.1,0,2015-2016,0
1080,Ian Clark,SG,24.0,66,8.8,18.3,19.4,0.165,34,0.824,118,0.5,84,0.357,0.544,3.6,1.0,6.2,1.0,15.3,0.26,0.2,7.0,0,2015-2016,0
1081,Ian Mahinmi,C,29.0,71,25.6,53.3,15.7,0.155,225,0.587,448,0.589,0,0.0,0.603,9.3,7.1,15.3,1.5,8.9,0.92,1.06,7.2,0,2015-2016,0
1082,Iman Shumpert,SG,25.0,54,24.4,50.8,13.2,0.148,51,0.784,159,0.447,146,0.295,0.475,5.8,3.8,8.7,1.7,9.8,1.0,0.35,5.5,0,2015-2016,0
1083,Isaiah Canaan,PG,24.0,77,25.5,53.2,19.9,0.102,180,0.833,237,0.354,485,0.363,0.528,11.0,2.3,4.8,1.8,11.3,0.73,0.16,5.6,0,2015-2016,0
1084,Isaiah Thomas,PG,26.0,82,32.2,67.2,29.7,0.119,544,0.871,918,0.462,465,0.359,0.562,22.2,3.0,4.9,6.2,32.7,1.11,0.11,9.3,0,2015-2016,0
1085,Ish Smith,PG,27.0,77,29.1,60.6,23.6,0.145,176,0.703,797,0.431,170,0.324,0.468,12.7,4.0,7.5,6.5,38.4,1.14,0.31,9.5,0,2015-2016,0
1086,J.R. Smith,SG,30.0,77,30.7,63.9,18.0,0.063,71,0.634,340,0.438,510,0.4,0.542,12.4,2.8,5.2,1.7,8.5,1.05,0.27,5.1,0,2015-2016,0
1087,Jabari Parker,PF,20.0,76,31.7,66.0,20.9,0.104,228,0.768,864,0.502,35,0.257,0.535,14.1,5.2,9.4,1.7,8.9,0.91,0.38,6.3,0,2015-2016,0
1088,Jae Crowder,SF,25.0,73,31.6,65.9,18.5,0.083,239,0.82,450,0.529,363,0.336,0.565,14.2,5.1,8.6,1.8,8.9,1.73,0.48,6.4,0,2015-2016,0
1089,Jahlil Okafor,C,20.0,53,30.0,62.5,27.3,0.125,194,0.686,775,0.511,6,0.167,0.536,17.5,7.0,12.8,1.2,8.2,0.42,1.15,7.0,0,2015-2016,0
1090,JaKarr Sampson,SF,22.0,73,15.9,33.1,16.9,0.157,122,0.668,255,0.495,63,0.212,0.504,5.1,2.6,9.1,0.6,6.3,0.31,0.45,5.1,0,2015-2016,0
1091,Jamal Crawford,SG,35.0,79,26.9,56.1,24.9,0.096,271,0.904,595,0.44,344,0.34,0.529,14.2,1.8,3.7,2.3,14.0,0.66,0.15,5.8,0,2015-2016,0
1092,Jameer Nelson,PG,33.0,39,26.6,55.3,16.4,0.17,35,0.857,163,0.429,144,0.299,0.464,7.7,2.9,6.2,4.9,27.3,0.64,0.13,7.2,0,2015-2016,0
1093,James Anderson,SG,26.0,51,14.1,29.5,13.7,0.18,29,0.759,92,0.478,86,0.267,0.469,3.5,1.7,6.5,0.8,7.7,0.41,0.27,4.8,0,2015-2016,0
1094,James Ennis,SF,25.0,9,31.3,65.2,20.0,0.133,24,0.792,50,0.52,50,0.48,0.647,15.9,3.9,6.9,2.0,10.3,1.33,0.33,6.4,0,2015-2016,0
1095,James Harden,SG,26.0,82,38.1,79.4,32.5,0.159,837,0.86,961,0.493,656,0.36,0.598,29.0,6.1,8.9,7.5,35.4,1.68,0.62,11.5,0,2015-2016,1
1096,James Johnson,PF,28.0,57,16.2,33.8,15.9,0.167,68,0.574,174,0.54,66,0.303,0.532,5.0,2.2,7.8,1.2,11.4,0.51,0.58,5.8,0,2015-2016,0
1097,James Jones,SF,35.0,48,9.7,20.1,16.3,0.078,26,0.808,39,0.462,104,0.394,0.583,3.8,1.0,6.1,0.3,4.5,0.23,0.21,4.3,0,2015-2016,0
1098,James Michael McAdoo,PF,23.0,41,6.4,13.3,20.1,0.132,49,0.531,82,0.537,2,0.5,0.554,2.9,1.4,11.9,0.4,9.2,0.24,0.2,7.3,0,2015-2016,0
1099,James Young,SG,20.0,29,6.9,14.3,9.2,0.117,4,0.25,10,0.5,26,0.231,0.384,1.0,0.9,6.9,0.3,6.0,0.21,0.03,3.7,0,2015-2016,0
1100,JaMychal Green,PF,25.0,78,18.5,38.6,19.8,0.13,137,0.752,450,0.478,45,0.333,0.52,7.4,4.8,14.7,0.9,7.7,0.59,0.42,6.9,0,2015-2016,0
1101,Jared Cunningham,SG,24.0,44,9.3,19.4,16.5,0.139,55,0.646,66,0.365,39,0.311,0.464,2.7,0.8,5.0,0.5,7.0,0.32,0.05,4.4,0,2015-2016,0
1102,Jared Dudley,PF,30.0,81,25.9,54.0,12.7,0.131,98,0.735,248,0.536,239,0.418,0.602,7.9,3.5,7.6,2.1,11.4,0.93,0.22,6.0,0,2015-2016,0
1103,Jared Sullinger,PF,23.0,81,23.6,49.2,21.8,0.104,161,0.64,702,0.459,104,0.279,0.476,10.3,8.3,18.7,2.3,15.5,0.93,0.58,9.9,0,2015-2016,0
1104,Jarell Eddie,SF,24.0,26,5.6,11.8,20.7,0.014,8,1.0,18,0.278,47,0.319,0.46,2.4,0.9,8.8,0.2,5.0,0.19,0.04,5.4,0,2015-2016,0
1105,Jarell Martin,PF,21.0,27,14.1,29.3,19.2,0.117,62,0.726,114,0.474,2,0.0,0.534,5.7,3.2,12.9,0.6,6.4,0.3,0.26,6.3,0,2015-2016,0
1106,Jarrett Jack,PG,32.0,32,32.1,66.8,21.7,0.188,112,0.893,256,0.426,102,0.304,0.505,12.8,4.3,7.4,7.4,35.0,1.06,0.22,9.2,0,2015-2016,0
1107,Jason Smith,C,29.0,76,15.5,32.4,22.1,0.097,67,0.806,487,0.493,16,0.25,0.513,7.2,2.9,10.2,0.8,8.6,0.43,0.86,6.6,0,2015-2016,0
1108,Jason Terry,SG,38.0,72,17.5,36.4,15.0,0.111,33,0.818,115,0.504,261,0.356,0.54,5.9,1.1,3.4,1.4,12.4,0.65,0.13,4.8,0,2015-2016,0
1109,Jason Thompson,C,29.0,47,10.0,20.9,14.3,0.105,54,0.703,93,0.497,15,0.135,0.551,3.1,2.8,15.9,0.6,10.4,0.25,0.43,7.5,0,2015-2016,0
1110,JaVale McGee,C,28.0,34,10.9,22.7,21.1,0.123,36,0.5,133,0.579,1,0.0,0.574,5.1,3.9,19.7,0.1,1.5,0.15,0.76,4.6,0,2015-2016,0
1111,Jeff Ayres,C,28.0,17,6.3,13.1,13.4,0.19,6,1.0,22,0.545,1,0.0,0.585,1.8,1.3,11.2,0.3,6.9,0.0,0.18,5.6,0,2015-2016,0
1112,Jeff Green,SF,29.0,80,28.2,58.7,20.3,0.091,220,0.738,611,0.469,213,0.314,0.51,11.8,4.1,8.3,1.7,10.0,0.72,0.5,6.2,0,2015-2016,0
1113,Jeff Teague,PG,27.0,79,28.5,59.5,26.7,0.162,312,0.837,712,0.455,275,0.4,0.551,15.7,2.7,5.2,5.9,34.5,1.23,0.3,8.8,0,2015-2016,0
1114,Jeff Withey,C,25.0,51,12.9,26.9,15.2,0.13,59,0.729,160,0.544,2,0.0,0.577,4.3,3.4,15.4,0.4,5.0,0.41,1.04,5.6,0,2015-2016,0
1115,Jerami Grant,SF,21.0,77,26.8,55.9,18.0,0.129,322,0.658,453,0.477,146,0.24,0.506,9.7,4.7,9.5,1.8,10.4,0.7,1.65,6.5,0,2015-2016,0
1116,Jeremy Evans,SF,28.0,30,8.4,17.5,11.7,0.109,21,0.714,32,0.688,16,0.25,0.62,2.4,1.8,11.8,0.1,1.2,0.2,0.3,3.6,0,2015-2016,0
1117,Jeremy Lamb,SG,23.0,66,18.6,38.7,22.0,0.084,88,0.727,329,0.529,181,0.309,0.529,8.8,3.8,11.2,1.2,11.0,0.64,0.45,7.4,0,2015-2016,0
1118,Jeremy Lin,PG,27.0,78,26.3,54.7,22.2,0.149,292,0.815,502,0.446,226,0.336,0.534,11.7,3.2,6.8,3.0,18.6,0.76,0.54,7.3,0,2015-2016,0
1119,Jerian Grant,PG,23.0,76,16.6,34.7,19.0,0.163,123,0.78,291,0.454,100,0.22,0.479,5.6,1.9,6.2,2.3,21.8,0.66,0.13,7.0,0,2015-2016,0
1120,Jerryd Bayless,SG,27.0,52,28.9,60.3,16.4,0.133,90,0.778,207,0.406,230,0.439,0.568,10.4,2.7,5.4,3.1,16.2,0.9,0.21,6.1,0,2015-2016,0
1121,Jimmy Butler,SG,26.0,67,36.9,76.9,24.4,0.096,475,0.832,828,0.49,206,0.311,0.563,20.9,5.4,7.6,4.8,21.4,1.64,0.64,8.8,0,2015-2016,0
1122,JJ Hickson,C,27.0,35,12.5,26.0,23.0,0.112,103,0.447,154,0.527,1,0.0,0.517,5.9,3.8,17.3,0.7,8.6,0.43,0.4,8.1,0,2015-2016,0
1123,JJ Redick,SG,31.0,75,28.0,58.2,22.6,0.074,205,0.888,460,0.483,420,0.476,0.632,16.3,1.9,3.6,1.4,8.6,0.56,0.07,5.0,0,2015-2016,0
1124,Joakim Noah,C,30.0,29,21.9,45.6,14.2,0.254,45,0.489,132,0.386,1,0.0,0.406,4.3,8.8,21.1,3.8,24.2,0.62,1.0,9.6,0,2015-2016,0
1125,Jodie Meeks,SG,28.0,3,14.5,30.2,22.8,0.044,4,1.0,11,0.273,9,0.444,0.506,7.3,1.7,6.3,1.0,11.1,0.0,0.0,6.4,0,2015-2016,0
1126,Joe Ingles,SF,28.0,81,15.3,31.9,13.5,0.179,18,0.722,81,0.531,210,0.386,0.572,4.2,1.9,7.1,1.2,12.1,0.68,0.05,5.6,0,2015-2016,0
1127,Joe Johnson,SF,34.0,81,33.4,69.5,17.9,0.148,142,0.826,546,0.469,313,0.385,0.539,12.3,3.6,6.1,4.0,18.0,0.75,0.05,6.7,0,2015-2016,0
1128,Joe Young,PG,23.0,41,9.4,19.5,24.6,0.154,25,0.8,124,0.419,46,0.217,0.425,3.8,1.2,7.1,1.6,27.0,0.37,0.0,8.3,0,2015-2016,0
1129,Joel Anthony,C,33.0,19,5.0,10.5,7.1,0.129,8,0.75,10,0.6,0,0.0,0.666,0.9,1.1,12.0,0.1,1.5,0.11,0.63,3.7,0,2015-2016,0
1130,Joffrey Lauvergne,C,24.0,59,17.6,36.8,19.5,0.116,69,0.899,327,0.557,53,0.245,0.567,7.9,4.9,15.4,0.9,9.1,0.22,0.25,7.4,0,2015-2016,0
1131,John Henson,C,25.0,57,16.8,35.1,19.1,0.157,117,0.59,290,0.566,1,0.0,0.58,7.0,3.9,13.2,0.9,9.0,0.32,1.91,6.9,0,2015-2016,0
1132,John Jenkins,SG,24.0,43,11.1,23.3,18.4,0.136,24,0.843,109,0.505,51,0.285,0.516,4.2,1.3,6.4,0.8,11.1,0.19,0.03,5.7,0,2015-2016,0
1133,John Wall,PG,25.0,77,36.2,75.3,28.6,0.175,344,0.791,1022,0.447,327,0.352,0.51,19.9,4.9,7.6,10.2,46.2,1.88,0.77,11.0,0,2015-2016,0
1134,Johnny O�Bryant,PF,22.0,66,13.0,27.1,13.5,0.121,38,0.684,208,0.409,1,1.0,0.441,3.0,2.7,11.7,0.5,5.4,0.27,0.12,4.9,0,2015-2016,0
1135,Jon Leuer,PF,26.0,67,18.7,39.0,19.8,0.128,101,0.762,356,0.511,110,0.382,0.555,8.5,5.6,16.1,1.1,9.6,0.57,0.45,8.0,0,2015-2016,0
1136,Jonas Jerebko,PF,28.0,78,15.1,31.4,13.5,0.14,78,0.782,178,0.421,108,0.398,0.531,4.4,3.7,13.0,0.8,7.4,0.26,0.31,6.2,0,2015-2016,0
1137,Jonas Valanciunas,C,23.0,60,25.9,54.1,20.9,0.119,213,0.761,536,0.565,0,0.0,0.61,12.8,9.1,20.1,0.7,4.8,0.42,1.33,6.7,0,2015-2016,0
1138,Jonathon Simmons,SG,26.0,55,14.8,30.8,18.9,0.158,92,0.75,195,0.533,47,0.383,0.586,6.0,1.7,6.7,1.1,10.4,0.44,0.09,6.1,0,2015-2016,0
1139,Jordan Adams,SG,21.0,2,7.4,15.3,31.1,0.196,5,0.6,5,0.4,1,0.0,0.427,3.5,1.0,7.8,1.5,32.6,1.5,0.0,9.4,0,2015-2016,0
1140,Jordan Clarkson,SG,23.0,79,32.3,67.3,22.8,0.102,204,0.804,779,0.467,319,0.348,0.516,15.5,4.0,6.6,2.4,13.8,1.11,0.09,6.6,0,2015-2016,0
1141,Jordan Farmar,PG,29.0,12,24.3,50.6,18.9,0.147,10,1.0,55,0.473,45,0.356,0.527,9.2,2.1,4.9,3.1,20.6,1.25,0.17,6.4,0,2015-2016,0
1142,Jordan Hamilton,SF,25.0,11,27.6,57.5,20.7,0.12,21,0.667,71,0.507,45,0.289,0.499,11.4,5.6,11.3,2.3,12.9,0.73,0.27,7.6,0,2015-2016,0
1143,Jordan Hill,PF,28.0,73,20.7,43.2,20.3,0.132,125,0.712,548,0.507,1,0.0,0.534,8.8,6.2,16.3,1.2,9.5,0.49,0.51,7.8,0,2015-2016,0
1144,Jordan McRae,PG,24.0,22,8.9,18.6,24.5,0.141,28,0.726,56,0.436,22,0.521,0.547,4.5,0.9,5.8,1.1,21.1,0.14,0.05,7.5,0,2015-2016,0
1145,Jorge Gutierrez,PG,27.0,12,5.3,11.0,15.6,0.275,11,0.909,9,0.667,2,0.0,0.694,1.8,0.6,6.0,1.4,40.1,0.25,0.0,8.7,0,2015-2016,0
1146,Jose Calderon,PG,34.0,72,28.1,58.6,12.6,0.154,48,0.875,252,0.496,203,0.414,0.571,7.6,3.2,6.2,4.1,22.3,0.88,0.1,6.6,0,2015-2016,0
1147,Jose Juan Barea,PG,31.0,74,22.5,46.9,23.8,0.13,96,0.771,451,0.481,260,0.385,0.536,10.9,2.1,5.0,4.1,31.5,0.35,0.03,8.1,0,2015-2016,0
1148,Josh Huestis,SF,24.0,5,11.0,22.9,13.0,0.179,4,0.0,6,0.167,6,0.667,0.509,2.8,2.0,9.9,0.0,0.0,0.2,0.4,0.0,0,2015-2016,0
1149,Josh McRoberts,PF,28.0,42,14.2,29.5,15.0,0.153,40,0.7,99,0.434,49,0.245,0.453,3.6,2.5,10.0,1.9,19.4,0.43,0.17,7.3,0,2015-2016,0
1150,Josh Richardson,SG,22.0,52,21.3,44.3,13.8,0.105,63,0.667,157,0.446,115,0.461,0.569,6.6,2.1,5.5,1.4,9.7,0.69,0.48,5.0,0,2015-2016,0
1151,Josh Smith,PF,30.0,55,16.0,33.3,23.0,0.169,67,0.547,206,0.418,143,0.294,0.441,6.1,3.5,12.3,1.6,15.7,0.62,0.86,8.1,0,2015-2016,0
1152,Jrue Holiday,PG,25.0,65,28.2,58.7,28.9,0.14,216,0.843,676,0.478,259,0.336,0.529,16.8,3.0,5.9,6.0,37.3,1.35,0.34,9.5,0,2015-2016,0
1153,Julius Randle,PF,21.0,81,28.2,58.8,21.2,0.135,270,0.715,799,0.436,36,0.278,0.482,11.3,10.2,19.5,1.8,11.0,0.65,0.36,8.4,0,2015-2016,0
1154,Justin Anderson,SG,22.0,55,11.8,24.5,15.8,0.108,55,0.8,92,0.533,83,0.265,0.522,3.8,2.4,11.2,0.5,6.8,0.35,0.45,5.6,0,2015-2016,0
1155,Justin Harper,PF,26.0,5,7.0,14.6,16.0,0.155,2,0.5,1,0.0,9,0.444,0.597,2.6,0.2,1.6,0.0,0.0,0.2,0.0,0.0,0,2015-2016,0
1156,Justin Holiday,SG,26.0,53,14.6,30.4,16.0,0.139,37,0.66,123,0.449,105,0.329,0.468,4.5,1.7,6.1,1.1,9.6,0.6,0.36,5.1,0,2015-2016,0
1157,Justise Winslow,SF,19.0,78,28.6,59.6,12.5,0.156,117,0.684,347,0.473,116,0.276,0.49,6.5,5.2,10.2,1.5,7.4,0.87,0.33,5.2,0,2015-2016,0
1158,Jusuf Nurkic,C,21.0,32,17.1,35.6,27.2,0.161,99,0.616,239,0.423,3,0.0,0.46,8.2,5.4,17.6,1.3,12.3,0.75,1.38,9.0,0,2015-2016,0
1159,Karl-Anthony Towns,C,20.0,82,32.0,66.7,24.8,0.126,275,0.811,1064,0.559,88,0.341,0.59,18.3,10.4,18.9,2.0,11.3,0.71,1.68,9.1,0,2015-2016,0
1160,Kawhi Leonard,SF,24.0,72,33.1,68.9,25.8,0.078,334,0.874,799,0.528,291,0.443,0.616,21.2,6.8,11.8,2.6,13.0,1.78,0.99,8.7,1,2015-2016,0
1161,Keith Appling,PG,23.0,5,5.4,11.2,19.5,0.253,2,1.0,5,0.4,3,0.0,0.338,1.2,0.2,2.1,0.2,5.0,0.2,0.0,2.7,0,2015-2016,0
1162,Kelly Olynyk,C,24.0,69,20.2,42.1,20.9,0.108,128,0.75,346,0.486,210,0.405,0.561,10.0,4.1,10.7,1.5,11.9,0.75,0.48,7.8,0,2015-2016,0
1163,Kelly Oubre,SF,20.0,63,10.7,22.2,17.4,0.128,49,0.633,132,0.492,79,0.316,0.507,3.7,2.1,11.1,0.2,2.8,0.35,0.11,4.3,0,2015-2016,0
1164,Kemba Walker,PG,25.0,81,35.6,74.2,26.5,0.101,438,0.847,841,0.459,490,0.371,0.554,20.9,4.4,6.8,5.2,25.7,1.57,0.48,8.8,0,2015-2016,0
1165,Kendall Marshall,PG,24.0,30,13.3,27.8,18.3,0.258,13,0.692,69,0.391,49,0.327,0.449,3.7,0.9,3.8,2.4,28.4,0.53,0.07,6.0,0,2015-2016,0
1166,Kendrick Perkins,C,31.0,37,14.6,30.5,10.4,0.323,25,0.44,75,0.533,0,0.0,0.529,2.5,3.5,13.1,0.8,7.9,0.3,0.3,5.2,0,2015-2016,0
1167,Kenneth Faried,PF,26.0,67,25.3,52.7,21.0,0.112,222,0.613,624,0.558,2,0.5,0.577,12.5,8.7,19.0,1.2,8.1,0.48,0.9,8.0,0,2015-2016,0
1168,Kent Bazemore,SF,26.0,75,27.8,57.9,20.0,0.148,151,0.815,420,0.502,305,0.357,0.551,11.6,5.1,9.9,2.3,12.8,1.31,0.51,7.4,0,2015-2016,0
1169,Kentavious Caldwell-Pope,SG,22.0,76,36.7,76.4,18.2,0.09,228,0.811,591,0.489,369,0.309,0.521,14.5,3.7,5.5,1.8,7.8,1.45,0.22,5.0,0,2015-2016,0
1170,Kevin Durant,SF,27.0,72,35.8,74.6,30.6,0.135,498,0.898,900,0.569,481,0.387,0.634,28.2,8.2,12.4,5.0,24.2,0.96,1.18,11.7,1,2015-2016,0
1171,Kevin Garnett,PF,39.0,38,14.6,30.5,11.3,0.114,21,0.667,114,0.474,1,0.0,0.491,3.2,3.9,15.7,1.6,16.4,0.74,0.26,7.4,0,2015-2016,0
1172,Kevin Love,PF,27.0,77,31.5,65.6,23.4,0.113,314,0.822,538,0.467,439,0.36,0.553,16.0,9.9,17.8,2.4,12.2,0.75,0.53,9.2,0,2015-2016,0
1173,Kevin Martin,SG,32.0,55,19.9,41.5,22.3,0.101,172,0.895,284,0.374,135,0.362,0.517,9.3,2.0,5.8,1.1,8.1,0.47,0.06,5.5,0,2015-2016,0
1174,Kevin Seraphin,C,26.0,48,11.0,22.9,22.2,0.167,23,0.826,203,0.414,2,0.0,0.435,3.9,2.6,13.1,1.0,14.8,0.17,0.75,7.9,0,2015-2016,0
1175,Khris Middleton,SG,24.0,79,36.1,75.2,23.1,0.123,312,0.888,781,0.466,362,0.395,0.56,18.2,3.8,6.0,4.2,18.9,1.66,0.24,7.3,0,2015-2016,0
1176,Kirk Hinrich,SG-PG,35.0,46,13.7,28.6,11.1,0.187,16,0.714,67,0.342,62,0.353,0.456,3.0,1.6,6.2,1.6,17.1,0.32,0.04,5.5,0,2015-2016,0
1177,KJ McDaniels,SG,22.0,37,6.4,13.3,18.7,0.166,30,0.8,47,0.468,25,0.28,0.522,2.4,1.1,9.8,0.3,6.5,0.19,0.16,5.8,0,2015-2016,0
1178,Klay Thompson,SG,25.0,80,33.3,69.4,26.3,0.085,221,0.873,736,0.51,650,0.425,0.597,22.1,3.8,6.2,2.1,9.8,0.75,0.61,6.7,1,2015-2016,1
1179,Kobe Bryant,SF,37.0,66,28.2,58.8,32.2,0.094,281,0.826,646,0.41,467,0.285,0.469,17.6,3.7,7.1,2.8,19.1,0.94,0.2,8.0,0,2015-2016,0
1180,Kosta Koufos,PF,26.0,78,19.0,39.6,15.4,0.089,104,0.548,443,0.53,0,0.0,0.539,6.8,5.4,15.4,0.4,3.3,0.51,0.9,5.2,0,2015-2016,0
1181,Kostas Papanikolaou,SF,25.0,26,11.3,23.6,13.9,0.225,14,0.643,34,0.412,32,0.313,0.464,2.6,1.5,7.5,0.6,7.8,0.5,0.19,4.7,0,2015-2016,0
1182,Kris Humphries,PF,30.0,53,15.8,32.8,19.5,0.103,84,0.832,187,0.479,108,0.306,0.524,6.5,4.1,14.3,0.7,6.5,0.3,0.45,6.6,0,2015-2016,0
1183,Kristaps Porzingis,PF,20.0,72,28.4,59.2,24.6,0.109,240,0.838,643,0.454,243,0.333,0.518,14.3,7.3,14.0,1.3,7.9,0.74,1.86,7.2,0,2015-2016,0
1184,Kyle Anderson,SF,22.0,78,16.0,33.3,14.4,0.151,83,0.747,258,0.488,37,0.324,0.528,4.5,3.1,11.2,1.6,13.7,0.77,0.37,7.0,0,2015-2016,0
1185,Kyle Korver,SG,34.0,80,30.0,62.5,13.8,0.133,54,0.833,220,0.5,396,0.399,0.578,9.2,3.2,5.9,2.1,10.0,0.76,0.43,5.3,0,2015-2016,0
1186,Kyle Lowry,PG,29.0,77,37.0,77.1,26.1,0.137,491,0.811,651,0.461,547,0.388,0.578,21.2,4.7,7.3,6.4,29.9,2.05,0.44,9.3,1,2015-2016,0
1187,Kyle O�Quinn,PF,25.0,65,11.8,24.5,21.2,0.17,60,0.767,249,0.498,22,0.227,0.52,4.8,3.8,17.9,1.1,15.9,0.31,0.75,9.2,0,2015-2016,0
1188,Kyle Singler,SF,27.0,68,14.4,29.9,11.9,0.117,44,0.659,124,0.452,97,0.309,0.481,3.4,2.1,7.9,0.4,3.2,0.44,0.13,3.9,0,2015-2016,0
1189,Kyrie Irving,PG,23.0,53,31.5,65.5,29.5,0.114,191,0.885,619,0.501,260,0.323,0.54,19.6,2.9,5.3,4.7,26.6,1.06,0.34,8.2,0,2015-2016,1
1190,Lamar Patterson,SG,24.0,35,11.3,23.5,12.8,0.204,22,0.727,31,0.516,49,0.245,0.468,2.4,1.4,6.9,1.1,13.6,0.26,0.06,5.5,0,2015-2016,0
1191,LaMarcus Aldridge,PF,30.0,74,30.6,63.7,25.9,0.078,302,0.858,1029,0.521,16,0.0,0.565,18.0,8.5,15.9,1.5,8.1,0.51,1.09,8.0,1,2015-2016,1
1192,Lance Stephenson,SF,25.0,69,19.9,41.4,18.9,0.176,111,0.743,396,0.513,78,0.386,0.557,8.3,3.2,8.9,1.9,15.4,0.62,0.13,7.2,0,2015-2016,0
1193,Lance Thomas,SF,27.0,59,22.3,46.4,16.9,0.116,119,0.857,273,0.458,109,0.404,0.557,8.2,2.2,5.4,0.9,6.4,0.37,0.12,4.5,0,2015-2016,0
1194,Langston Galloway,PG,24.0,82,24.8,51.7,15.6,0.087,114,0.754,364,0.423,224,0.344,0.49,7.6,3.5,7.7,2.5,15.7,0.94,0.27,6.5,0,2015-2016,0
1195,Larry Nance Jr.,PF,23.0,63,20.1,41.9,12.6,0.113,47,0.681,290,0.541,10,0.1,0.544,5.5,5.0,13.3,0.7,5.7,0.86,0.37,5.3,0,2015-2016,0
1196,Lavoy Allen,PF,26.0,79,20.2,42.2,13.0,0.146,73,0.63,370,0.516,0,0.0,0.532,5.4,5.4,14.5,1.0,7.1,0.33,0.53,6.1,0,2015-2016,0
1197,Leandro Barbosa,SG,33.0,68,15.9,33.1,18.1,0.118,62,0.839,260,0.508,110,0.355,0.545,6.4,1.7,5.8,1.2,10.6,0.65,0.15,5.9,0,2015-2016,0
1198,LeBron James,SF,31.0,76,35.6,74.2,31.4,0.132,491,0.731,1134,0.573,282,0.309,0.588,25.3,7.4,11.8,6.7,35.9,1.37,0.64,12.1,1,2015-2016,1
1199,Lorenzo Brown,PG,25.0,8,7.6,15.8,25.1,0.252,4,0.75,17,0.412,8,0.125,0.374,2.5,0.9,6.3,1.4,28.2,0.38,0.13,7.7,0,2015-2016,0
1200,Lou Amundson,PF,33.0,29,7.0,14.7,17.7,0.188,27,0.519,53,0.358,0,0.0,0.401,1.8,1.7,13.1,0.4,8.8,0.21,0.24,6.1,0,2015-2016,0
1201,Lou Williams,SG,29.0,67,28.5,59.3,22.7,0.108,424,0.83,373,0.464,320,0.344,0.584,15.3,2.5,4.8,2.5,15.1,0.93,0.28,6.4,0,2015-2016,0
1202,Luc Mbah a Moute,PF,29.0,75,17.0,35.4,9.4,0.128,57,0.526,167,0.485,40,0.325,0.498,3.1,2.3,7.3,0.4,3.3,0.59,0.25,3.3,0,2015-2016,0
1203,Lucas Nogueira,C,23.0,29,7.7,16.1,12.5,0.179,15,0.533,41,0.659,3,0.333,0.642,2.2,1.6,12.0,0.2,4.9,0.41,0.41,4.6,0,2015-2016,0
1204,Luis Scola,PF,35.0,76,21.5,44.9,19.5,0.097,84,0.726,437,0.467,161,0.404,0.523,8.7,4.8,12.6,0.9,6.8,0.61,0.36,6.2,0,2015-2016,0
1205,Luke Babbitt,SF,26.0,47,18.0,37.5,17.5,0.069,50,0.78,180,0.433,109,0.404,0.526,7.0,3.1,9.7,1.1,9.6,0.23,0.15,6.4,0,2015-2016,0
1206,Luol Deng,SF,30.0,74,32.4,67.4,17.4,0.088,192,0.755,489,0.513,256,0.344,0.549,12.3,6.0,10.5,1.9,9.0,1.0,0.39,6.4,0,2015-2016,0
1207,Manu Ginobili,SG,38.0,58,19.6,40.7,23.6,0.17,112,0.813,256,0.496,179,0.391,0.573,9.6,2.5,7.3,3.1,23.6,1.14,0.19,8.6,0,2015-2016,0
1208,Marc Gasol,C,31.0,52,34.4,71.8,23.4,0.127,245,0.829,704,0.463,3,0.667,0.528,16.6,7.0,11.5,3.8,18.9,0.96,1.35,8.9,0,2015-2016,1
1209,Marcelo Huertas,PG,32.0,53,16.4,34.2,16.3,0.248,29,0.931,169,0.479,61,0.262,0.488,4.5,1.7,5.6,3.4,33.9,0.49,0.13,7.2,0,2015-2016,0
1210,Marcin Gortat,C,31.0,75,30.1,62.7,18.9,0.124,207,0.705,763,0.567,1,0.0,0.592,13.5,9.9,18.4,1.4,7.5,0.63,1.28,7.6,0,2015-2016,0
1211,Marco Belinelli,SG,29.0,68,24.6,51.2,19.7,0.103,138,0.833,338,0.456,297,0.306,0.5,10.2,1.7,3.8,1.9,11.1,0.54,0.03,5.2,0,2015-2016,0
1212,Marcus Morris,SF,26.0,80,35.7,74.4,18.4,0.116,271,0.749,648,0.466,297,0.364,0.531,14.1,5.1,7.7,2.5,11.0,0.84,0.29,6.3,0,2015-2016,0
1213,Marcus Smart,PG,21.0,61,27.3,56.9,17.4,0.117,166,0.777,288,0.427,241,0.253,0.463,9.1,4.2,8.1,3.0,15.8,1.49,0.3,7.1,0,2015-2016,0
1214,Marcus Thornton,SG,28.0,61,18.2,37.8,24.5,0.081,79,0.852,271,0.461,271,0.335,0.511,9.6,2.4,7.6,1.4,13.0,0.77,0.06,7.1,0,2015-2016,0
1215,Mario Chalmers,PG,29.0,61,22.5,46.9,21.9,0.167,262,0.836,295,0.461,149,0.303,0.557,10.3,2.6,6.5,3.7,26.5,1.44,0.22,8.2,0,2015-2016,0
1216,Mario Hezonja,SF,20.0,79,17.9,37.3,16.9,0.18,54,0.907,226,0.504,192,0.349,0.541,6.1,2.2,6.9,1.4,11.2,0.49,0.22,5.9,0,2015-2016,0
1217,Markel Brown,SG,24.0,62,15.8,33.0,18.9,0.129,94,0.755,201,0.443,121,0.314,0.5,5.9,2.0,7.0,1.5,13.9,0.61,0.24,6.6,0,2015-2016,0
1218,Markieff Morris,PF,26.0,64,25.5,53.0,24.3,0.146,147,0.737,563,0.464,155,0.3,0.491,11.9,5.5,11.9,2.0,12.8,0.91,0.53,7.9,0,2015-2016,0
1219,Marreese Speights,PF,28.0,72,11.6,24.1,29.7,0.115,114,0.825,394,0.439,62,0.387,0.506,7.1,3.3,15.5,0.8,11.4,0.26,0.47,9.2,0,2015-2016,0
1220,Marvin Williams,PF,29.0,81,28.9,60.1,16.8,0.071,144,0.833,369,0.504,378,0.402,0.585,11.7,6.4,12.2,1.4,7.6,0.72,0.95,6.5,0,2015-2016,0
1221,Mason Plumlee,C,25.0,82,25.4,52.9,17.1,0.188,335,0.642,513,0.52,4,0.0,0.564,9.1,7.7,16.3,2.8,16.2,0.83,1.02,9.2,0,2015-2016,0
1222,Matt Barnes,SF,35.0,76,28.8,60.0,17.9,0.138,138,0.804,323,0.449,370,0.322,0.503,10.0,5.5,10.9,2.1,11.6,1.03,0.75,6.8,0,2015-2016,0
1223,Matt Bonner,C,35.0,30,6.9,14.3,13.7,0.049,4,0.75,23,0.609,34,0.441,0.647,2.5,0.9,7.5,0.3,6.3,0.2,0.03,5.1,0,2015-2016,0
1224,Matthew Dellavedova,SG,25.0,76,24.6,51.2,15.9,0.177,66,0.864,272,0.401,239,0.41,0.527,7.5,2.1,4.9,4.4,26.2,0.58,0.12,6.7,0,2015-2016,0
1225,Maurice Harkless,SF,22.0,78,18.7,38.9,15.6,0.119,111,0.622,271,0.576,140,0.279,0.541,6.4,3.6,10.4,0.9,6.9,0.63,0.45,5.9,0,2015-2016,0
1226,Metta World Peace,SF,36.0,35,16.9,35.1,16.2,0.069,57,0.702,93,0.312,84,0.31,0.435,5.0,2.5,8.1,0.8,7.2,0.63,0.31,5.1,0,2015-2016,0
1227,Meyers Leonard,PF,23.0,61,21.8,45.5,17.4,0.145,46,0.761,207,0.527,228,0.377,0.561,8.4,5.1,12.8,1.5,10.6,0.13,0.3,7.3,0,2015-2016,0
1228,Michael Beasley,SF,27.0,20,18.1,37.8,29.7,0.096,49,0.776,196,0.531,9,0.333,0.563,12.8,4.9,14.9,0.8,9.1,0.55,0.45,8.2,0,2015-2016,0
1229,Michael Carter-Williams,PG,24.0,54,30.5,63.6,21.3,0.197,160,0.663,500,0.472,55,0.273,0.498,11.5,5.1,9.6,5.2,26.6,1.48,0.76,8.8,0,2015-2016,0
1230,Michael Kidd-Gilchrist,SF,22.0,7,29.3,61.0,18.0,0.098,29,0.69,54,0.556,7,0.429,0.603,12.7,6.4,12.0,1.3,7.3,0.43,0.43,6.5,0,2015-2016,0
1231,Mike Conley,PG,28.0,56,31.4,65.5,22.4,0.095,229,0.834,481,0.449,215,0.363,0.538,15.3,2.9,5.3,6.1,32.7,1.2,0.29,8.2,0,2015-2016,0
1232,Mike Dunleavy,SF,35.0,31,22.7,47.2,14.4,0.113,37,0.784,89,0.427,99,0.394,0.543,7.2,2.7,6.2,1.3,8.1,0.45,0.32,5.2,0,2015-2016,0
1233,Mike Miller,SF,35.0,47,7.9,16.5,9.3,0.215,0,0.0,10,0.3,52,0.365,0.508,1.3,1.1,7.9,0.9,14.9,0.28,0.09,5.5,0,2015-2016,0
1234,Mike Muscala,PF,24.0,60,9.4,19.6,15.5,0.138,39,0.795,113,0.566,39,0.308,0.576,3.3,2.0,11.3,0.6,9.1,0.22,0.45,6.7,0,2015-2016,0
1235,Mike Scott,PF,27.0,75,15.3,31.8,17.4,0.094,63,0.794,218,0.523,158,0.392,0.575,6.2,2.7,9.8,1.0,10.6,0.33,0.23,6.7,0,2015-2016,0
1236,Miles Plumlee,C,27.0,61,14.3,29.7,15.5,0.134,59,0.576,233,0.601,0,0.0,0.606,5.1,3.8,15.2,0.3,2.9,0.34,0.82,5.0,0,2015-2016,0
1237,Mirza Teletovic,PF,30.0,79,21.3,44.5,23.4,0.09,155,0.774,317,0.476,460,0.393,0.571,12.2,3.8,9.7,1.1,9.3,0.41,0.27,7.0,0,2015-2016,0
1238,Mo Williams,PG,33.0,41,18.2,38.0,22.8,0.151,42,0.905,200,0.48,102,0.353,0.527,8.2,1.8,5.4,2.4,21.1,0.34,0.12,7.2,0,2015-2016,0
1239,Monta Ellis,SG,30.0,81,33.8,70.3,21.2,0.154,206,0.786,740,0.472,281,0.31,0.504,13.8,3.3,5.4,4.7,22.2,1.85,0.46,7.1,0,2015-2016,0
1240,Montrezl Harrell,PF,22.0,39,9.7,20.2,14.5,0.134,46,0.522,89,0.652,1,0.0,0.635,3.6,1.7,9.5,0.4,7.2,0.28,0.28,5.6,0,2015-2016,0
1241,Myles Turner,C,19.0,60,22.8,47.5,20.9,0.103,121,0.727,517,0.505,13,0.231,0.531,10.3,5.5,13.3,0.7,5.0,0.42,1.43,6.0,0,2015-2016,0
1242,Nate Robinson,PG,31.0,2,11.7,24.3,1.9,0.0,0,0.0,0,0.0,1,0.0,0.0,0.0,0.0,0.0,2.0,21.5,0.5,0.0,0.0,0,2015-2016,0
1243,Nemanja Bjelica,PF,27.0,60,17.9,37.3,12.8,0.153,55,0.727,110,0.564,125,0.384,0.594,5.1,3.5,11.3,1.4,11.4,0.43,0.35,6.5,0,2015-2016,0
1244,Nene,PF,33.0,57,19.2,40.0,21.6,0.14,185,0.578,381,0.549,3,0.0,0.564,9.2,4.5,13.2,1.7,14.1,0.95,0.46,8.6,0,2015-2016,0
1245,Nerlens Noel,PF,21.0,67,29.3,61.1,18.8,0.187,227,0.59,585,0.521,2,0.5,0.544,11.1,8.1,15.0,1.8,10.4,1.76,1.49,7.4,0,2015-2016,0
1246,Nick Collison,PF,35.0,59,11.9,24.7,10.6,0.288,33,0.697,107,0.467,2,0.0,0.498,2.1,2.9,13.3,0.9,9.5,0.25,0.27,5.9,0,2015-2016,0
1247,Nick Young,SG,30.0,54,19.1,39.9,18.5,0.069,76,0.829,135,0.363,237,0.325,0.483,7.3,1.8,5.0,0.6,5.4,0.43,0.13,4.2,0,2015-2016,0
1248,Nicolas Batum,SG,27.0,70,35.0,72.8,21.4,0.176,192,0.849,474,0.492,399,0.348,0.546,14.9,6.1,9.6,5.8,26.9,0.93,0.61,9.2,0,2015-2016,0
1249,Nik Stauskas,SG,22.0,73,24.8,51.6,16.7,0.136,118,0.771,220,0.473,325,0.326,0.517,8.5,2.5,5.5,1.9,12.0,0.6,0.27,5.5,0,2015-2016,0
1250,Nikola Jokic,C,20.0,80,21.7,45.1,19.9,0.132,190,0.811,516,0.541,84,0.333,0.582,10.0,7.0,17.9,2.4,18.1,0.99,0.63,10.2,0,2015-2016,0
1251,Nikola Mirotic,PF,24.0,66,24.9,52.0,21.1,0.129,181,0.807,263,0.43,346,0.39,0.564,11.8,5.5,11.6,1.5,9.4,0.88,0.7,7.4,0,2015-2016,0
1252,Nikola Pekovic,C,30.0,12,13.0,27.1,19.4,0.133,20,0.8,50,0.38,0,0.0,0.459,4.5,1.8,7.8,0.9,10.7,0.08,0.0,6.0,0,2015-2016,0
1253,Nikola Vucevic,C,25.0,65,31.3,65.3,26.8,0.1,150,0.753,1037,0.512,9,0.222,0.531,18.2,8.8,15.6,2.8,15.9,0.82,1.08,9.8,0,2015-2016,0
1254,Noah Vonleh,PF,20.0,78,15.0,31.3,13.0,0.143,51,0.745,232,0.457,46,0.239,0.471,3.6,3.9,14.1,0.4,3.7,0.35,0.33,4.7,0,2015-2016,0
1255,Norman Powell,SG,22.0,49,14.8,30.8,17.8,0.113,53,0.811,141,0.433,88,0.409,0.541,5.6,2.3,8.8,1.0,10.3,0.59,0.2,6.3,0,2015-2016,0
1256,Norris Cole,PG,27.0,45,26.6,55.5,21.7,0.128,65,0.8,382,0.427,102,0.324,0.465,10.6,3.4,7.0,3.7,22.0,0.82,0.11,7.7,0,2015-2016,0
1257,O.J. Mayo,SG,28.0,41,26.6,55.4,17.0,0.175,40,0.775,159,0.421,162,0.321,0.474,7.8,2.6,5.5,2.9,15.8,1.17,0.2,5.8,0,2015-2016,0
1258,Omer Asik,C,29.0,68,17.3,36.1,11.4,0.197,112,0.545,195,0.533,0,0.0,0.551,4.0,6.1,19.5,0.4,3.1,0.31,0.34,4.9,0,2015-2016,0
1259,Omri Casspi,SF,27.0,69,27.3,56.8,17.8,0.119,159,0.648,349,0.539,274,0.409,0.588,11.8,5.9,11.8,1.4,7.5,0.81,0.25,6.7,0,2015-2016,0
1260,Orlando Johnson,SG,26.0,7,14.6,30.3,17.7,0.116,8,0.595,25,0.267,10,0.2,0.311,3.7,2.1,7.3,0.3,3.6,0.43,0.43,2.6,0,2015-2016,0
1261,Otto Porter,SF,22.0,75,30.3,63.2,16.2,0.083,126,0.754,450,0.536,267,0.367,0.564,11.6,5.2,9.6,1.6,7.9,1.4,0.43,6.1,0,2015-2016,0
1262,Pablo Prigioni,PG,38.0,59,13.9,29.0,11.0,0.246,8,0.875,52,0.519,95,0.295,0.482,2.5,1.9,7.6,2.2,21.8,0.9,0.02,6.3,0,2015-2016,0
1263,Patrick Beverley,PG,27.0,71,28.7,59.9,15.3,0.126,88,0.682,284,0.472,310,0.4,0.553,9.9,3.5,6.8,3.4,17.9,1.32,0.37,6.8,0,2015-2016,0
1264,Patrick Patterson,PF,26.0,79,25.6,53.3,12.9,0.113,34,0.853,200,0.49,293,0.362,0.534,6.9,4.3,9.7,1.2,7.1,0.67,0.41,5.1,0,2015-2016,0
1265,Patty Mills,PG,27.0,81,20.5,42.7,19.7,0.107,58,0.81,292,0.469,320,0.384,0.541,8.5,2.0,5.4,2.8,20.1,0.73,0.07,7.1,0,2015-2016,0
1266,Pau Gasol,C,35.0,72,31.8,66.3,24.6,0.128,289,0.792,926,0.478,69,0.348,0.529,16.5,11.0,18.2,4.1,21.7,0.58,2.03,11.4,0,2015-2016,1
1267,Paul George,PF,25.0,81,34.8,72.5,30.4,0.136,528,0.86,883,0.447,566,0.371,0.557,23.1,7.0,10.9,4.1,20.3,1.88,0.36,10.0,1,2015-2016,0
1268,Paul Millsap,PF,30.0,81,32.7,68.1,24.3,0.133,408,0.757,835,0.511,232,0.319,0.556,17.1,9.0,15.1,3.3,16.5,1.81,1.72,9.8,0,2015-2016,0
1269,Paul Pierce,SF,38.0,68,18.1,37.7,17.8,0.12,66,0.818,155,0.445,242,0.31,0.489,6.1,2.7,8.2,1.0,8.5,0.49,0.25,5.6,0,2015-2016,0
1270,Phil Pressey,PG,24.0,23,12.3,25.7,18.6,0.281,25,0.528,60,0.442,17,0.187,0.438,3.3,1.3,6.0,3.2,40.2,0.79,0.17,7.9,0,2015-2016,0
1271,PJ Hairston,SF,23.0,66,19.9,41.5,16.3,0.084,64,0.787,167,0.445,241,0.292,0.473,6.2,2.7,7.4,0.6,4.5,0.48,0.17,4.3,0,2015-2016,0
1272,PJ Tucker,SF,30.0,82,31.0,64.5,12.7,0.147,142,0.746,376,0.455,206,0.33,0.506,8.0,6.2,10.9,2.2,10.2,1.29,0.24,6.2,0,2015-2016,0
1273,Quincy Acy,PF,25.0,59,14.8,30.9,13.1,0.1,68,0.735,165,0.606,49,0.388,0.629,5.2,3.2,11.6,0.5,4.4,0.49,0.41,5.5,0,2015-2016,0
1274,Rajon Rondo,PG,29.0,72,35.2,73.4,18.8,0.247,150,0.58,612,0.479,170,0.365,0.506,11.9,6.0,9.3,11.7,48.0,1.96,0.14,10.7,0,2015-2016,0
1275,Ramon Sessions,PG,29.0,82,20.3,42.4,21.8,0.138,283,0.756,481,0.507,111,0.324,0.565,9.9,2.5,6.8,2.9,22.0,0.56,0.06,8.2,0,2015-2016,0
1276,Randy Foye,SG,32.0,81,20.3,42.2,15.9,0.143,74,0.825,232,0.405,250,0.3,0.461,5.9,1.9,5.2,2.0,14.2,0.48,0.36,5.5,0,2015-2016,0
1277,Rashad Vaughn,SG,19.0,70,14.3,29.8,13.5,0.093,15,0.8,119,0.319,147,0.293,0.398,3.1,1.3,5.0,0.6,5.5,0.41,0.23,3.8,0,2015-2016,0
1278,Rasual Butler,SF,36.0,46,9.4,19.5,12.6,0.067,16,0.688,55,0.618,49,0.306,0.558,2.7,1.2,7.4,0.5,7.7,0.28,0.5,5.0,0,2015-2016,0
1279,Raul Neto,PG,23.0,81,18.5,38.5,17.2,0.195,70,0.743,256,0.453,162,0.395,0.53,5.9,1.5,4.7,2.1,18.7,0.77,0.02,5.7,0,2015-2016,0
1280,Ray McCallum,PG,24.0,41,11.6,24.1,15.8,0.134,15,0.827,104,0.409,42,0.331,0.464,3.3,1.1,6.2,1.5,18.1,0.29,0.17,6.3,0,2015-2016,0
1281,Raymond Felton,PG,31.0,80,27.4,57.1,18.4,0.137,176,0.847,469,0.463,213,0.282,0.502,9.5,3.2,6.5,3.6,20.3,0.85,0.19,7.0,0,2015-2016,0
1282,Reggie Bullock,SF,24.0,37,11.6,24.1,11.4,0.071,15,0.933,45,0.467,53,0.415,0.583,3.3,1.8,8.7,0.7,9.2,0.27,0.05,5.5,0,2015-2016,0
1283,Reggie Jackson,PG,25.0,79,30.7,63.9,29.1,0.138,337,0.864,908,0.465,336,0.351,0.535,18.8,3.2,5.7,6.2,36.3,0.75,0.14,9.4,0,2015-2016,0
1284,Richard Jefferson,SF,35.0,74,17.9,37.3,13.4,0.109,87,0.667,139,0.554,173,0.382,0.585,5.5,1.7,5.5,0.8,6.4,0.45,0.19,4.4,0,2015-2016,0
1285,Richaun Holmes,PF,22.0,51,13.8,28.7,17.9,0.112,74,0.689,178,0.596,44,0.182,0.564,5.6,2.6,10.5,0.6,8.0,0.37,0.78,6.0,0,2015-2016,0
1286,Ricky Rubio,PG,25.0,76,30.6,63.7,17.7,0.21,314,0.847,396,0.396,190,0.326,0.529,10.1,4.3,8.2,8.6,41.3,2.13,0.13,9.4,0,2015-2016,0
1287,RJ Hunter,SG,22.0,36,8.7,18.2,15.2,0.098,7,0.857,35,0.486,63,0.302,0.48,2.7,1.0,6.2,0.4,5.9,0.39,0.11,4.7,0,2015-2016,0
1288,Robert Covington,SF,25.0,67,28.4,59.2,21.5,0.153,177,0.791,230,0.452,482,0.353,0.543,12.8,6.3,12.0,1.4,8.4,1.57,0.6,6.8,0,2015-2016,0
1289,Robert Sacre,C,26.0,25,12.8,26.7,14.2,0.116,38,0.658,75,0.413,0,0.0,0.474,3.5,2.9,12.1,0.6,6.9,0.16,0.4,5.7,0,2015-2016,0
1290,Robin Lopez,C,27.0,82,27.1,56.4,17.7,0.154,161,0.795,661,0.54,1,0.0,0.574,10.3,7.3,14.8,1.4,8.5,0.2,1.57,7.0,0,2015-2016,0
1291,Rodney Hood,SG,23.0,79,32.2,67.0,21.5,0.105,200,0.86,523,0.472,449,0.359,0.542,14.5,3.4,6.1,2.7,14.4,0.92,0.2,6.3,0,2015-2016,0
1292,Rodney Stuckey,PG,29.0,58,22.0,45.8,20.4,0.129,158,0.829,361,0.452,83,0.241,0.503,8.9,2.7,6.7,2.4,17.2,0.74,0.14,7.0,0,2015-2016,0
1293,Rondae Hollis-Jefferson,SF,21.0,29,21.2,44.2,13.5,0.139,52,0.712,124,0.476,14,0.286,0.519,5.8,5.3,14.0,1.5,10.1,1.34,0.55,6.8,0,2015-2016,0
1294,Ronnie Price,PG,32.0,62,19.5,40.7,13.7,0.179,41,0.756,107,0.449,195,0.349,0.517,5.3,1.6,4.4,2.4,17.9,1.19,0.21,5.6,0,2015-2016,0
1295,Roy Hibbert,C,29.0,81,23.2,48.3,12.9,0.138,145,0.807,409,0.445,2,0.0,0.507,5.9,4.9,11.4,1.2,8.0,0.4,1.36,5.6,0,2015-2016,0
1296,Rudy Gay,SF,29.0,70,34.0,70.8,22.5,0.111,254,0.78,792,0.495,215,0.344,0.538,17.2,6.5,10.4,1.7,8.0,1.43,0.73,6.8,0,2015-2016,0
1297,Rudy Gobert,C,23.0,61,31.7,66.0,14.2,0.192,283,0.569,354,0.559,0,0.0,0.582,9.1,11.0,20.2,1.5,7.4,0.74,2.16,6.7,0,2015-2016,0
1298,Russell Westbrook,PG,27.0,80,34.4,71.6,31.6,0.168,573,0.812,1103,0.503,341,0.296,0.554,23.5,7.9,12.4,10.4,49.7,2.04,0.25,14.5,1,2015-2016,1
1299,Ryan Anderson,PF,27.0,66,30.4,63.4,24.7,0.08,228,0.873,572,0.465,357,0.367,0.546,17.0,6.0,10.9,1.1,6.1,0.58,0.38,6.3,0,2015-2016,0
1300,Ryan Hollins,C,31.0,37,12.5,25.9,11.7,0.203,42,0.535,79,0.618,0,0.0,0.632,3.3,2.6,12.1,0.3,3.2,0.16,0.57,3.8,0,2015-2016,0
1301,Ryan Kelly,PF,24.0,36,13.1,27.2,17.8,0.094,54,0.685,112,0.446,37,0.135,0.44,4.2,3.4,13.8,0.6,6.9,0.36,0.28,6.2,0,2015-2016,0
1302,Salah Mejri,C,29.0,34,11.7,24.3,13.9,0.19,46,0.587,77,0.636,1,0.0,0.636,3.7,3.6,17.0,0.3,3.9,0.24,1.0,5.4,0,2015-2016,0
1303,Sasha Vujacic,SG,31.0,61,14.9,31.0,16.9,0.13,39,0.821,134,0.403,143,0.364,0.503,4.9,2.4,9.0,1.4,14.3,0.56,0.08,6.8,0,2015-2016,0
1304,Sean Kilpatrick,SG,26.0,31,19.9,41.4,22.6,0.102,67,0.892,156,0.648,114,0.328,0.571,11.1,1.8,5.0,0.9,7.6,0.38,0.07,5.2,0,2015-2016,0
1305,Serge Ibaka,PF,26.0,78,32.1,66.8,17.6,0.105,121,0.752,684,0.52,184,0.326,0.534,12.6,6.8,11.6,0.8,3.9,0.49,1.9,5.1,0,2015-2016,0
1306,Sergey Karasev,SF,22.0,40,10.0,20.8,12.1,0.203,28,0.929,37,0.514,37,0.297,0.562,2.4,1.5,8.2,0.9,12.2,0.15,0.05,5.9,0,2015-2016,0
1307,Seth Curry,PG,25.0,44,15.7,32.8,17.4,0.127,54,0.833,113,0.46,111,0.45,0.603,6.8,1.4,4.7,1.5,14.2,0.5,0.07,6.2,0,2015-2016,0
1308,Shabazz Muhammad,SG,23.0,82,20.5,42.7,22.8,0.082,242,0.764,529,0.516,152,0.289,0.548,10.5,3.3,9.2,0.6,5.2,0.29,0.09,5.4,0,2015-2016,0
1309,Shabazz Napier,PG,24.0,55,10.9,22.7,19.7,0.172,45,0.733,97,0.351,104,0.327,0.46,3.7,1.0,5.1,1.8,23.1,0.42,0.02,6.9,0,2015-2016,0
1310,Shane Larkin,PG,23.0,78,22.4,46.8,17.7,0.21,107,0.776,394,0.464,108,0.361,0.515,7.3,2.3,5.8,4.4,29.4,1.22,0.15,7.5,0,2015-2016,0
1311,Shaun Livingston,PG,30.0,78,19.5,40.6,14.2,0.157,93,0.86,367,0.548,12,0.167,0.581,6.3,2.2,6.0,3.0,21.0,0.73,0.35,7.1,0,2015-2016,0
1312,Shayne Whittington,PF,24.0,7,5.8,12.1,18.3,0.296,2,0.5,9,0.556,2,0.0,0.463,1.6,1.7,16.1,0.4,11.0,0.14,0.14,7.1,0,2015-2016,0
1313,Shelvin Mack,PG,25.0,52,20.4,42.4,25.1,0.16,61,0.742,291,0.503,124,0.263,0.494,8.6,2.5,6.9,3.6,32.8,0.65,0.06,8.7,0,2015-2016,0
1314,Solomon Hill,SF,24.0,59,14.7,30.6,13.2,0.127,42,0.857,134,0.515,74,0.324,0.543,4.2,2.8,10.5,1.0,9.6,0.63,0.19,6.2,0,2015-2016,0
1315,Sonny Weems,SG-SF,29.0,43,11.6,24.1,13.5,0.26,15,0.532,68,0.397,42,0.366,0.461,2.5,1.2,5.8,1.1,14.2,0.23,0.03,5.0,0,2015-2016,0
1316,Spencer Dinwiddie,PG,22.0,12,13.3,27.6,20.7,0.093,33,0.576,44,0.409,10,0.1,0.423,4.8,1.4,5.8,1.8,20.8,0.25,0.0,6.9,0,2015-2016,0
1317,Spencer Hawes,PF,27.0,57,18.2,37.8,17.1,0.148,65,0.831,204,0.422,102,0.373,0.508,6.0,4.3,12.9,1.9,16.3,0.39,0.47,8.0,0,2015-2016,0
1318,Stanley Johnson,SF,19.0,73,23.1,48.1,19.6,0.15,102,0.784,395,0.41,205,0.307,0.46,8.1,4.2,9.9,1.6,10.8,0.75,0.16,6.6,0,2015-2016,0
1319,Stephen Curry,PG,27.0,79,34.2,71.2,32.6,0.129,400,0.908,712,0.566,886,0.454,0.669,30.1,5.4,8.6,6.7,33.7,2.14,0.2,12.0,1,2015-2016,1
1320,Steve Blake,PG,35.0,58,17.0,35.4,14.6,0.246,20,0.8,89,0.461,151,0.344,0.51,4.4,1.5,4.9,3.4,29.5,0.41,0.09,6.6,0,2015-2016,0
1321,Steve Novak,PF,32.0,3,6.6,13.8,14.7,0.0,1,1.0,0,0.0,6,0.333,0.543,2.3,0.3,2.9,0.0,0.0,0.0,0.0,0.0,0,2015-2016,0
1322,Steven Adams,C,22.0,80,25.2,52.5,12.6,0.141,196,0.582,426,0.613,0,0.0,0.621,8.0,6.7,14.4,0.8,4.2,0.53,1.11,5.6,0,2015-2016,0
1323,Taj Gibson,PF,30.0,73,26.5,55.2,14.6,0.121,146,0.692,498,0.528,3,0.0,0.555,8.6,6.9,13.7,1.5,8.3,0.64,1.05,6.7,0,2015-2016,0
1324,Tarik Black,C,24.0,39,12.7,26.5,12.9,0.151,45,0.422,104,0.548,0,0.0,0.537,3.4,4.0,17.0,0.4,5.2,0.36,0.46,5.5,0,2015-2016,0
1325,Tayshaun Prince,SF,35.0,77,19.0,39.5,8.1,0.102,19,0.684,206,0.476,23,0.174,0.466,2.9,1.9,5.8,0.9,7.0,0.47,0.17,3.6,0,2015-2016,0
1326,Terrence Jones,PF,24.0,50,20.9,43.5,19.3,0.105,116,0.664,288,0.49,79,0.316,0.519,8.7,4.2,11.1,0.8,6.3,0.46,0.76,5.9,0,2015-2016,0
1327,Terrence Ross,SF,24.0,73,23.9,49.9,18.2,0.066,62,0.79,288,0.483,338,0.388,0.551,9.9,2.5,6.1,0.8,5.3,0.74,0.34,4.5,0,2015-2016,0
1328,Terry Rozier,PG,21.0,39,8.0,16.6,17.7,0.147,10,0.8,79,0.291,27,0.222,0.326,1.8,1.6,10.7,0.9,16.5,0.15,0.03,6.9,0,2015-2016,0
1329,Thabo Sefolosha,SF,31.0,75,23.4,48.8,12.3,0.141,99,0.626,248,0.589,124,0.339,0.578,6.4,4.5,10.4,1.4,8.8,1.13,0.49,5.9,0,2015-2016,0
1330,Thaddeus Young,PF,27.0,73,33.0,68.7,21.6,0.116,163,0.644,933,0.523,30,0.233,0.533,15.1,9.0,15.4,1.9,9.6,1.53,0.51,7.7,0,2015-2016,0
1331,Thomas Robinson,PF,24.0,71,12.9,26.9,19.8,0.169,109,0.431,290,0.448,1,0.0,0.453,4.3,5.1,22.0,0.6,7.7,0.55,0.51,7.3,0,2015-2016,0
1332,Tiago Splitter,C,31.0,36,16.1,33.5,15.5,0.12,48,0.813,153,0.529,2,0.0,0.571,5.6,3.3,11.3,0.8,7.9,0.56,0.33,6.1,0,2015-2016,0
1333,Tibor Pleiss,C,26.0,12,6.8,14.2,19.2,0.236,2,1.0,23,0.478,2,0.0,0.464,2.0,1.3,10.7,0.2,4.0,0.08,0.17,4.7,0,2015-2016,0
1334,Tim Duncan,C,39.0,61,25.2,52.5,17.5,0.153,131,0.702,439,0.49,2,0.0,0.523,8.6,7.3,16.6,2.7,15.3,0.77,1.28,8.8,0,2015-2016,1
1335,Tim Frazier,PG,25.0,51,14.5,30.3,17.2,0.249,74,0.605,181,0.414,48,0.252,0.432,5.1,2.1,8.0,3.2,27.3,0.65,0.04,7.6,0,2015-2016,0
1336,Tim Hardaway Jr.,SG,23.0,51,16.9,35.3,16.2,0.074,56,0.893,123,0.537,142,0.338,0.563,6.4,1.7,5.4,1.0,8.9,0.41,0.14,5.2,0,2015-2016,0
1337,Timofey Mozgov,C,29.0,76,17.4,36.3,16.1,0.15,95,0.716,352,0.574,7,0.143,0.593,6.3,4.4,14.4,0.4,3.9,0.29,0.75,5.1,0,2015-2016,0
1338,TJ McConnell,PG,23.0,81,19.8,41.3,17.0,0.225,41,0.634,375,0.499,89,0.348,0.511,6.1,3.1,8.5,4.5,37.2,1.17,0.12,8.9,0,2015-2016,0
1339,TJ Warren,SF,22.0,47,22.8,47.4,19.9,0.064,64,0.703,371,0.52,70,0.4,0.549,11.0,3.1,7.5,0.9,7.2,0.79,0.34,5.5,0,2015-2016,0
1340,Tobias Harris,PF,23.0,76,33.1,68.9,19.4,0.099,243,0.829,651,0.518,238,0.335,0.56,14.7,6.7,11.2,2.2,10.6,0.86,0.52,7.2,0,2015-2016,0
1341,Toney Douglas,PG,29.0,61,20.7,43.1,19.4,0.116,99,0.848,243,0.424,203,0.399,0.544,8.7,2.3,6.3,2.6,19.0,1.15,0.08,7.2,0,2015-2016,0
1342,Tony Allen,SF,34.0,64,25.3,52.7,16.8,0.128,138,0.652,427,0.468,42,0.357,0.505,8.4,4.6,10.5,1.1,6.9,1.72,0.28,5.5,0,2015-2016,0
1343,Tony Parker,PG,33.0,72,27.5,57.3,21.2,0.143,171,0.76,645,0.501,65,0.415,0.546,11.9,2.4,5.1,5.3,29.1,0.75,0.15,7.8,0,2015-2016,0
1344,Tony Snell,SF,24.0,64,20.3,42.4,13.7,0.128,33,0.909,184,0.38,155,0.361,0.478,5.3,3.1,8.1,1.0,6.9,0.25,0.27,5.0,0,2015-2016,0
1345,Tony Wroten,PG,22.0,8,18.0,37.6,33.5,0.263,37,0.541,48,0.396,17,0.176,0.412,8.4,2.6,7.9,2.5,23.2,0.38,0.0,8.4,0,2015-2016,0
1346,Trevor Ariza,SF,30.0,81,35.3,73.5,15.7,0.108,161,0.783,360,0.478,498,0.371,0.552,12.7,4.5,7.1,2.3,10.0,1.99,0.32,5.8,0,2015-2016,0
1347,Trevor Booker,PF,28.0,79,20.7,43.0,14.6,0.157,106,0.67,347,0.513,41,0.293,0.533,5.9,5.7,16.2,1.1,8.2,0.75,0.52,6.4,0,2015-2016,0
1348,Trey Burke,PG,23.0,64,21.3,44.5,25.3,0.107,82,0.817,378,0.46,256,0.344,0.507,10.6,1.8,4.8,2.3,19.7,0.55,0.09,6.6,0,2015-2016,0
1349,Trey Lyles,PF,20.0,80,17.3,36.0,17.9,0.121,82,0.695,309,0.46,127,0.386,0.517,6.1,3.7,12.6,0.7,7.1,0.33,0.23,5.8,0,2015-2016,0
1350,Tristan Thompson,PF,24.0,82,27.7,57.7,11.7,0.104,242,0.616,420,0.588,0,0.0,0.611,7.8,9.0,18.4,0.8,4.0,0.46,0.62,5.5,0,2015-2016,0
1351,Troy Daniels,SG,24.0,43,11.1,23.1,20.4,0.112,9,0.556,65,0.462,122,0.484,0.634,5.6,1.3,6.5,0.5,7.6,0.26,0.07,5.5,0,2015-2016,0
1352,Ty Lawson,PG,28.0,66,21.4,44.5,14.9,0.194,86,0.661,246,0.419,108,0.335,0.476,5.6,1.8,4.8,3.6,25.0,0.8,0.1,6.3,0,2015-2016,0
1353,Tyler Ennis,PG,21.0,46,14.2,29.6,17.1,0.186,34,0.735,148,0.48,39,0.333,0.51,4.5,1.6,6.5,2.1,21.8,0.54,0.02,7.0,0,2015-2016,0
1354,Tyler Hansbrough,PF,30.0,44,7.8,16.2,14.7,0.108,65,0.585,68,0.441,3,0.667,0.522,2.4,2.0,14.2,0.2,3.5,0.27,0.16,5.1,0,2015-2016,0
1355,Tyler Johnson,SG,23.0,36,24.0,49.9,16.8,0.148,64,0.797,172,0.529,71,0.38,0.579,8.7,3.0,7.2,2.2,13.9,0.67,0.39,6.4,0,2015-2016,0
1356,Tyler Zeller,C,26.0,60,11.8,24.6,23.0,0.12,108,0.815,290,0.476,0,0.0,0.539,6.1,3.0,13.3,0.5,6.6,0.17,0.37,7.1,0,2015-2016,0
1357,Tyreke Evans,PG,26.0,25,30.6,63.8,24.7,0.171,93,0.796,229,0.45,85,0.388,0.534,15.2,5.2,9.3,6.6,34.6,1.28,0.32,10.5,0,2015-2016,0
1358,Tyson Chandler,C,33.0,66,24.5,51.1,12.7,0.193,171,0.62,313,0.585,1,0.0,0.606,7.2,8.7,19.3,1.0,6.0,0.55,0.67,6.5,0,2015-2016,0
1359,Tyus Jones,PG,19.0,37,15.5,32.2,16.1,0.16,39,0.718,103,0.388,53,0.302,0.45,4.2,1.3,4.8,2.9,27.7,0.84,0.08,6.5,0,2015-2016,0
1360,Udonis Haslem,PF,35.0,37,7.0,14.6,12.7,0.069,14,0.786,52,0.423,9,0.111,0.432,1.6,2.0,16.4,0.4,7.6,0.14,0.05,6.2,0,2015-2016,0
1361,Victor Oladipo,SG,23.0,72,33.1,68.9,22.9,0.124,247,0.83,689,0.475,281,0.349,0.534,16.0,4.8,8.1,3.9,18.6,1.61,0.75,8.1,0,2015-2016,0
1362,Vince Carter,SG,39.0,60,16.8,34.9,18.5,0.084,84,0.833,174,0.425,169,0.349,0.52,6.6,2.4,8.3,0.9,8.9,0.63,0.27,5.8,0,2015-2016,0
1363,Walter Tavares,C,23.0,11,6.6,13.7,17.0,0.182,8,0.375,19,0.579,0,0.0,0.555,2.3,1.9,15.8,0.3,6.4,0.09,0.55,6.6,0,2015-2016,0
1364,Wayne Ellington,SG,28.0,76,21.3,44.3,17.5,0.071,63,0.857,293,0.416,268,0.358,0.498,7.7,2.3,6.0,1.1,7.7,0.63,0.07,5.1,0,2015-2016,0
1365,Wesley Johnson,SF,28.0,80,20.8,43.4,16.0,0.092,46,0.652,206,0.51,309,0.333,0.513,6.9,3.1,8.1,0.6,4.4,1.11,0.7,4.5,0,2015-2016,0
1366,Wesley Matthews,SG,29.0,78,33.9,70.6,17.2,0.078,146,0.863,329,0.432,525,0.36,0.532,12.5,3.1,4.9,1.9,8.9,1.0,0.22,4.9,0,2015-2016,0
1367,Will Barton,SG,25.0,82,28.7,59.8,23.0,0.112,268,0.806,658,0.476,325,0.345,0.535,14.4,5.8,11.2,2.5,14.4,0.87,0.48,8.3,0,2015-2016,0
1368,Willie Cauley-Stein,C,22.0,66,21.4,44.6,13.2,0.105,125,0.648,337,0.567,2,0.0,0.588,7.0,5.3,13.5,0.6,3.8,0.73,1.0,5.3,0,2015-2016,0
1369,Willie Reed,PF,25.0,39,10.9,22.7,18.1,0.092,55,0.545,133,0.571,0,0.0,0.579,4.7,3.1,16.1,0.3,3.8,0.15,0.77,6.0,0,2015-2016,0
1370,Xavier Munford,SG,23.0,14,17.5,36.4,18.0,0.153,14,0.5,54,0.426,23,0.391,0.481,5.7,2.2,7.2,1.6,14.3,0.93,0.21,6.2,0,2015-2016,0
1371,Zach LaVine,PG,20.0,82,28.0,58.3,23.5,0.129,203,0.793,644,0.481,316,0.389,0.548,14.0,2.8,5.8,3.1,18.6,0.84,0.21,7.1,0,2015-2016,0
1372,Zach Randolph,PF,34.0,68,29.7,61.8,24.6,0.095,216,0.796,881,0.482,26,0.231,0.519,15.3,7.8,15.0,2.1,12.9,0.63,0.19,8.5,0,2015-2016,0
1373,Zaza Pachulia,C,31.0,76,26.4,54.9,16.2,0.168,276,0.768,467,0.469,3,0.0,0.55,8.6,9.4,19.7,1.7,9.7,0.84,0.29,7.8,0,2015-2016,0
1374,Aaron Brooks,PG,32.0,65,13.7,28.6,19.2,0.17,40,0.8,172,0.424,128,0.375,0.507,5.0,1.1,4.3,1.9,20.7,0.38,0.14,6.4,0,2016-2017,0
1375,Aaron Gordon,SF,21.0,80,28.7,59.8,20.1,0.085,217,0.719,598,0.528,267,0.288,0.53,12.7,5.1,9.6,1.9,10.5,0.81,0.5,6.9,0,2016-2017,0
1376,Adreian Payne,PF,25.0,18,7.5,15.7,23.0,0.114,19,0.737,39,0.513,15,0.2,0.505,3.5,1.8,14.2,0.4,8.0,0.44,0.39,7.3,0,2016-2017,0
1377,AJ Hammons,C,24.0,22,7.4,15.5,17.6,0.164,20,0.45,32,0.375,10,0.5,0.472,2.2,1.7,13.2,0.2,3.8,0.05,0.59,4.9,0,2016-2017,0
1378,Al Horford,C,30.0,68,32.3,67.2,19.7,0.118,135,0.8,559,0.524,242,0.355,0.553,14.0,6.8,11.8,5.0,24.4,0.76,1.26,9.7,0,2016-2017,0
1379,Al Jefferson,C,32.0,66,14.1,29.4,26.1,0.061,85,0.765,470,0.5,1,0.0,0.526,8.1,4.2,16.8,0.9,11.0,0.29,0.24,8.9,0,2016-2017,0
1380,Alan Anderson,SF,34.0,30,10.3,21.4,13.7,0.074,16,0.75,36,0.444,44,0.318,0.494,2.9,0.8,4.4,0.4,4.9,0.1,0.0,3.8,0,2016-2017,0
1381,Alan Williams,PF,24.0,47,15.1,31.4,20.9,0.105,112,0.625,266,0.519,1,0.0,0.547,7.4,6.2,22.3,0.5,5.2,0.57,0.68,7.5,0,2016-2017,0
1382,Alec Burks,SG,25.0,42,15.6,32.4,22.7,0.11,78,0.769,172,0.43,76,0.329,0.501,6.7,2.9,10.6,0.7,7.5,0.43,0.12,6.1,0,2016-2017,0
1383,Alex Abrines,SG,23.0,68,15.5,32.3,15.9,0.083,49,0.898,94,0.426,247,0.381,0.56,6.0,1.3,4.5,0.6,5.5,0.54,0.13,4.3,0,2016-2017,0
1384,Alex Len,C,23.0,77,20.3,42.2,17.6,0.155,208,0.721,451,0.503,12,0.25,0.553,8.0,6.6,17.8,0.6,4.2,0.49,1.27,6.2,0,2016-2017,0
1385,Alex Poythress,SF,23.0,6,26.1,54.4,17.0,0.049,10,0.8,35,0.543,19,0.316,0.548,10.7,4.7,9.8,0.8,5.2,0.5,0.17,5.3,0,2016-2017,0
1386,Alexis Ajinca,C,28.0,39,15.0,31.2,17.2,0.137,40,0.725,174,0.511,4,0.0,0.529,5.3,4.5,16.0,0.3,3.1,0.51,0.56,5.1,0,2016-2017,0
1387,Al-Farouq Aminu,SF,26.0,61,29.1,60.6,15.4,0.151,136,0.706,254,0.445,213,0.329,0.505,8.7,7.4,14.1,1.6,7.9,1.0,0.72,6.4,0,2016-2017,0
1388,Allen Crabbe,SG,24.0,79,28.5,59.4,14.9,0.081,124,0.847,345,0.49,302,0.444,0.602,10.7,2.8,5.5,1.2,6.1,0.68,0.25,4.6,0,2016-2017,0
1389,Alonzo Gee,SF,29.0,13,6.9,14.3,10.4,0.182,9,0.556,11,0.273,3,0.0,0.306,0.8,1.2,9.3,0.5,8.2,0.38,0.08,4.5,0,2016-2017,0
1390,Amir Johnson,PF,29.0,80,20.1,41.9,13.5,0.157,100,0.67,304,0.612,66,0.409,0.628,6.5,4.6,12.7,1.8,13.0,0.64,0.78,7.5,0,2016-2017,0
1391,Anderson Varejao,C,34.0,14,6.6,13.7,12.6,0.298,11,0.727,14,0.357,0,0.0,0.478,1.3,1.9,16.1,0.7,13.0,0.21,0.21,7.3,0,2016-2017,0
1392,Andre Drummond,C,23.0,81,29.7,62.0,22.4,0.125,355,0.386,904,0.532,7,0.286,0.518,13.6,13.8,25.2,1.1,6.0,1.53,1.1,8.0,0,2016-2017,1
1393,Andre Iguodala,SF,33.0,76,26.3,54.8,11.2,0.112,102,0.706,238,0.651,177,0.362,0.624,7.6,4.0,8.4,3.4,16.7,1.0,0.51,7.1,0,2016-2017,0
1394,Andre Roberson,SF,25.0,79,30.1,62.7,10.1,0.091,111,0.423,279,0.609,184,0.245,0.51,6.6,5.1,9.4,1.0,4.6,1.2,1.01,4.3,0,2016-2017,0
1395,Andrew Bogut,C,32.0,26,22.4,46.7,10.4,0.334,11,0.273,80,0.475,1,0.0,0.46,3.0,8.4,21.7,1.9,12.3,0.5,0.96,6.5,0,2016-2017,0
1396,Andrew Harrison,SG,22.0,72,20.5,42.6,16.4,0.16,194,0.763,204,0.363,156,0.276,0.477,5.9,1.9,5.3,2.8,20.0,0.74,0.29,6.2,0,2016-2017,0
1397,Andrew Nicholson,PF,27.0,38,9.0,18.7,17.1,0.126,14,0.693,84,0.452,27,0.186,0.426,2.6,1.6,9.5,0.3,4.2,0.42,0.15,4.7,0,2016-2017,0
1398,Andrew Wiggins,SF,21.0,82,37.2,77.4,29.0,0.094,542,0.76,1280,0.473,289,0.356,0.535,23.6,4.0,6.3,2.3,10.6,1.0,0.37,6.5,0,2016-2017,0
1399,Anthony Bennett,PF,23.0,23,11.5,23.9,19.4,0.1,36,0.722,44,0.568,48,0.271,0.533,5.0,3.4,15.6,0.5,7.1,0.22,0.13,7.1,0,2016-2017,0
1400,Anthony Brown,SF,24.0,11,14.4,30.1,16.6,0.107,0,0.0,23,0.476,27,0.265,0.43,3.9,3.0,12.1,0.8,8.8,0.46,0.09,6.3,0,2016-2017,0
1401,Anthony Davis,C,23.0,75,36.1,75.2,32.6,0.091,647,0.802,1391,0.525,134,0.299,0.58,28.0,11.8,17.2,2.1,11.2,1.27,2.21,9.8,1,2016-2017,0
1402,Anthony Morrow,SG,31.0,49,14.6,30.3,16.4,0.02,37,0.906,119,0.473,133,0.319,0.512,5.6,0.6,2.3,0.5,5.6,0.49,0.04,3.3,0,2016-2017,0
1403,Anthony Tolliver,PF,31.0,65,22.7,47.3,13.6,0.126,82,0.744,121,0.537,230,0.391,0.595,7.1,3.6,9.3,1.2,7.7,0.52,0.31,5.5,0,2016-2017,0
1404,Archie Goodwin,SG,22.0,12,15.4,32.0,20.7,0.157,32,0.719,48,0.625,13,0.308,0.633,7.9,2.3,8.0,1.9,20.8,0.33,0.33,8.5,0,2016-2017,0
1405,Aron Baynes,C,30.0,75,15.5,32.3,14.1,0.135,94,0.84,279,0.513,0,0.0,0.57,4.9,4.4,15.6,0.4,3.9,0.23,0.52,5.3,0,2016-2017,0
1406,Arron Afflalo,SG,31.0,61,25.9,54.0,14.4,0.084,93,0.892,269,0.457,151,0.411,0.559,8.4,2.0,4.6,1.3,7.4,0.34,0.11,4.3,0,2016-2017,0
1407,Austin Rivers,SG,24.0,74,27.8,57.8,20.3,0.124,191,0.691,432,0.491,299,0.371,0.545,12.0,2.2,4.4,2.8,15.0,0.65,0.14,6.0,0,2016-2017,0
1408,Avery Bradley,SG,26.0,55,33.4,69.5,21.9,0.097,93,0.731,498,0.504,277,0.39,0.548,16.3,6.1,10.1,2.2,11.0,1.24,0.2,7.2,0,2016-2017,0
1409,Ben McLemore,SG,23.0,61,19.3,40.2,20.1,0.12,93,0.753,249,0.462,170,0.382,0.538,8.1,2.1,6.3,0.8,6.9,0.48,0.1,4.9,0,2016-2017,0
1410,Beno Udrih,PG,34.0,39,14.4,29.9,19.6,0.145,34,0.941,165,0.491,32,0.344,0.535,5.8,1.5,5.6,3.4,35.4,0.33,0.0,8.6,0,2016-2017,0
1411,Bismack Biyombo,C,24.0,81,22.1,46.1,13.2,0.177,234,0.534,339,0.528,0,0.0,0.546,6.0,7.0,17.2,0.9,6.0,0.31,1.12,6.1,0,2016-2017,0
1412,Blake Griffin,PF,27.0,61,34.0,70.9,28.0,0.109,421,0.76,858,0.514,113,0.336,0.569,21.6,8.1,13.4,4.9,24.5,0.93,0.38,11.2,0,2016-2017,0
1413,Boban Marjanovic,C,28.0,35,8.4,17.5,25.3,0.06,58,0.81,132,0.545,0,0.0,0.606,5.5,3.7,24.2,0.3,5.3,0.17,0.34,8.7,0,2016-2017,0
1414,Bobby Portis,PF,21.0,64,15.6,32.6,19.1,0.084,59,0.661,279,0.541,96,0.333,0.545,6.8,4.6,16.0,0.5,5.7,0.25,0.17,6.4,0,2016-2017,0
1415,Bojan Bogdanovic,SF,27.0,81,25.7,53.5,22.4,0.121,243,0.893,453,0.513,392,0.368,0.586,13.7,3.4,7.2,1.3,8.5,0.42,0.08,6.1,0,2016-2017,0
1416,Boris Diaw,PF,34.0,73,17.6,36.6,15.6,0.203,35,0.743,246,0.512,81,0.247,0.494,4.6,2.2,7.1,2.3,20.3,0.25,0.12,6.5,0,2016-2017,0
1417,Bradley Beal,SG,23.0,77,34.9,72.6,26.5,0.095,342,0.825,770,0.538,552,0.404,0.604,23.1,3.1,5.0,3.5,16.2,1.09,0.27,7.2,0,2016-2017,0
1418,Brandan Wright,PF,29.0,28,16.0,33.3,16.3,0.062,35,0.657,134,0.619,1,0.0,0.628,6.8,2.8,10.0,0.5,6.0,0.39,0.71,5.3,0,2016-2017,0
1419,Brandon Bass,PF,31.0,52,11.1,23.1,19.7,0.114,88,0.875,183,0.579,3,0.333,0.65,5.6,2.5,12.5,0.4,5.7,0.27,0.21,6.4,0,2016-2017,0
1420,Brandon Ingram,SF,19.0,79,28.9,60.1,16.8,0.129,214,0.621,499,0.443,187,0.294,0.474,9.4,4.0,7.6,2.1,10.4,0.62,0.46,5.9,0,2016-2017,0
1421,Brandon Jennings,PG,27.0,81,22.2,46.3,17.4,0.173,152,0.742,283,0.392,252,0.304,0.465,7.2,2.4,6.0,4.8,31.0,0.86,0.05,7.8,0,2016-2017,0
1422,Brandon Knight,SG,25.0,54,21.1,44.0,25.0,0.129,154,0.857,386,0.425,139,0.324,0.502,11.0,2.2,5.6,2.4,17.8,0.5,0.09,7.3,0,2016-2017,0
1423,Brandon Rush,SG,31.0,47,21.9,45.6,9.6,0.126,18,0.722,74,0.351,113,0.389,0.505,4.2,2.1,5.6,1.0,5.8,0.47,0.49,3.8,0,2016-2017,0
1424,Brian Roberts,PG,31.0,41,10.1,21.1,17.9,0.157,39,0.846,78,0.372,44,0.386,0.51,3.5,1.0,5.3,1.3,18.7,0.22,0.02,6.6,0,2016-2017,0
1425,Briante Weber,PG,24.0,20,10.3,21.4,16.4,0.115,16,0.683,50,0.476,10,0.093,0.451,3.1,1.2,6.4,1.1,15.5,0.6,0.05,6.1,0,2016-2017,0
1426,Brook Lopez,C,28.0,75,29.6,61.7,29.2,0.121,364,0.81,787,0.535,386,0.347,0.577,20.5,5.4,9.6,2.3,14.8,0.51,1.65,8.6,0,2016-2017,0
1427,Bryn Forbes,SG,23.0,36,7.9,16.5,17.9,0.098,6,0.833,46,0.413,53,0.321,0.462,2.6,0.6,4.6,0.7,12.3,0.03,0.0,5.2,0,2016-2017,0
1428,Buddy Hield,SG,23.0,82,23.1,47.9,21.2,0.106,76,0.859,388,0.45,379,0.387,0.533,10.6,3.3,7.7,1.5,10.2,0.47,0.12,6.5,0,2016-2017,0
1429,C.J. Watson,PG,32.0,124,16.3,34.0,14.1,0.145,132,0.864,286,0.448,210,0.305,0.507,4.5,1.4,4.8,1.8,16.1,0.69,0.03,5.5,0,2016-2017,0
1430,Cameron Payne,PG,22.0,31,14.9,31.1,21.2,0.129,8,0.734,107,0.346,86,0.314,0.407,5.2,1.6,5.8,1.8,17.6,0.45,0.13,6.5,0,2016-2017,0
1431,Caris LeVert,SF,22.0,57,21.7,45.2,16.6,0.123,93,0.72,196,0.571,184,0.321,0.556,8.2,3.3,8.0,1.9,13.7,0.86,0.14,6.9,0,2016-2017,0
1432,Carmelo Anthony,SF,32.0,74,34.3,71.5,29.1,0.09,365,0.833,968,0.466,421,0.359,0.535,22.4,5.9,9.3,2.9,14.5,0.82,0.45,8.5,0,2016-2017,0
1433,Chandler Parsons,SF,28.0,34,19.8,41.3,17.9,0.091,43,0.814,129,0.388,93,0.269,0.436,6.2,2.5,7.1,1.6,12.8,0.59,0.15,5.9,0,2016-2017,0
1434,Channing Frye,C,33.0,74,18.9,39.4,19.3,0.088,74,0.851,185,0.546,335,0.409,0.612,9.1,3.9,11.4,0.6,4.9,0.45,0.51,5.9,0,2016-2017,0
1435,Chasson Randle,PG,23.0,26,11.5,24.0,19.8,0.136,43,0.955,51,0.479,47,0.34,0.591,5.3,1.4,6.1,1.4,16.5,0.35,0.08,7.2,0,2016-2017,0
1436,Cheick Diallo,PF,20.0,17,11.7,24.4,20.6,0.076,21,0.714,76,0.474,0,0.0,0.51,5.1,4.3,19.4,0.2,3.2,0.24,0.41,5.6,0,2016-2017,0
1437,Chinanu Onuaku,C,20.0,5,10.3,21.5,10.5,0.313,4,1.0,7,0.714,0,0.0,0.799,2.8,2.0,10.6,0.6,7.9,0.6,0.2,5.8,0,2016-2017,0
1438,Chris Andersen,C,38.0,12,9.5,19.8,13.0,0.151,14,0.714,19,0.474,3,0.0,0.497,2.3,2.6,15.0,0.4,5.9,0.42,0.58,5.6,0,2016-2017,0
1439,Chris McCullough,PF,21.0,14,5.2,10.7,20.3,0.058,3,0.667,25,0.6,6,0.167,0.541,2.5,1.2,12.5,0.1,4.9,0.07,0.14,5.1,0,2016-2017,0
1440,Chris Paul,PG,31.0,61,31.5,65.6,24.4,0.14,260,0.892,483,0.518,302,0.411,0.614,18.1,5.0,8.8,9.2,46.8,1.97,0.13,11.9,0,2016-2017,1
1441,Christian Wood,PF,21.0,13,8.2,17.1,15.4,0.191,15,0.733,18,0.667,5,0.0,0.591,2.7,2.2,14.9,0.2,2.8,0.23,0.46,5.2,0,2016-2017,0
1442,CJ McCollum,SG,25.0,80,34.9,72.8,27.5,0.099,294,0.912,1002,0.506,439,0.421,0.585,23.0,3.6,5.7,3.6,18.0,0.9,0.53,7.7,0,2016-2017,0
1443,CJ Miles,SF,29.0,76,23.4,48.7,18.4,0.056,93,0.903,238,0.471,409,0.413,0.592,10.7,3.0,7.2,0.6,4.1,0.61,0.33,4.6,0,2016-2017,0
1444,Clint Capela,C,22.0,65,23.9,49.7,19.9,0.12,177,0.531,563,0.643,0,0.0,0.638,12.6,8.1,18.5,1.0,6.7,0.52,1.22,7.8,0,2016-2017,0
1445,Cody Zeller,PF,24.0,62,27.8,58.0,15.5,0.109,196,0.679,442,0.572,1,0.0,0.604,10.3,6.5,12.9,1.6,9.1,1.0,0.94,6.8,0,2016-2017,0
1446,Cole Aldrich,C,28.0,62,8.6,17.8,9.4,0.151,22,0.682,86,0.523,0,0.0,0.549,1.7,2.5,17.3,0.4,6.4,0.4,0.37,5.6,0,2016-2017,0
1447,Corey Brewer,SF,30.0,82,15.6,32.6,14.4,0.127,68,0.734,230,0.528,118,0.226,0.491,4.6,2.1,7.1,1.2,10.8,0.73,0.25,5.8,0,2016-2017,0
1448,Cory Joseph,SG,25.0,80,25.0,52.2,18.4,0.131,122,0.77,526,0.477,135,0.356,0.518,9.3,2.9,6.6,3.3,20.0,0.84,0.15,7.1,0,2016-2017,0
1449,Courtney Lee,SG,31.0,77,31.9,66.5,14.4,0.085,98,0.867,435,0.49,269,0.401,0.559,10.8,3.4,5.7,2.3,10.6,1.05,0.31,5.5,0,2016-2017,0
1450,Cristiano Felicio,C,24.0,66,15.8,32.8,12.4,0.112,93,0.645,221,0.579,0,0.0,0.603,4.8,4.7,16.1,0.6,5.7,0.38,0.26,6.0,0,2016-2017,0
1451,D.J. Augustin,PG,29.0,78,19.7,41.1,19.4,0.133,161,0.814,243,0.412,274,0.347,0.524,7.9,1.5,4.1,2.7,20.4,0.4,0.01,6.4,0,2016-2017,0
1452,Damian Jones,C,21.0,10,8.5,17.7,13.4,0.227,10,0.3,16,0.5,0,0.0,0.466,1.9,2.3,14.8,0.0,0.0,0.1,0.4,0.0,0,2016-2017,0
1453,Damian Lillard,PG,26.0,75,35.9,74.8,31.5,0.102,545,0.895,909,0.492,579,0.37,0.586,27.0,4.9,7.6,5.9,28.7,0.91,0.25,10.3,0,2016-2017,1
1454,Damjan Rudez,SF,30.0,45,7.0,14.5,13.6,0.093,0,0.0,24,0.458,64,0.313,0.466,1.8,0.6,4.3,0.4,9.2,0.27,0.02,4.3,0,2016-2017,0
1455,D�Angelo Russell,PG,20.0,63,28.7,59.9,26.5,0.156,188,0.782,482,0.448,384,0.352,0.519,15.6,3.5,6.7,4.8,26.8,1.38,0.25,8.9,0,2016-2017,0
1456,Danilo Gallinari,SF,28.0,63,33.9,70.6,20.0,0.082,387,0.902,426,0.491,324,0.389,0.622,18.2,5.1,8.4,2.1,9.1,0.65,0.24,6.8,0,2016-2017,0
1457,Danny Green,SG,29.0,68,26.6,55.4,13.5,0.141,32,0.844,138,0.42,311,0.379,0.537,7.3,3.3,7.0,1.8,9.6,1.03,0.84,5.3,0,2016-2017,0
1458,Dante Cunningham,SF,29.0,66,25.0,52.0,10.7,0.07,27,0.593,178,0.579,181,0.392,0.586,6.6,4.2,8.8,0.5,3.1,0.59,0.42,3.8,0,2016-2017,0
1459,Dante Exum,PG,21.0,66,18.6,38.8,18.1,0.168,73,0.795,214,0.519,149,0.295,0.521,6.2,2.0,6.2,1.7,14.0,0.32,0.18,5.9,0,2016-2017,0
1460,Dario Saric,PF,22.0,81,26.3,54.8,24.6,0.152,220,0.782,586,0.469,341,0.311,0.508,12.8,6.3,13.3,2.2,14.3,0.7,0.37,8.5,0,2016-2017,0
1461,Darrell Arthur,PF,28.0,41,15.6,32.4,17.4,0.138,22,0.864,98,0.429,117,0.453,0.583,6.4,2.7,9.7,1.0,9.3,0.46,0.51,6.6,0,2016-2017,0
1462,Darren Collison,PG,29.0,68,30.3,63.2,19.8,0.125,171,0.86,540,0.494,174,0.42,0.57,13.2,2.2,4.3,4.6,24.5,0.99,0.13,6.7,0,2016-2017,0
1463,Darrun Hilliard,SG,23.0,39,9.8,20.4,19.3,0.168,28,0.75,80,0.438,46,0.261,0.459,3.3,0.8,4.7,0.8,12.3,0.28,0.05,5.2,0,2016-2017,0
1464,David Lee,PF,33.0,79,18.7,38.9,16.9,0.149,113,0.708,420,0.59,0,0.0,0.613,7.3,5.6,16.9,1.6,12.9,0.38,0.51,8.6,0,2016-2017,0
1465,David Nwaba,SG,24.0,20,19.9,41.4,11.7,0.101,39,0.641,76,0.605,5,0.2,0.611,6.0,3.2,8.7,0.7,5.0,0.6,0.35,4.8,0,2016-2017,0
1466,David West,PF,36.0,68,12.6,26.2,18.0,0.222,56,0.768,244,0.541,8,0.375,0.571,4.6,3.0,13.0,2.2,24.1,0.62,0.71,9.9,0,2016-2017,0
1467,Davis Bertans,PF,24.0,67,12.1,25.1,15.7,0.114,34,0.824,61,0.557,173,0.399,0.609,4.5,1.5,6.9,0.7,8.3,0.3,0.42,5.5,0,2016-2017,0
1468,DeAndre� Bembry,SF,22.0,38,9.8,20.3,14.3,0.132,16,0.375,80,0.575,18,0.056,0.481,2.7,1.6,8.7,0.8,11.9,0.21,0.13,6.2,0,2016-2017,0
1469,DeAndre Jordan,C,28.0,81,31.7,66.1,15.3,0.132,425,0.482,575,0.717,2,0.0,0.673,12.7,13.8,24.3,1.2,5.7,0.62,1.65,7.5,1,2016-2017,1
1470,DeAndre Liggins,SG,28.0,61,12.3,25.7,11.5,0.216,37,0.622,91,0.385,45,0.378,0.473,2.4,1.7,7.4,0.9,9.5,0.74,0.23,5.0,0,2016-2017,0
1471,Dejounte Murray,PG,20.0,38,8.5,17.6,23.5,0.227,30,0.7,93,0.441,23,0.391,0.503,3.4,1.1,7.4,1.3,22.7,0.21,0.16,8.0,0,2016-2017,0
1472,Delon Wright,PG,24.0,27,16.5,34.5,16.4,0.152,55,0.764,85,0.459,30,0.333,0.539,5.6,1.7,6.0,2.1,18.2,1.0,0.41,6.6,0,2016-2017,0
1473,DeMar DeRozan,SG,27.0,74,35.4,73.8,34.3,0.09,647,0.842,1421,0.484,124,0.266,0.552,27.3,5.2,8.3,3.9,20.6,1.05,0.18,9.3,1,2016-2017,0
1474,DeMarcus Cousins,C,26.0,72,34.3,71.3,36.5,0.135,670,0.772,1069,0.483,363,0.36,0.562,27.0,11.0,18.2,4.6,25.8,1.39,1.32,13.0,0,2016-2017,1
1475,DeMarre Carroll,SF,30.0,72,26.1,54.4,15.6,0.082,117,0.761,230,0.483,320,0.341,0.53,8.9,3.8,8.3,1.0,5.7,1.11,0.38,5.0,0,2016-2017,0
1476,Dennis Schroder,PG,23.0,79,31.5,65.5,27.8,0.163,255,0.855,920,0.487,294,0.34,0.533,17.9,3.1,5.5,6.3,35.6,0.95,0.22,8.9,0,2016-2017,0
1477,Denzel Valentine,SG,23.0,57,17.1,35.7,15.4,0.142,18,0.778,80,0.363,208,0.351,0.492,5.1,2.6,8.3,1.1,9.3,0.53,0.12,5.7,0,2016-2017,0
1478,Deron Williams,PG,32.0,64,25.9,54.0,21.6,0.18,109,0.828,366,0.486,234,0.373,0.545,11.0,2.3,5.1,5.7,34.8,0.49,0.12,8.0,0,2016-2017,0
1479,Derrick Favors,PF,25.0,50,23.7,49.4,20.7,0.114,109,0.615,407,0.491,10,0.3,0.512,9.5,6.1,14.9,1.1,7.9,0.9,0.8,6.7,0,2016-2017,0
1480,"Derrick Jones, Jr.",SF,19.0,32,17.0,35.5,11.7,0.086,41,0.707,110,0.591,11,0.273,0.604,5.3,2.5,7.9,0.4,3.1,0.41,0.44,4.1,0,2016-2017,0
1481,Derrick Rose,PG,28.0,64,32.5,67.8,25.8,0.119,253,0.874,917,0.487,60,0.217,0.53,18.0,3.8,6.4,4.4,22.8,0.69,0.27,8.2,0,2016-2017,0
1482,Derrick Williams,PF,25.0,50,16.1,33.5,17.4,0.091,89,0.656,147,0.544,97,0.302,0.546,6.0,2.6,9.1,0.6,5.2,0.28,0.16,5.3,0,2016-2017,0
1483,Devin Booker,SG,20.0,78,35.0,72.9,28.6,0.129,441,0.832,1026,0.447,405,0.363,0.531,22.1,3.2,5.0,3.4,16.3,0.92,0.27,7.1,0,2016-2017,0
1484,Devin Harris,PG,33.0,65,16.7,34.8,19.7,0.125,129,0.829,164,0.476,177,0.328,0.549,6.7,2.0,6.8,2.1,20.0,0.66,0.11,7.3,0,2016-2017,0
1485,Dewayne Dedmon,C,27.0,76,17.5,36.5,12.3,0.169,93,0.699,259,0.622,0,0.0,0.645,5.1,6.5,21.1,0.6,4.8,0.49,0.82,6.2,0,2016-2017,0
1486,Deyonta Davis,C,20.0,36,6.6,13.8,12.0,0.127,18,0.556,47,0.511,0,0.0,0.528,1.6,1.7,14.4,0.1,1.3,0.08,0.47,3.9,0,2016-2017,0
1487,Dion Waiters,SG,25.0,46,30.1,62.7,26.3,0.125,127,0.646,448,0.438,215,0.395,0.507,15.8,3.3,6.1,4.3,23.8,0.91,0.43,8.1,0,2016-2017,0
1488,Dirk Nowitzki,PF,38.0,54,26.4,54.9,25.8,0.066,112,0.875,469,0.463,209,0.378,0.529,14.2,6.5,14.4,1.5,10.6,0.56,0.7,7.8,0,2016-2017,0
1489,Domantas Sabonis,PF,20.0,81,20.1,42.0,15.5,0.14,67,0.657,322,0.438,159,0.321,0.469,5.9,3.5,9.7,1.0,7.2,0.48,0.4,5.5,0,2016-2017,0
1490,Donatas Motiejunas,PF,26.0,34,14.1,29.3,17.6,0.163,49,0.51,91,0.505,47,0.234,0.47,4.4,3.0,11.1,0.9,9.7,0.53,0.32,6.5,0,2016-2017,0
1491,Dorian Finney-Smith,PF,23.0,81,20.3,42.2,11.6,0.111,61,0.754,142,0.479,191,0.293,0.486,4.3,2.7,7.9,0.8,6.0,0.64,0.3,4.1,0,2016-2017,0
1492,Doug McDermott,SF,25.0,66,22.8,47.6,16.3,0.064,84,0.823,289,0.505,209,0.367,0.552,9.0,2.7,6.4,0.9,5.8,0.2,0.08,4.8,0,2016-2017,0
1493,Dragan Bender,PF,19.0,43,13.3,27.8,14.4,0.162,11,0.364,60,0.483,101,0.277,0.44,3.4,2.4,9.8,0.5,5.5,0.23,0.53,4.8,0,2016-2017,0
1494,Draymond Green,PF,26.0,76,32.5,67.7,16.2,0.198,213,0.709,388,0.492,263,0.308,0.521,10.2,7.9,13.3,7.0,27.6,2.03,1.38,10.2,1,2016-2017,1
1495,Dwight Howard,C,31.0,74,29.7,61.9,19.2,0.175,424,0.533,611,0.635,2,0.0,0.627,13.5,12.7,23.5,1.4,7.8,0.86,1.24,8.4,0,2016-2017,0
1496,Dwight Powell,C,25.0,77,17.3,36.1,16.7,0.072,141,0.759,303,0.571,74,0.284,0.588,6.7,4.0,13.3,0.6,6.1,0.79,0.51,5.8,0,2016-2017,0
1497,Dwyane Wade,SG,35.0,60,29.9,62.2,29.6,0.113,281,0.794,810,0.456,145,0.31,0.508,18.3,4.5,8.1,3.8,22.3,1.43,0.68,9.1,0,2016-2017,0
1498,Ed Davis,PF,27.0,46,17.2,35.7,12.0,0.172,81,0.617,142,0.528,0,0.0,0.563,4.3,5.3,17.2,0.6,4.6,0.33,0.48,5.6,0,2016-2017,0
1499,Elfrid Payton,PG,22.0,82,29.4,61.3,21.6,0.15,211,0.692,766,0.509,146,0.274,0.52,12.8,4.7,8.7,6.5,35.7,1.07,0.49,9.9,0,2016-2017,0
1500,Elijah Millsap,SG,29.0,2,11.6,24.1,17.9,0.202,2,0.5,5,0.2,2,0.0,0.19,1.5,3.0,14.1,0.5,5.5,0.0,0.0,4.5,0,2016-2017,0
1501,Emmanuel Mudiay,PG,20.0,55,25.6,53.2,22.6,0.165,167,0.784,373,0.408,178,0.315,0.483,11.0,3.2,7.0,3.9,21.8,0.75,0.24,8.1,0,2016-2017,0
1502,Enes Kanter,C,24.0,72,21.3,44.4,27.3,0.125,285,0.786,699,0.568,38,0.132,0.599,14.3,6.7,17.4,0.9,7.9,0.43,0.53,8.3,0,2016-2017,0
1503,Eric Bledsoe,PG,27.0,66,33.0,68.7,28.1,0.153,458,0.847,724,0.477,310,0.335,0.563,21.1,4.8,8.0,6.3,31.1,1.38,0.47,10.4,0,2016-2017,0
1504,Eric Gordon,SG,28.0,75,31.0,64.5,22.1,0.1,175,0.84,355,0.468,661,0.372,0.557,16.2,2.7,4.7,2.5,12.3,0.64,0.55,6.2,0,2016-2017,0
1505,Ersan Ilyasova,PF,29.0,82,26.1,54.5,22.1,0.107,207,0.75,488,0.501,402,0.351,0.542,13.1,5.9,12.4,1.7,10.8,0.71,0.28,7.6,0,2016-2017,0
1506,E�Twaun Moore,SG,27.0,73,24.9,51.9,17.4,0.087,74,0.77,411,0.501,208,0.37,0.537,9.6,2.1,4.4,2.2,13.8,0.68,0.44,5.7,0,2016-2017,0
1507,Evan Fournier,SG,24.0,68,32.9,68.4,23.5,0.118,277,0.805,570,0.491,360,0.356,0.555,17.2,3.1,5.1,3.0,14.8,0.97,0.06,6.6,0,2016-2017,0
1508,Evan Turner,SG,28.0,65,25.5,53.2,18.6,0.143,103,0.825,434,0.47,118,0.263,0.491,9.0,3.8,8.2,3.2,18.4,0.85,0.37,7.5,0,2016-2017,0
1509,Frank Kaminsky,C,23.0,75,26.1,54.3,21.8,0.08,156,0.756,448,0.455,354,0.328,0.502,11.7,4.5,9.5,2.2,13.5,0.64,0.45,7.5,0,2016-2017,0
1510,Fred VanVleet,PG,22.0,37,7.9,16.5,20.6,0.111,22,0.818,82,0.341,29,0.379,0.443,2.9,1.1,8.1,0.9,17.5,0.43,0.08,7.2,0,2016-2017,0
1511,Garrett Temple,SG,30.0,65,26.6,55.4,14.2,0.144,74,0.784,211,0.479,220,0.373,0.546,7.8,2.8,6.2,2.6,14.4,1.29,0.43,5.8,0,2016-2017,0
1512,Gary Harris,SG,22.0,57,31.3,65.1,18.4,0.098,134,0.776,382,0.558,255,0.42,0.611,14.9,3.1,5.5,2.9,13.6,1.25,0.14,6.5,0,2016-2017,0
1513,Gary Neal,SG,32.0,2,9.2,19.1,20.9,0.0,4,1.0,5,0.0,2,0.0,0.228,2.0,0.5,3.0,0.5,7.0,0.0,0.0,3.5,0,2016-2017,0
1514,Gary Payton II,PG,24.0,6,16.5,34.4,15.7,0.292,5,0.6,13,0.538,9,0.111,0.413,3.3,2.0,7.0,2.2,18.1,0.5,0.67,5.9,0,2016-2017,0
1515,George Hill,PG,30.0,49,31.5,65.6,23.5,0.109,196,0.801,373,0.523,233,0.403,0.599,16.9,3.4,6.2,4.2,22.8,1.02,0.22,7.9,0,2016-2017,0
1516,Georgios Papagiannis,C,19.0,22,16.1,33.6,16.9,0.182,14,0.857,100,0.56,2,0.0,0.573,5.6,4.0,14.2,0.9,9.0,0.14,0.77,6.8,0,2016-2017,0
1517,Gerald Green,SG,31.0,47,11.4,23.8,22.7,0.091,41,0.805,121,0.463,111,0.351,0.524,5.6,1.8,8.7,0.7,9.8,0.19,0.15,6.7,0,2016-2017,0
1518,Gerald Henderson,SG,29.0,72,23.2,48.2,17.9,0.092,165,0.806,379,0.456,173,0.353,0.53,9.2,2.6,6.1,1.6,10.5,0.56,0.19,5.8,0,2016-2017,0
1519,Giannis Antetokounmpo,SF,22.0,80,35.6,74.1,28.3,0.133,612,0.77,1079,0.563,180,0.272,0.599,22.9,8.8,14.3,5.4,26.6,1.64,1.89,11.6,1,2016-2017,0
1520,Glenn Robinson III,SF,23.0,69,20.7,43.1,12.8,0.091,76,0.711,213,0.512,125,0.392,0.564,6.1,3.6,9.6,0.7,4.7,0.59,0.29,4.8,0,2016-2017,0
1521,Goran Dragic,PG,30.0,73,33.7,70.2,27.1,0.141,377,0.79,835,0.499,289,0.405,0.575,20.3,3.8,6.3,5.8,29.1,1.22,0.18,9.1,0,2016-2017,0
1522,Gordon Hayward,SF,26.0,73,34.5,71.8,27.6,0.094,429,0.844,782,0.506,374,0.398,0.595,21.9,5.4,9.1,3.5,18.2,1.0,0.27,8.6,0,2016-2017,0
1523,Gorgui Dieng,PF,27.0,82,32.4,67.4,14.0,0.127,167,0.814,619,0.511,42,0.381,0.555,10.0,7.9,14.2,1.9,8.6,1.07,1.16,6.6,0,2016-2017,0
1524,Greg Monroe,C,26.0,81,22.5,46.9,24.3,0.144,239,0.741,721,0.537,4,0.0,0.573,11.7,6.6,17.0,2.3,17.3,1.14,0.47,10.0,0,2016-2017,0
1525,Greivis Vasquez,PG,30.0,3,12.9,26.8,11.4,0.097,3,0.667,5,0.2,3,0.333,0.376,2.3,0.7,2.7,1.7,17.7,0.33,0.33,4.3,0,2016-2017,0
1526,Harrison Barnes,PF,24.0,79,35.5,73.9,25.3,0.068,281,0.861,1058,0.492,222,0.351,0.541,19.2,5.0,8.2,1.5,7.8,0.82,0.19,5.9,0,2016-2017,0
1527,Hassan Whiteside,C,27.0,77,32.6,68.0,22.7,0.12,358,0.628,973,0.557,0,0.0,0.579,17.0,14.1,24.0,0.7,3.8,0.74,2.1,6.8,0,2016-2017,0
1528,Henry Ellenson,PF,20.0,19,7.7,16.0,24.7,0.172,8,0.5,30,0.433,34,0.294,0.444,3.2,2.2,15.3,0.4,7.2,0.05,0.05,7.3,0,2016-2017,0
1529,Hollis Thompson,SG,25.0,40,18.8,39.2,13.1,0.049,29,0.654,105,0.419,95,0.34,0.48,5.1,2.8,8.2,0.8,6.8,0.5,0.15,4.8,0,2016-2017,0
1530,Ian Clark,SG,25.0,77,14.8,30.8,19.5,0.109,58,0.759,270,0.556,163,0.374,0.575,6.8,1.6,5.9,1.2,11.2,0.51,0.1,6.4,0,2016-2017,0
1531,Ian Mahinmi,C,30.0,31,17.9,37.3,14.0,0.191,75,0.573,111,0.586,0,0.0,0.601,5.6,4.8,15.2,0.6,4.9,1.1,0.77,5.6,0,2016-2017,0
1532,Iman Shumpert,SG,26.0,76,25.5,53.1,14.0,0.129,90,0.789,228,0.469,261,0.36,0.536,7.5,2.9,6.2,1.4,7.8,0.82,0.36,4.9,0,2016-2017,0
1533,Isaiah Canaan,SG,25.0,39,15.2,31.6,15.4,0.101,33,0.909,79,0.481,94,0.266,0.483,4.6,1.3,4.6,0.9,9.0,0.56,0.03,4.6,0,2016-2017,0
1534,Isaiah Taylor,PG,22.0,4,13.0,27.1,6.4,0.0,2,0.5,5,0.2,2,0.0,0.19,0.8,0.8,3.1,0.8,7.1,0.25,0.25,2.5,0,2016-2017,0
1535,Isaiah Thomas,PG,27.0,76,33.8,70.4,34.0,0.107,649,0.909,827,0.528,646,0.379,0.625,28.9,2.7,4.4,5.9,32.5,0.92,0.17,9.1,1,2016-2017,0
1536,Isaiah Whitehead,PG,21.0,73,22.5,46.9,18.2,0.203,113,0.805,359,0.446,149,0.295,0.487,7.4,2.5,5.9,2.6,17.7,0.58,0.49,6.5,0,2016-2017,0
1537,Ish Smith,PG,28.0,81,24.1,50.3,20.5,0.125,102,0.706,643,0.468,105,0.267,0.478,9.4,2.9,6.6,5.2,32.5,0.75,0.41,8.7,0,2016-2017,0
1538,Ivica Zubac,C,19.0,38,16.0,33.4,20.3,0.104,49,0.653,235,0.536,3,0.0,0.547,7.5,4.2,14.3,0.8,8.1,0.37,0.87,7.3,0,2016-2017,0
1539,J.J. Barea,PG,32.0,35,22.0,45.9,26.2,0.147,51,0.863,195,0.456,148,0.358,0.521,10.9,2.4,6.3,5.5,44.2,0.4,0.03,9.5,0,2016-2017,0
1540,Jabari Parker,PF,21.0,51,33.9,70.6,26.5,0.093,218,0.743,636,0.525,178,0.365,0.563,20.1,6.2,10.6,2.8,14.3,0.98,0.43,8.3,0,2016-2017,0
1541,Jae Crowder,SF,26.0,72,32.4,67.6,17.0,0.089,217,0.811,326,0.54,394,0.398,0.613,13.9,5.8,9.9,2.2,10.1,1.01,0.32,6.9,0,2016-2017,0
1542,Jahlil Okafor,C,21.0,50,22.7,47.3,24.2,0.144,158,0.671,471,0.514,0,0.0,0.546,11.8,4.8,11.7,1.2,9.0,0.4,0.98,7.2,0,2016-2017,0
1543,Jake Layman,SF,22.0,35,7.1,14.8,19.1,0.102,17,0.765,38,0.342,51,0.255,0.404,2.2,0.7,5.3,0.3,6.2,0.23,0.09,4.4,0,2016-2017,0
1544,Jakob Poeltl,C,21.0,54,11.6,24.2,12.1,0.172,57,0.544,115,0.583,0,0.0,0.589,3.1,3.1,14.9,0.2,2.7,0.31,0.37,4.3,0,2016-2017,0
1545,Jamal Crawford,SG,36.0,82,26.3,54.8,22.7,0.123,203,0.857,548,0.443,322,0.36,0.525,12.3,1.6,3.3,2.6,15.1,0.74,0.17,5.6,0,2016-2017,0
1546,Jamal Murray,SG,19.0,82,21.5,44.8,21.6,0.126,120,0.883,386,0.466,344,0.334,0.518,9.9,2.6,6.7,2.1,14.0,0.62,0.29,7.0,0,2016-2017,0
1547,Jameer Nelson,PG,34.0,75,27.3,56.8,15.8,0.168,63,0.714,331,0.489,273,0.388,0.544,9.2,2.6,5.2,5.1,26.0,0.72,0.11,7.3,0,2016-2017,0
1548,James Ennis III,SF,26.0,64,23.4,48.8,13.0,0.138,110,0.782,184,0.516,137,0.372,0.581,6.7,4.0,9.9,1.0,6.5,0.72,0.3,5.1,0,2016-2017,0
1549,James Harden,PG,27.0,81,36.4,75.8,34.3,0.194,881,0.847,778,0.53,756,0.347,0.613,29.1,8.1,12.2,11.2,50.7,1.49,0.47,15.2,1,2016-2017,0
1550,James Johnson,PF,29.0,76,27.4,57.2,22.0,0.165,215,0.707,513,0.548,256,0.34,0.564,12.8,4.9,10.0,3.6,20.9,1.0,1.13,8.9,0,2016-2017,0
1551,James Jones,SF,36.0,48,7.9,16.5,13.0,0.09,20,0.65,26,0.5,66,0.47,0.655,2.8,0.8,5.5,0.3,5.2,0.13,0.21,4.4,0,2016-2017,0
1552,James Michael McAdoo,PF,24.0,52,8.8,18.3,14.6,0.123,42,0.5,109,0.55,8,0.25,0.543,2.8,1.7,10.8,0.3,5.2,0.35,0.56,5.1,0,2016-2017,0
1553,JaMychal Green,PF,26.0,77,27.3,56.8,14.4,0.141,167,0.802,355,0.549,144,0.382,0.602,8.9,7.1,14.8,1.1,6.3,0.61,0.44,6.0,0,2016-2017,0
1554,Jared Dudley,PF,31.0,64,21.3,44.4,13.8,0.163,65,0.662,143,0.559,203,0.379,0.579,6.8,3.5,9.0,1.9,12.5,0.67,0.25,6.7,0,2016-2017,0
1555,Jared Sullinger,PF,24.0,11,10.7,22.3,20.7,0.073,8,0.5,29,0.414,18,0.167,0.366,3.4,2.5,13.0,0.3,3.7,0.36,0.09,5.1,0,2016-2017,0
1556,Jarell Eddie,SF,25.0,5,12.5,26.0,16.1,0.042,9,0.889,3,0.667,16,0.25,0.523,4.8,1.4,6.1,0.0,0.0,0.2,0.0,0.0,0,2016-2017,0
1557,Jarell Martin,PF,22.0,42,13.3,27.7,16.4,0.139,50,0.8,126,0.389,25,0.36,0.477,3.9,3.9,16.6,0.2,2.2,0.4,0.21,4.4,0,2016-2017,0
1558,Jarrett Jack,PG,33.0,2,16.6,34.5,9.2,0.436,2,1.0,2,1.0,1,0.0,0.773,3.0,0.0,0.0,2.5,20.3,1.0,0.0,0.0,0,2016-2017,0
1559,Jarrod Uthoff,PF,23.0,9,12.8,26.6,18.1,0.068,7,0.714,29,0.448,9,0.333,0.487,4.4,2.6,11.6,1.0,12.8,0.22,0.44,7.0,0,2016-2017,0
1560,Jason Smith,C,30.0,74,14.4,30.1,16.8,0.142,51,0.686,251,0.546,78,0.474,0.598,5.7,3.5,13.6,0.5,5.0,0.28,0.73,6.0,0,2016-2017,0
1561,Jason Terry,SG,39.0,74,18.4,38.4,9.8,0.123,29,0.828,72,0.444,171,0.427,0.6,4.1,1.4,4.5,1.3,9.9,0.62,0.27,4.2,0,2016-2017,0
1562,JaVale McGee,C,29.0,77,9.6,20.0,23.8,0.098,111,0.505,316,0.658,3,0.0,0.642,6.1,3.2,18.1,0.2,3.8,0.25,0.87,6.6,0,2016-2017,0
1563,Jaylen Brown,SF,20.0,78,17.2,35.8,18.0,0.125,124,0.685,288,0.507,135,0.341,0.539,6.6,2.8,9.1,0.8,7.2,0.45,0.23,5.7,0,2016-2017,0
1564,Jeff Green,SF,30.0,69,22.2,46.3,20.3,0.106,168,0.863,365,0.458,193,0.275,0.505,9.2,3.1,7.6,1.2,8.1,0.54,0.19,5.8,0,2016-2017,0
1565,Jeff Teague,PG,28.0,82,32.4,67.5,22.1,0.165,415,0.867,657,0.475,252,0.357,0.574,15.3,4.0,7.0,7.8,36.4,1.23,0.39,9.6,0,2016-2017,0
1566,Jeff Withey,C,26.0,51,8.5,17.7,14.9,0.101,48,0.75,102,0.539,1,0.0,0.588,2.9,2.4,16.2,0.1,2.5,0.31,0.63,4.2,0,2016-2017,0
1567,Jerami Grant,SF,22.0,80,19.1,39.9,12.1,0.1,147,0.616,212,0.52,116,0.368,0.562,5.5,2.6,7.4,0.6,4.2,0.41,0.99,4.2,0,2016-2017,0
1568,Jeremy Lamb,SG,24.0,62,18.4,38.4,23.2,0.068,129,0.853,345,0.536,146,0.281,0.55,9.7,4.3,12.7,1.2,11.1,0.44,0.37,8.0,0,2016-2017,0
1569,Jeremy Lin,PG,28.0,36,24.5,51.1,26.6,0.157,141,0.816,244,0.48,156,0.372,0.566,14.5,3.8,8.1,5.1,35.5,1.17,0.42,10.7,0,2016-2017,0
1570,Jerian Grant,PG,24.0,63,16.3,34.0,16.0,0.117,73,0.89,167,0.473,134,0.366,0.555,5.9,1.8,5.8,1.9,17.4,0.75,0.13,6.7,0,2016-2017,0
1571,Jerryd Bayless,PG,28.0,3,23.8,49.7,27.5,0.198,10,0.9,27,0.333,5,0.4,0.453,11.0,4.0,9.3,4.3,29.1,0.0,0.0,9.6,0,2016-2017,0
1572,Jimmy Butler,SF,27.0,76,37.0,77.0,26.5,0.093,676,0.865,1004,0.477,248,0.367,0.586,23.9,6.2,9.0,5.5,24.8,1.89,0.41,10.1,1,2016-2017,0
1573,JJ Redick,SG,32.0,78,28.2,58.7,21.9,0.091,202,0.891,422,0.462,468,0.429,0.599,15.0,2.2,4.4,1.4,7.8,0.69,0.17,5.1,0,2016-2017,0
1574,Joakim Noah,C,31.0,46,22.1,46.0,12.6,0.197,78,0.436,201,0.493,1,0.0,0.491,5.0,8.8,21.4,2.2,14.1,0.65,0.8,8.3,0,2016-2017,0
1575,Jodie Meeks,SG,29.0,36,20.5,42.7,19.4,0.111,74,0.878,119,0.395,137,0.409,0.567,9.1,2.1,5.7,1.3,9.3,0.94,0.11,5.7,0,2016-2017,0
1576,Joe Harris,SG,25.0,52,21.9,45.6,16.5,0.125,49,0.714,141,0.489,221,0.385,0.558,8.2,2.8,6.8,1.0,7.3,0.58,0.15,5.2,0,2016-2017,0
1577,Joe Ingles,SF,29.0,82,24.1,50.1,13.9,0.182,68,0.735,172,0.471,279,0.441,0.604,7.1,3.2,7.6,2.7,17.2,1.16,0.1,6.5,0,2016-2017,0
1578,Joe Johnson,SF,35.0,78,23.6,49.2,18.5,0.096,77,0.818,366,0.456,259,0.409,0.543,9.2,3.1,7.6,1.8,12.6,0.46,0.23,6.3,0,2016-2017,0
1579,Joel Anthony,C,34.0,19,6.4,13.4,8.7,0.17,8,0.625,16,0.625,0,0.0,0.64,1.3,1.6,14.4,0.2,3.4,0.11,0.32,4.7,0,2016-2017,0
1580,Joel Embiid,C,22.0,31,25.4,52.8,36.0,0.179,244,0.783,331,0.495,98,0.367,0.584,20.2,7.8,17.0,2.1,16.0,0.87,2.45,10.9,0,2016-2017,0
1581,Joffrey Lauvergne,C,25.0,70,14.0,29.2,18.6,0.132,73,0.627,238,0.485,98,0.333,0.508,5.4,3.6,14.1,1.0,10.8,0.36,0.09,7.7,0,2016-2017,0
1582,John Henson,C,26.0,58,19.4,40.3,16.6,0.127,107,0.692,308,0.516,1,0.0,0.55,6.8,5.1,15.3,1.0,7.7,0.5,1.34,6.7,0,2016-2017,0
1583,John Wall,PG,26.0,78,36.4,75.7,30.6,0.162,527,0.801,1162,0.48,272,0.327,0.542,23.1,4.2,6.5,10.7,46.9,2.01,0.63,11.1,1,2016-2017,0
1584,Johnny O�Bryant III,PF,23.0,11,7.3,15.3,20.5,0.155,6,0.818,24,0.477,6,0.546,0.586,3.5,1.7,13.0,0.6,11.6,0.0,0.09,7.9,0,2016-2017,0
1585,Jon Leuer,PF,27.0,75,25.9,54.0,17.3,0.087,113,0.867,479,0.545,167,0.293,0.551,10.2,5.4,11.3,1.5,8.6,0.41,0.35,6.7,0,2016-2017,0
1586,Jonas Jerebko,PF,29.0,78,15.8,32.9,11.4,0.123,37,0.703,132,0.523,130,0.346,0.537,3.8,3.5,12.3,0.9,8.1,0.32,0.22,5.8,0,2016-2017,0
1587,Jonas Valanciunas,C,24.0,80,25.8,53.8,19.6,0.117,217,0.811,700,0.557,2,0.5,0.601,12.0,9.5,20.8,0.7,4.4,0.46,0.79,6.7,0,2016-2017,0
1588,Jonathan Gibson,PG,29.0,17,13.6,28.3,26.3,0.163,29,0.724,50,0.4,45,0.333,0.492,6.2,1.3,5.5,1.5,18.8,0.47,0.0,6.8,0,2016-2017,0
1589,Jonathon Simmons,SG,27.0,78,17.9,37.2,18.0,0.137,132,0.75,319,0.461,102,0.294,0.504,6.2,2.1,6.5,1.6,13.2,0.6,0.32,6.1,0,2016-2017,0
1590,Jordan Clarkson,SG,24.0,82,29.2,60.9,23.3,0.125,168,0.798,714,0.504,356,0.329,0.527,14.7,3.0,5.6,2.6,14.4,1.09,0.1,6.7,0,2016-2017,0
1591,Jordan Crawford,SG,28.0,19,23.3,48.5,25.5,0.098,26,0.769,123,0.553,95,0.389,0.582,14.1,1.8,4.1,3.0,22.7,0.58,0.11,7.3,0,2016-2017,0
1592,Jordan Farmar,PG,30.0,2,17.7,36.9,19.2,0.2,0,0.0,3,0.0,9,0.444,0.5,6.0,1.5,4.9,4.5,38.1,1.0,0.0,7.8,0,2016-2017,0
1593,Jordan Hill,C,29.0,7,6.7,13.9,17.0,0.224,2,1.0,13,0.385,0,0.0,0.432,1.7,2.0,17.5,0.0,0.0,0.14,0.0,0.0,0,2016-2017,0
1594,Jordan McRae,SG,25.0,37,10.4,21.6,20.8,0.078,34,0.794,99,0.404,51,0.353,0.488,4.4,1.1,5.9,0.5,7.4,0.22,0.16,5.2,0,2016-2017,0
1595,Jordan Mickey,PF,22.0,25,5.6,11.8,15.5,0.183,14,0.571,33,0.455,1,0.0,0.473,1.5,1.4,13.4,0.3,7.1,0.12,0.24,6.1,0,2016-2017,0
1596,Jose Calderon,PG,35.0,41,13.2,27.4,14.5,0.228,12,0.948,70,0.503,64,0.317,0.506,3.4,1.8,7.6,2.1,23.4,0.27,0.02,7.3,0,2016-2017,0
1597,Josh Huestis,PF,25.0,2,15.5,32.2,15.7,0.0,1,0.0,7,0.571,4,0.5,0.612,7.0,4.5,16.1,1.5,15.6,0.0,1.5,9.3,0,2016-2017,0
1598,Josh McRoberts,PF,29.0,22,17.3,36.1,16.9,0.159,9,0.667,87,0.356,31,0.419,0.439,4.9,3.4,10.7,2.3,18.9,0.45,0.18,7.8,0,2016-2017,0
1599,Josh Richardson,SG,23.0,53,30.5,63.5,16.8,0.106,77,0.779,286,0.444,227,0.33,0.493,10.2,3.2,5.8,2.6,12.6,1.13,0.75,5.8,0,2016-2017,0
1600,JR Smith,SG,31.0,41,29.0,60.3,14.6,0.067,15,0.667,85,0.329,271,0.351,0.484,8.6,2.8,5.2,1.5,7.1,1.0,0.27,4.6,0,2016-2017,0
1601,Jrue Holiday,PG,26.0,67,32.7,68.1,23.5,0.167,168,0.708,612,0.498,281,0.356,0.532,15.4,4.0,6.4,7.3,35.9,1.49,0.67,9.4,0,2016-2017,0
1602,Juan Hernangomez,PF,21.0,62,13.6,28.3,14.6,0.107,76,0.75,111,0.495,113,0.407,0.592,4.9,3.0,12.3,0.5,4.7,0.48,0.19,5.7,0,2016-2017,0
1603,Julius Randle,PF,22.0,74,28.8,60.0,21.5,0.162,282,0.723,711,0.506,63,0.27,0.543,13.2,8.6,16.3,3.6,19.3,0.66,0.5,10.3,0,2016-2017,0
1604,Justin Anderson,SF,23.0,75,16.4,34.1,21.6,0.117,129,0.79,244,0.519,194,0.299,0.536,7.1,3.3,11.6,0.9,8.5,0.55,0.3,6.6,0,2016-2017,0
1605,Justin Hamilton,C,26.0,64,18.4,38.3,16.2,0.097,52,0.75,199,0.598,180,0.306,0.55,6.9,4.1,11.8,0.9,7.3,0.45,0.67,6.4,0,2016-2017,0
1606,Justin Harper,PF,27.0,3,10.4,21.7,22.2,0.25,0,0.0,5,0.6,7,0.286,0.5,4.0,1.7,8.8,0.7,10.3,0.0,0.0,6.5,0,2016-2017,0
1607,Justin Holiday,SG,27.0,82,20.0,41.6,16.9,0.103,80,0.825,265,0.513,273,0.355,0.549,7.7,2.8,7.4,1.2,9.2,0.79,0.38,5.9,0,2016-2017,0
1608,Justise Winslow,SF,20.0,18,34.7,72.4,19.8,0.118,47,0.617,190,0.384,35,0.2,0.399,10.9,5.2,8.3,3.7,15.5,1.44,0.33,6.8,0,2016-2017,0
1609,Jusuf Nurkic,C,22.0,65,21.4,44.6,23.6,0.187,210,0.546,533,0.508,1,0.0,0.524,10.2,7.2,18.4,1.9,13.2,0.77,1.14,9.4,0,2016-2017,0
1610,Karl-Anthony Towns,C,21.0,82,37.0,77.0,27.5,0.113,428,0.832,1205,0.582,275,0.367,0.618,25.1,12.3,19.4,2.7,13.2,0.7,1.26,10.2,0,2016-2017,0
1611,Kawhi Leonard,SF,25.0,74,33.4,69.7,31.1,0.091,533,0.88,925,0.529,387,0.38,0.61,25.5,5.8,9.8,3.5,18.9,1.8,0.74,9.6,1,2016-2017,1
1612,Kay Felder,PG,21.0,42,9.2,19.1,24.2,0.143,49,0.714,136,0.404,22,0.318,0.462,4.0,1.0,5.9,1.4,22.7,0.43,0.17,7.7,0,2016-2017,0
1613,Kelly Olynyk,C,25.0,75,20.5,42.7,19.0,0.146,123,0.732,316,0.608,192,0.354,0.603,9.0,4.8,13.1,2.0,15.2,0.57,0.39,8.6,0,2016-2017,0
1614,Kelly Oubre Jr.,SF,21.0,79,20.3,42.3,14.6,0.093,99,0.758,254,0.52,188,0.287,0.516,6.3,3.3,9.2,0.6,4.0,0.72,0.22,4.6,0,2016-2017,0
1615,Kemba Walker,PG,26.0,79,34.7,72.2,29.2,0.095,359,0.847,847,0.476,602,0.399,0.569,23.2,3.9,6.2,5.5,29.1,1.08,0.27,9.1,0,2016-2017,0
1616,Kenneth Faried,PF,27.0,61,21.2,44.3,18.3,0.106,189,0.693,410,0.556,6,0.0,0.588,9.6,7.6,19.7,0.9,6.3,0.7,0.66,7.6,0,2016-2017,0
1617,Kent Bazemore,SF,27.0,73,26.9,56.0,20.5,0.136,168,0.708,456,0.445,266,0.346,0.503,11.0,3.2,6.4,2.4,14.2,1.26,0.71,6.5,0,2016-2017,0
1618,Kentavious Caldwell-,SG,23.0,76,33.3,69.3,19.2,0.079,185,0.832,491,0.442,437,0.35,0.519,13.8,3.3,5.4,2.5,11.2,1.18,0.16,5.8,0,2016-2017,0
1619,Kevin Durant,SF,28.0,62,33.4,69.6,27.8,0.104,384,0.875,714,0.608,312,0.375,0.651,25.1,8.3,13.6,4.8,23.1,1.06,1.6,12.0,1,2016-2017,1
1620,Kevin Love,PF,28.0,60,31.4,65.4,26.5,0.109,295,0.871,478,0.471,389,0.373,0.573,19.0,11.1,19.5,1.9,9.8,0.88,0.35,9.4,0,2016-2017,0
1621,Kevin Seraphin,PF,27.0,49,11.4,23.8,19.0,0.123,22,0.636,196,0.556,2,0.0,0.559,4.7,2.9,14.2,0.5,6.7,0.14,0.41,6.7,0,2016-2017,0
1622,Kevon Looney,C,20.0,53,8.4,17.6,13.4,0.122,34,0.618,98,0.551,9,0.222,0.553,2.5,2.3,15.2,0.5,8.5,0.26,0.32,6.8,0,2016-2017,0
1623,Khris Middleton,SG,25.0,29,30.7,63.9,22.5,0.148,92,0.88,229,0.459,104,0.433,0.57,14.7,4.2,8.1,3.4,17.5,1.41,0.24,7.7,0,2016-2017,0
1624,KJ McDaniels,SF,23.0,49,10.3,21.5,17.6,0.13,38,0.868,103,0.548,66,0.312,0.554,4.2,1.7,8.4,0.3,3.6,0.39,0.37,4.4,0,2016-2017,0
1625,Klay Thompson,SG,26.0,78,34.0,70.8,26.1,0.08,218,0.853,729,0.516,647,0.414,0.592,22.3,3.7,5.9,2.1,9.3,0.85,0.51,6.6,0,2016-2017,1
1626,Kosta Koufos,C,27.0,71,20.0,41.6,15.3,0.127,62,0.613,391,0.552,1,0.0,0.56,6.6,5.7,16.4,0.7,5.3,0.51,0.68,6.0,0,2016-2017,0
1627,Kris Dunn,PG,22.0,78,17.1,35.6,14.2,0.208,59,0.61,240,0.404,73,0.288,0.432,3.8,2.1,7.3,2.4,19.4,1.0,0.46,6.3,0,2016-2017,0
1628,Kris Humphries,PF,31.0,56,12.3,25.6,17.6,0.101,82,0.78,160,0.425,54,0.352,0.514,4.6,3.7,16.4,0.5,6.4,0.27,0.38,6.6,0,2016-2017,0
1629,Kristaps Porzingis,PF,21.0,66,32.8,68.3,24.3,0.097,252,0.786,671,0.493,314,0.357,0.546,18.1,7.2,11.8,1.5,7.3,0.71,1.95,7.1,0,2016-2017,0
1630,Kyle Anderson,SG,23.0,72,14.2,29.5,12.1,0.143,57,0.789,169,0.462,40,0.375,0.525,3.4,2.9,11.6,1.3,12.5,0.72,0.36,6.6,0,2016-2017,0
1631,Kyle Korver,SG,35.0,67,26.2,54.5,15.2,0.114,42,0.912,155,0.496,359,0.449,0.637,10.1,2.8,5.9,1.6,9.2,0.49,0.32,5.3,0,2016-2017,0
1632,Kyle Lowry,PG,30.0,60,37.4,77.9,24.9,0.138,365,0.819,450,0.518,468,0.412,0.623,22.4,4.8,7.2,7.0,29.9,1.48,0.32,9.7,0,2016-2017,1
1633,Kyle O�Quinn,PF,26.0,79,15.6,32.4,18.6,0.145,83,0.771,396,0.538,17,0.118,0.552,6.3,5.5,19.2,1.5,14.8,0.46,1.32,9.6,0,2016-2017,0
1634,Kyle Singler,SF,28.0,32,12.0,25.1,11.2,0.108,17,0.765,46,0.587,37,0.189,0.486,2.8,1.5,6.9,0.3,3.2,0.22,0.16,3.6,0,2016-2017,0
1635,Kyrie Irving,PG,24.0,72,35.1,73.1,30.8,0.103,328,0.905,979,0.505,441,0.401,0.58,25.2,3.2,5.0,5.8,29.7,1.15,0.33,8.8,0,2016-2017,0
1636,Lamar Patterson,SG,25.0,5,8.1,16.8,22.0,0.197,3,0.667,9,0.222,6,0.167,0.276,1.8,1.4,9.5,1.2,20.9,0.2,0.0,7.1,0,2016-2017,0
1637,LaMarcus Aldridge,PF,31.0,72,32.4,67.6,24.5,0.077,271,0.812,993,0.48,56,0.411,0.532,17.3,7.3,12.7,1.9,9.9,0.64,1.22,7.7,0,2016-2017,1
1638,Lance Stephenson,SG,26.0,18,20.1,41.9,18.4,0.17,13,0.597,100,0.481,20,0.242,0.483,6.8,2.9,8.2,3.3,22.3,0.28,0.17,7.6,0,2016-2017,0
1639,Lance Thomas,PF,28.0,46,21.0,43.8,13.1,0.086,51,0.843,159,0.371,85,0.447,0.516,6.0,3.1,7.9,0.8,5.0,0.46,0.11,4.7,0,2016-2017,0
1640,Langston Galloway,PG,25.0,74,20.2,42.1,18.4,0.079,64,0.807,237,0.367,308,0.402,0.512,7.9,2.1,5.6,1.3,9.4,0.62,0.08,5.5,0,2016-2017,0
1641,Larry Nance Jr.,PF,24.0,63,22.9,47.7,13.4,0.124,80,0.738,326,0.552,36,0.278,0.565,7.1,5.9,14.0,1.5,9.7,1.3,0.63,6.9,0,2016-2017,0
1642,Lavoy Allen,PF,27.0,61,14.3,29.8,10.9,0.137,33,0.697,167,0.461,1,0.0,0.485,2.9,3.6,14.1,0.9,9.1,0.3,0.39,5.9,0,2016-2017,0
1643,Leandro Barbosa,SG,34.0,67,14.4,30.0,20.0,0.104,45,0.889,294,0.466,98,0.357,0.509,6.3,1.6,5.9,1.2,13.0,0.46,0.12,6.4,0,2016-2017,0
1644,LeBron James,SF,32.0,74,37.8,78.7,30.0,0.161,531,0.674,1002,0.611,342,0.363,0.619,26.4,8.7,12.6,8.7,41.3,1.23,0.59,13.3,1,2016-2017,1
1645,Lou Williams,SG,30.0,81,24.6,51.3,29.1,0.117,457,0.879,551,0.477,447,0.365,0.59,17.5,2.5,5.5,3.0,20.0,0.99,0.23,8.2,0,2016-2017,0
1646,Luc Mbah a Moute,PF,30.0,80,22.3,46.5,11.6,0.1,87,0.678,268,0.552,110,0.391,0.581,6.1,2.1,5.3,0.5,3.1,1.01,0.44,3.3,0,2016-2017,0
1647,Lucas Nogueira,C,24.0,57,19.1,39.8,9.5,0.199,67,0.657,144,0.694,12,0.25,0.682,4.4,4.3,12.7,0.7,5.4,0.91,1.56,5.0,0,2016-2017,0
1648,Luis Scola,PF,36.0,36,12.8,26.7,18.7,0.169,37,0.676,101,0.535,50,0.34,0.55,5.1,3.9,16.0,1.0,12.7,0.39,0.11,8.5,0,2016-2017,0
1649,Luke Babbitt,SF,27.0,68,15.7,32.6,13.0,0.08,15,0.733,71,0.366,210,0.414,0.563,4.8,2.1,7.3,0.5,4.8,0.29,0.16,4.4,0,2016-2017,0
1650,Luol Deng,SF,31.0,56,26.5,55.3,14.3,0.087,63,0.73,260,0.435,165,0.309,0.469,7.6,5.3,10.8,1.3,7.0,0.86,0.36,5.6,0,2016-2017,0
1651,Malachi Richardson,SG,21.0,22,9.0,18.8,19.3,0.095,19,0.789,40,0.5,28,0.286,0.517,3.6,1.0,6.7,0.5,8.7,0.23,0.05,5.4,0,2016-2017,0
1652,Malcolm Brogdon,SG,24.0,75,26.4,55.1,18.5,0.141,126,0.865,442,0.48,193,0.404,0.555,10.2,2.8,6.3,4.2,24.3,1.12,0.16,7.5,0,2016-2017,0
1653,Malcolm Delaney,PG,27.0,73,17.1,35.6,18.3,0.181,93,0.806,278,0.428,110,0.236,0.456,5.4,1.7,5.4,2.6,23.1,0.53,0.01,6.7,0,2016-2017,0
1654,Malik Beasley,SG,20.0,22,7.5,15.6,22.0,0.094,10,0.8,45,0.533,28,0.321,0.536,3.8,0.8,5.7,0.5,10.2,0.32,0.0,6.1,0,2016-2017,0
1655,Manny Harris,SG,27.0,4,6.2,12.9,35.7,0.107,4,0.5,13,0.231,2,0.0,0.239,2.0,2.3,21.1,0.5,12.8,0.0,0.0,8.5,0,2016-2017,0
1656,Manu Ginobili,SG,39.0,69,18.7,39.0,20.4,0.165,107,0.804,212,0.387,227,0.392,0.532,7.5,2.3,6.9,2.7,20.8,1.19,0.23,7.7,0,2016-2017,0
1657,Marc Gasol,C,32.0,74,34.2,71.3,26.4,0.113,332,0.837,892,0.48,268,0.388,0.554,19.5,6.3,10.5,4.6,24.8,0.91,1.34,9.7,0,2016-2017,0
1658,Marcelo Huertas,PG,33.0,23,10.3,21.4,17.1,0.201,17,0.529,49,0.429,19,0.211,0.417,2.7,1.0,5.5,2.3,30.9,0.43,0.09,7.1,0,2016-2017,0
1659,Marcin Gortat,C,32.0,82,31.2,64.9,14.7,0.138,159,0.648,672,0.58,2,0.0,0.593,10.8,10.3,18.7,1.5,6.8,0.49,0.74,7.1,0,2016-2017,0
1660,Marco Belinelli,SG,30.0,74,24.0,50.0,19.2,0.092,168,0.893,332,0.488,283,0.36,0.566,10.5,2.4,5.5,2.0,13.1,0.59,0.12,6.2,0,2016-2017,0
1661,Marcus Georges-Hunt,SG,22.0,5,9.5,19.8,12.4,0.149,10,0.9,5,0.2,2,0.5,0.614,2.8,1.8,10.3,0.6,8.4,0.2,0.0,6.1,0,2016-2017,0
1662,Marcus Morris,SF,27.0,79,32.5,67.6,20.3,0.074,185,0.784,650,0.466,357,0.331,0.508,14.0,4.6,7.8,2.0,9.4,0.66,0.32,6.2,0,2016-2017,0
1663,Marcus Smart,PG,22.0,79,30.4,63.3,18.8,0.156,250,0.812,417,0.42,332,0.283,0.486,10.6,3.9,7.1,4.6,22.0,1.58,0.43,7.6,0,2016-2017,0
1664,Marcus Thornton,SG,29.0,33,17.4,36.3,18.8,0.101,27,0.852,130,0.431,80,0.35,0.494,6.6,2.3,7.5,1.2,10.1,0.58,0.09,6.0,0,2016-2017,0
1665,Mario Hezonja,SF,21.0,65,14.8,30.8,18.8,0.141,50,0.8,186,0.398,144,0.299,0.45,4.9,2.2,8.3,1.0,9.6,0.46,0.22,6.0,0,2016-2017,0
1666,Markieff Morris,PF,27.0,76,31.2,65.1,20.5,0.116,215,0.837,693,0.483,196,0.362,0.54,14.0,6.5,11.7,1.7,7.8,1.08,0.58,6.9,0,2016-2017,0
1667,Marquese Chriss,PF,19.0,82,21.3,44.3,19.7,0.132,181,0.624,408,0.52,224,0.321,0.529,9.2,4.2,10.8,0.7,5.2,0.82,0.85,5.6,0,2016-2017,0
1668,Marreese Speights,C,29.0,82,15.7,32.7,23.6,0.102,137,0.876,271,0.52,277,0.372,0.584,8.7,4.5,16.2,0.8,8.1,0.28,0.5,8.0,0,2016-2017,0
1669,Marshall Plumlee,C,24.0,21,8.1,16.9,12.6,0.243,19,0.421,29,0.552,0,0.0,0.535,1.9,2.4,16.2,0.5,8.1,0.19,0.19,6.5,0,2016-2017,0
1670,Marvin Williams,PF,30.0,76,30.2,62.9,16.3,0.072,150,0.873,349,0.496,354,0.35,0.552,11.2,6.6,12.0,1.4,7.1,0.76,0.7,6.2,0,2016-2017,0
1671,Mason Plumlee,C,26.0,81,26.5,55.2,18.0,0.152,300,0.584,617,0.542,6,0.0,0.558,10.4,7.5,15.6,3.5,19.6,0.85,1.13,9.8,0,2016-2017,0
1672,Matt Barnes,SF,36.0,74,24.0,50.0,15.5,0.175,89,0.788,210,0.473,263,0.332,0.519,7.1,5.2,12.3,2.7,15.6,0.65,0.35,7.7,0,2016-2017,0
1673,Matthew Dellavedova,PG,26.0,76,26.1,54.4,16.3,0.188,96,0.854,318,0.406,216,0.366,0.501,7.6,1.9,4.3,4.7,25.7,0.7,0.0,6.3,0,2016-2017,0
1674,Maurice Harkless,SF,23.0,77,28.9,60.2,15.2,0.112,124,0.621,430,0.572,194,0.351,0.57,10.0,4.4,8.5,1.1,5.9,1.1,0.9,5.0,0,2016-2017,0
1675,Maurice Ndour,PF,24.0,32,10.4,21.6,14.3,0.128,26,0.731,77,0.494,7,0.143,0.513,3.1,2.0,10.4,0.3,3.5,0.47,0.22,4.7,0,2016-2017,0
1676,Metta World Peace,SF,37.0,25,6.4,13.4,21.9,0.085,16,0.625,30,0.333,38,0.237,0.38,2.3,0.8,6.8,0.4,9.8,0.4,0.08,5.6,0,2016-2017,0
1677,Meyers Leonard,PF,24.0,74,16.5,34.4,15.5,0.081,40,0.875,165,0.436,213,0.347,0.507,5.4,3.2,10.8,1.0,8.4,0.18,0.38,6.3,0,2016-2017,0
1678,Michael Beasley,PF,28.0,56,16.7,34.8,25.3,0.127,105,0.743,363,0.545,43,0.419,0.584,9.4,3.4,12.0,0.9,9.9,0.48,0.5,7.3,0,2016-2017,0
1679,Michael Carter-Willi,PG,25.0,45,18.8,39.2,20.9,0.163,77,0.753,242,0.401,64,0.234,0.437,6.6,3.4,9.7,2.5,20.0,0.84,0.51,8.1,0,2016-2017,0
1680,Michael Kidd-Gilchri,SF,23.0,81,29.0,60.4,14.6,0.074,194,0.784,609,0.483,9,0.111,0.528,9.2,7.0,13.2,1.4,7.4,0.99,0.95,6.2,0,2016-2017,0
1681,Mike Conley,PG,29.0,69,33.2,69.2,26.3,0.117,368,0.859,590,0.497,420,0.407,0.604,20.5,3.5,6.0,6.3,34.5,1.33,0.28,9.2,0,2016-2017,0
1682,Mike Dunleavy,SF,36.0,53,15.8,33.1,14.0,0.105,45,0.799,86,0.467,134,0.395,0.572,5.2,2.2,7.6,1.0,8.6,0.28,0.14,5.6,0,2016-2017,0
1683,Mike Miller,SF,36.0,20,7.5,15.7,10.4,0.352,2,1.0,3,0.333,20,0.4,0.586,1.4,1.9,13.9,1.1,18.4,0.1,0.0,7.6,0,2016-2017,0
1684,Mike Muscala,C,25.0,70,17.7,36.8,14.9,0.133,64,0.766,227,0.546,110,0.418,0.596,6.2,3.4,10.6,1.4,11.9,0.41,0.59,7.0,0,2016-2017,0
1685,Mike Scott,PF,28.0,18,10.8,22.6,15.8,0.113,8,0.875,32,0.406,27,0.148,0.36,2.5,2.1,10.4,0.9,12.5,0.22,0.17,6.2,0,2016-2017,0
1686,Mike Tobey,C,22.0,2,12.6,26.3,8.9,0.2,0,0.0,4,0.25,0,0.0,0.25,1.0,1.5,6.5,0.5,5.4,0.0,0.0,2.9,0,2016-2017,0
1687,Miles Plumlee,C,28.0,45,10.8,22.4,13.5,0.217,39,0.664,92,0.482,0,0.0,0.524,2.5,2.1,10.9,0.5,6.6,0.4,0.29,5.0,0,2016-2017,0
1688,Mindaugas Kuzminskas,SF,27.0,68,14.9,31.1,19.2,0.114,68,0.809,200,0.52,168,0.321,0.534,6.3,1.9,6.7,1.0,10.3,0.43,0.16,6.1,0,2016-2017,0
1689,Mirza Teletovic,PF,31.0,70,16.2,33.7,19.1,0.078,45,0.778,113,0.46,305,0.341,0.515,6.4,2.3,8.3,0.7,6.4,0.17,0.19,5.4,0,2016-2017,0
1690,Monta Ellis,SG,31.0,74,27.0,56.2,16.8,0.18,128,0.727,422,0.483,135,0.319,0.514,8.5,2.8,5.7,3.2,17.2,1.07,0.36,6.3,0,2016-2017,0
1691,Montrezl Harrell,PF,23.0,58,18.3,38.2,17.6,0.099,121,0.628,338,0.663,7,0.143,0.662,9.1,3.8,11.2,1.1,9.6,0.34,0.72,7.4,0,2016-2017,0
1692,Myles Turner,C,20.0,81,31.4,65.4,19.5,0.095,303,0.809,754,0.536,115,0.348,0.585,14.5,7.3,13.0,1.3,6.6,0.9,2.14,6.6,0,2016-2017,0
1693,Nemanja Bjelica,PF,28.0,65,18.3,38.1,16.4,0.134,61,0.738,179,0.531,177,0.316,0.526,6.2,3.8,12.0,1.2,9.6,0.62,0.31,6.7,0,2016-2017,0
1694,Nene,C,34.0,67,17.9,37.2,19.7,0.131,197,0.589,388,0.624,9,0.333,0.63,9.1,4.2,12.8,1.0,8.6,0.84,0.58,7.5,0,2016-2017,0
1695,Nerlens Noel,C,22.0,51,20.5,42.7,17.6,0.125,111,0.694,308,0.598,1,0.0,0.622,8.7,5.8,15.8,1.0,8.1,1.27,0.98,7.1,0,2016-2017,0
1696,Nick Collison,PF,36.0,20,6.4,13.3,10.2,0.131,8,0.625,22,0.636,1,0.0,0.622,1.7,1.6,13.4,0.6,13.3,0.1,0.1,7.4,0,2016-2017,0
1697,Nick Young,SG,31.0,60,25.9,54.0,19.5,0.051,90,0.856,212,0.481,421,0.404,0.588,13.2,2.3,4.8,1.0,5.8,0.62,0.23,4.8,0,2016-2017,0
1698,Nicolas Batum,SG,28.0,77,34.0,70.8,22.3,0.15,284,0.856,570,0.453,405,0.333,0.529,15.1,6.2,10.1,5.9,27.7,1.12,0.38,9.7,0,2016-2017,0
1699,Nicolas Brussino,SF,23.0,54,9.7,20.1,16.0,0.147,22,0.773,46,0.5,95,0.305,0.498,2.8,1.7,10.5,0.9,13.9,0.31,0.15,6.7,0,2016-2017,0
1700,Nicolas Laprovittola,PG,27.0,18,9.7,20.1,18.2,0.272,9,1.0,20,0.5,27,0.37,0.579,3.3,0.6,3.3,1.6,23.0,0.22,0.06,6.1,0,2016-2017,0
1701,Nik Stauskas,SG,23.0,80,27.3,57.0,16.4,0.155,150,0.813,275,0.433,359,0.368,0.54,9.5,2.8,5.7,2.4,12.9,0.56,0.4,5.9,0,2016-2017,0
1702,Nikola Jokic,C,21.0,73,27.9,58.2,23.5,0.152,228,0.825,715,0.628,139,0.324,0.64,16.7,9.8,19.5,4.9,28.8,0.84,0.75,13.3,0,2016-2017,0
1703,Nikola Mirotic,PF,25.0,70,24.0,50.0,19.8,0.106,128,0.773,247,0.522,377,0.342,0.547,10.6,5.5,12.3,1.1,6.9,0.76,0.79,6.7,0,2016-2017,0
1704,Nikola Vucevic,C,26.0,75,28.8,60.1,24.8,0.096,160,0.669,956,0.481,75,0.307,0.498,14.6,10.4,19.6,2.8,16.9,1.01,0.99,10.4,0,2016-2017,0
1705,Noah Vonleh,PF,21.0,74,17.1,35.6,13.1,0.171,94,0.638,250,0.492,20,0.35,0.525,4.4,5.2,17.0,0.4,3.4,0.41,0.36,4.9,0,2016-2017,0
1706,Norris Cole,PG,28.0,13,9.6,20.0,21.6,0.11,10,0.8,39,0.333,13,0.231,0.381,3.3,0.8,4.9,1.1,16.3,0.62,0.0,5.9,0,2016-2017,0
1707,Okaro White,PF,24.0,35,13.5,28.0,10.8,0.157,22,0.909,53,0.396,34,0.353,0.507,2.8,2.3,9.6,0.6,6.0,0.29,0.29,4.6,0,2016-2017,0
1708,Omer Asik,C,30.0,31,15.6,32.4,8.8,0.146,39,0.59,65,0.477,0,0.0,0.517,2.7,5.3,17.8,0.5,4.2,0.16,0.32,4.9,0,2016-2017,0
1709,Omri Casspi,SF,28.0,36,17.8,37.2,14.4,0.147,29,0.575,122,0.52,43,0.318,0.522,5.2,3.1,10.0,1.0,8.7,0.64,0.09,5.5,0,2016-2017,0
1710,Otto Porter Jr.,SF,23.0,80,32.6,67.8,15.1,0.049,119,0.832,462,0.576,341,0.434,0.628,13.4,6.4,11.1,1.5,6.7,1.45,0.53,6.2,0,2016-2017,0
1711,Pascal Siakam,PF,22.0,55,15.6,32.5,13.1,0.131,32,0.688,198,0.515,7,0.143,0.523,4.2,3.4,12.2,0.3,2.9,0.47,0.82,4.2,0,2016-2017,0
1712,Pat Connaughton,SG,24.0,39,8.1,16.9,13.0,0.183,9,0.778,39,0.513,33,0.515,0.645,2.5,1.3,9.1,0.7,12.7,0.15,0.05,6.5,0,2016-2017,0
1713,Patricio Garino,SG,23.0,5,8.6,18.0,10.2,0.3,0,0.0,2,0.0,5,0.0,0.0,0.0,1.4,8.8,0.0,0.0,0.0,0.0,0.0,0,2016-2017,0
1714,Patrick Beverley,SG,28.0,67,30.7,64.0,14.1,0.146,95,0.768,255,0.463,287,0.383,0.547,9.5,5.9,10.4,4.2,18.8,1.48,0.37,8.0,0,2016-2017,0
1715,Patrick McCaw,SG,21.0,71,15.1,31.5,11.9,0.121,37,0.784,122,0.533,123,0.333,0.54,4.0,1.4,5.1,1.1,9.0,0.45,0.21,4.9,0,2016-2017,0
1716,Patrick Patterson,PF,27.0,65,24.6,51.2,12.5,0.085,60,0.717,131,0.458,253,0.372,0.542,6.8,4.5,10.4,1.2,6.6,0.62,0.35,5.4,0,2016-2017,0
1717,Patty Mills,PG,28.0,80,21.9,45.7,19.5,0.133,80,0.825,266,0.474,355,0.414,0.578,9.5,1.8,4.5,3.5,24.2,0.81,0.04,7.1,0,2016-2017,0
1718,Pau Gasol,C,36.0,64,25.4,53.0,21.3,0.106,184,0.707,500,0.494,104,0.538,0.578,12.4,7.8,17.4,2.3,14.7,0.38,1.09,9.5,0,2016-2017,0
1719,Paul George,SF,26.0,75,35.9,74.7,28.9,0.127,374,0.898,852,0.501,496,0.393,0.587,23.7,6.6,10.3,3.3,16.1,1.57,0.36,8.9,0,2016-2017,1
1720,Paul Millsap,PF,31.0,69,34.0,70.7,24.4,0.121,405,0.768,731,0.486,241,0.311,0.542,18.1,7.7,12.5,3.7,17.9,1.3,0.9,9.4,0,2016-2017,0
1721,Paul Pierce,SF,39.0,25,11.1,23.1,14.8,0.174,13,0.769,27,0.481,43,0.349,0.535,3.2,1.9,9.7,0.4,5.0,0.16,0.2,4.8,0,2016-2017,0
1722,Paul Zipser,SF,22.0,44,19.2,39.9,14.4,0.144,40,0.775,122,0.451,99,0.333,0.503,5.5,2.8,8.0,0.8,6.1,0.34,0.36,4.8,0,2016-2017,0
1723,PJ Tucker,SF,31.0,81,27.6,57.5,11.2,0.111,93,0.761,286,0.448,196,0.356,0.516,6.6,5.8,11.5,1.2,6.0,1.43,0.24,5.2,0,2016-2017,0
1724,Quincy Acy,PF,26.0,38,14.7,30.6,17.1,0.096,60,0.74,80,0.412,90,0.388,0.55,5.8,3.0,10.9,0.5,4.5,0.37,0.4,5.0,0,2016-2017,0
1725,Quinn Cook,PG,23.0,14,13.4,27.9,19.6,0.152,5,0.429,40,0.549,26,0.449,0.581,5.7,0.5,2.0,1.9,22.6,0.28,0.0,5.0,0,2016-2017,0
1726,Rajon Rondo,PG,30.0,69,26.7,55.6,17.8,0.225,50,0.6,428,0.418,133,0.376,0.461,7.8,5.1,10.4,6.7,37.0,1.43,0.16,9.6,0,2016-2017,0
1727,Rakeem Christmas,PF,25.0,28,7.8,16.3,12.9,0.127,27,0.741,43,0.442,0,0.0,0.528,2.1,2.0,14.3,0.1,2.5,0.11,0.21,3.8,0,2016-2017,0
1728,Ramon Sessions,PG,30.0,50,16.2,33.8,20.1,0.127,118,0.771,201,0.393,62,0.339,0.495,6.2,1.5,5.0,2.6,24.2,0.52,0.06,7.1,0,2016-2017,0
1729,Randy Foye,SG,33.0,69,18.6,38.8,14.4,0.185,63,0.857,122,0.418,203,0.33,0.506,5.2,2.3,6.4,2.0,15.2,0.51,0.13,6.2,0,2016-2017,0
1730,Rashad Vaughn,SG,20.0,41,11.2,23.3,17.2,0.081,5,0.4,75,0.413,81,0.321,0.449,3.5,1.2,6.2,0.6,7.4,0.46,0.24,4.9,0,2016-2017,0
1731,Raul Neto,PG,24.0,40,8.6,18.0,14.9,0.136,9,0.889,60,0.517,31,0.323,0.527,2.5,0.8,5.0,0.9,15.1,0.53,0.13,5.7,0,2016-2017,0
1732,Raymond Felton,PG,32.0,80,21.2,44.3,16.5,0.131,64,0.781,370,0.473,144,0.319,0.496,6.7,2.7,7.2,2.4,16.3,0.83,0.28,6.6,0,2016-2017,0
1733,Reggie Bullock,SF,25.0,31,15.1,31.4,13.4,0.071,7,0.714,55,0.473,73,0.384,0.538,4.5,2.1,7.5,0.9,8.8,0.58,0.1,5.4,0,2016-2017,0
1734,Reggie Jackson,PG,26.0,52,27.4,57.1,26.4,0.134,136,0.868,493,0.442,184,0.359,0.51,14.5,2.2,4.4,5.2,30.3,0.67,0.1,8.0,0,2016-2017,0
1735,Reggie Williams,SF,30.0,6,13.3,27.6,14.5,0.0,7,0.857,12,0.25,11,0.455,0.518,4.5,1.0,4.0,0.7,7.1,0.5,0.0,4.4,0,2016-2017,0
1736,Richard Jefferson,SF,36.0,79,20.4,42.6,12.2,0.118,108,0.741,157,0.58,186,0.333,0.574,5.7,2.6,6.9,1.0,6.6,0.33,0.13,4.8,0,2016-2017,0
1737,Richaun Holmes,C,23.0,57,20.9,43.6,18.6,0.107,103,0.699,335,0.606,77,0.351,0.611,9.8,5.4,14.3,1.0,8.3,0.74,0.95,7.2,0,2016-2017,0
1738,Ricky Rubio,PG,26.0,75,32.9,68.6,17.4,0.201,285,0.891,454,0.443,196,0.306,0.539,11.1,4.1,7.2,9.1,38.8,1.71,0.13,9.1,0,2016-2017,0
1739,Robert Covington,SF,26.0,67,31.6,65.9,19.2,0.139,174,0.822,320,0.484,412,0.333,0.534,12.9,6.5,11.3,1.5,7.5,1.9,1.03,6.3,0,2016-2017,0
1740,Robin Lopez,C,28.0,81,28.0,58.4,17.5,0.1,104,0.721,773,0.494,2,0.0,0.511,10.4,6.4,12.4,1.0,5.6,0.22,1.44,5.8,0,2016-2017,0
1741,Rodney Hood,SG,24.0,59,27.0,56.3,22.9,0.084,115,0.783,358,0.441,307,0.371,0.523,12.7,3.4,7.3,1.6,10.1,0.64,0.19,6.1,0,2016-2017,0
1742,Rodney McGruder,SG,25.0,78,25.2,52.5,12.3,0.102,71,0.62,240,0.488,220,0.332,0.506,6.4,3.3,7.2,1.6,8.8,0.59,0.23,5.1,0,2016-2017,0
1743,Rodney Stuckey,PG,30.0,39,17.9,37.2,22.2,0.154,107,0.748,184,0.391,60,0.317,0.483,7.2,2.2,6.8,2.2,17.7,0.41,0.0,7.3,0,2016-2017,0
1744,Ron Baker,SG,23.0,52,16.5,34.3,14.8,0.192,43,0.651,131,0.45,86,0.267,0.456,4.1,1.9,6.2,2.1,17.3,0.67,0.13,6.2,0,2016-2017,0
1745,Rondae Hollis-Jeffer,SF,22.0,78,22.6,47.0,18.7,0.151,253,0.751,475,0.463,67,0.224,0.517,8.7,5.8,13.6,2.0,13.4,1.05,0.58,8.2,0,2016-2017,0
1746,Ronnie Price,PG,33.0,14,9.6,20.0,9.0,0.104,4,0.75,7,0.143,17,0.176,0.272,1.0,0.8,4.5,1.3,16.9,0.79,0.07,4.2,0,2016-2017,0
1747,Roy Hibbert,C,30.0,42,16.0,33.3,14.0,0.149,75,0.813,144,0.542,0,0.0,0.613,5.2,3.6,12.3,0.5,4.5,0.19,1.05,5.3,0,2016-2017,0
1748,Rudy Gay,SF,30.0,30,33.8,70.3,25.8,0.128,138,0.855,329,0.483,113,0.372,0.559,18.7,6.3,10.8,2.8,14.1,1.47,0.87,8.2,0,2016-2017,0
1749,Rudy Gobert,C,24.0,81,33.9,70.6,16.7,0.15,476,0.653,624,0.662,1,0.0,0.681,14.0,12.8,21.8,1.2,5.8,0.6,2.64,7.1,1,2016-2017,0
1750,Russell Westbrook,PG,28.0,81,34.6,72.1,41.7,0.159,840,0.845,1358,0.459,583,0.343,0.554,31.6,10.7,17.1,10.4,57.3,1.65,0.38,17.6,1,2016-2017,1
1751,Ryan Anderson,PF,28.0,72,29.4,61.2,17.9,0.062,150,0.86,267,0.446,506,0.403,0.583,13.6,4.6,8.5,0.9,4.7,0.43,0.19,5.2,0,2016-2017,0
1752,Ryan Kelly,PF,25.0,16,6.9,14.3,13.7,0.115,6,0.833,18,0.222,10,0.4,0.408,1.6,1.1,9.0,0.5,10.2,0.25,0.31,5.6,0,2016-2017,0
1753,Salah Mejri,C,30.0,73,12.4,25.8,10.6,0.196,61,0.59,134,0.649,3,0.333,0.65,2.9,4.2,19.8,0.2,2.4,0.44,0.84,4.3,0,2016-2017,0
1754,Sam Dekker,SF,22.0,77,18.4,38.4,14.9,0.082,68,0.559,242,0.591,187,0.321,0.549,6.5,3.7,10.9,1.0,7.7,0.49,0.27,6.3,0,2016-2017,0
1755,Sasha Vujacic,SG,32.0,42,9.7,20.2,17.3,0.098,24,0.708,62,0.306,74,0.311,0.423,3.0,1.3,7.4,1.2,17.8,0.31,0.05,6.9,0,2016-2017,0
1756,Sean Kilpatrick,SG,27.0,70,25.1,52.2,23.8,0.138,242,0.843,427,0.468,308,0.341,0.546,13.1,4.0,8.5,2.2,14.6,0.64,0.09,7.8,0,2016-2017,0
1757,Semaj Christon,PG,24.0,64,15.2,31.7,12.2,0.154,31,0.548,160,0.406,63,0.19,0.387,2.9,1.4,5.0,2.0,18.1,0.44,0.11,5.3,0,2016-2017,0
1758,Serge Ibaka,PF,27.0,79,30.6,63.9,20.8,0.092,125,0.856,665,0.521,317,0.391,0.565,14.8,6.8,12.3,1.0,5.1,0.52,1.57,6.0,0,2016-2017,0
1759,Sergio Rodriguez,PG,30.0,68,22.3,46.5,19.3,0.189,27,0.667,284,0.415,252,0.365,0.484,7.8,2.3,5.7,5.1,35.4,0.72,0.06,8.1,0,2016-2017,0
1760,Seth Curry,PG,26.0,70,29.0,60.4,19.5,0.11,100,0.85,381,0.528,322,0.425,0.601,12.8,2.6,5.1,2.7,15.9,1.13,0.1,6.2,0,2016-2017,0
1761,Shabazz Muhammad,SF,24.0,78,19.4,40.5,21.5,0.076,190,0.774,452,0.529,146,0.336,0.566,9.9,2.8,8.5,0.4,3.7,0.28,0.08,4.6,0,2016-2017,0
1762,Shabazz Napier,PG,25.0,53,9.7,20.1,21.2,0.167,49,0.776,91,0.429,92,0.37,0.533,4.1,1.1,6.5,1.3,19.5,0.6,0.04,7.4,0,2016-2017,0
1763,Shaun Livingston,PG,31.0,76,17.7,36.9,13.0,0.153,60,0.7,313,0.55,3,0.333,0.568,5.1,2.0,6.2,1.8,13.5,0.5,0.26,6.0,0,2016-2017,0
1764,Shawn Long,C,24.0,18,13.0,27.0,25.5,0.095,35,0.543,90,0.6,19,0.368,0.595,8.2,4.7,20.1,0.7,10.8,0.5,0.5,9.2,0,2016-2017,0
1765,Sheldon McClellan,SG,24.0,30,9.6,19.9,14.0,0.054,27,0.852,45,0.511,30,0.233,0.518,3.0,1.1,6.7,0.5,7.0,0.27,0.07,4.9,0,2016-2017,0
1766,Shelvin Mack,PG,26.0,55,21.9,45.6,19.6,0.178,77,0.688,261,0.51,120,0.308,0.518,7.8,2.3,6.0,2.8,20.4,0.78,0.05,6.7,0,2016-2017,0
1767,Skal Labissiere,PF,20.0,33,18.5,38.6,21.3,0.132,74,0.703,209,0.545,8,0.375,0.579,8.8,4.9,15.2,0.8,7.5,0.48,0.36,7.0,0,2016-2017,0
1768,Solomon Hill,SF,25.0,80,29.7,61.8,11.5,0.133,128,0.805,208,0.428,270,0.348,0.527,7.0,3.8,6.8,1.8,8.1,0.9,0.4,4.9,0,2016-2017,0
1769,Spencer Dinwiddie,PG,23.0,59,22.6,47.1,14.1,0.151,159,0.792,201,0.478,101,0.376,0.581,7.3,2.8,6.5,3.1,20.3,0.75,0.39,7.1,0,2016-2017,0
1770,Spencer Hawes,PF,28.0,54,14.8,30.8,19.8,0.137,52,0.845,196,0.574,81,0.31,0.571,6.3,3.6,13.7,1.5,16.7,0.28,0.55,9.0,0,2016-2017,0
1771,Stanley Johnson,SF,20.0,77,17.8,37.1,14.8,0.155,53,0.679,211,0.398,154,0.292,0.436,4.4,2.5,7.5,1.4,10.5,0.73,0.31,5.6,0,2016-2017,0
1772,Stephen Curry,PG,28.0,79,33.4,69.6,30.1,0.129,362,0.898,654,0.537,790,0.41,0.623,25.3,4.5,7.4,6.6,31.2,1.81,0.22,10.9,1,2016-2017,1
1773,Stephen Zimmerman,C,20.0,19,5.7,11.8,14.8,0.083,5,0.6,31,0.323,0,0.0,0.346,1.2,1.8,17.7,0.2,5.3,0.11,0.26,5.3,0,2016-2017,0
1774,Steven Adams,C,23.0,80,29.9,62.2,16.3,0.16,257,0.611,654,0.572,1,0.0,0.589,11.3,7.7,14.2,1.1,5.4,1.11,0.98,6.1,0,2016-2017,0
1775,T.J. McConnell,PG,24.0,81,26.3,54.9,14.4,0.224,90,0.811,457,0.492,55,0.2,0.504,6.9,3.1,6.5,6.6,37.5,1.65,0.12,7.9,0,2016-2017,0
1776,Taj Gibson,PF,31.0,78,25.5,53.1,19.3,0.119,158,0.715,696,0.519,13,0.413,0.543,10.8,6.2,13.1,1.0,5.8,0.53,0.83,6.2,0,2016-2017,0
1777,Taurean Prince,SF,22.0,59,16.6,34.7,17.2,0.157,94,0.787,183,0.443,102,0.324,0.513,5.7,2.7,8.8,0.9,8.4,0.73,0.46,5.8,0,2016-2017,0
1778,Terrence Jones,PF,25.0,51,24.8,51.6,21.4,0.078,170,0.606,414,0.512,75,0.253,0.518,11.5,5.9,12.6,1.2,7.5,0.76,1.04,7.0,0,2016-2017,0
1779,Terrence Ross,SF,25.0,54,22.3,46.6,19.8,0.062,50,0.82,223,0.516,256,0.375,0.558,10.4,2.6,6.5,0.8,5.9,0.98,0.37,5.0,0,2016-2017,0
1780,Terry Rozier,PG,22.0,74,17.1,35.6,17.1,0.097,66,0.773,232,0.405,179,0.318,0.466,5.5,3.1,10.0,1.8,15.2,0.62,0.15,7.3,0,2016-2017,0
1781,Thabo Sefolosha,SF,32.0,62,25.7,53.6,13.3,0.119,75,0.733,275,0.484,120,0.342,0.519,7.2,4.4,9.3,1.7,9.9,1.55,0.5,5.9,0,2016-2017,0
1782,Thaddeus Young,PF,28.0,74,30.2,63.0,16.4,0.116,86,0.523,569,0.557,118,0.381,0.562,11.0,6.0,11.2,1.6,8.4,1.53,0.41,6.3,0,2016-2017,0
1783,Thomas Robinson,PF,25.0,48,11.7,24.3,20.7,0.17,66,0.47,195,0.538,1,0.0,0.535,5.0,4.6,21.7,0.6,8.8,0.56,0.19,8.2,0,2016-2017,0
1784,Thon Maker,PF,19.0,57,9.9,20.5,17.8,0.077,49,0.653,107,0.514,74,0.378,0.558,4.0,2.0,11.7,0.4,6.2,0.18,0.46,6.0,0,2016-2017,0
1785,Tiago Splitter,C,32.0,8,9.5,19.8,23.9,0.143,11,0.818,25,0.48,6,0.333,0.544,4.9,2.8,16.0,0.5,8.9,0.13,0.13,8.0,0,2016-2017,0
1786,Tim Frazier,PG,26.0,65,23.5,48.9,16.3,0.18,129,0.76,276,0.446,128,0.313,0.504,7.1,2.7,6.0,5.2,31.4,0.86,0.09,7.9,0,2016-2017,0
1787,Tim Hardaway Jr.,SG,24.0,79,27.3,56.8,22.5,0.095,214,0.766,495,0.537,417,0.357,0.568,14.5,2.8,5.7,2.3,14.3,0.7,0.19,6.6,0,2016-2017,0
1788,Tim Quarterman,SG,22.0,16,5.0,10.4,22.8,0.266,3,0.0,16,0.5,13,0.385,0.511,1.9,0.9,9.7,0.7,21.1,0.13,0.19,8.5,0,2016-2017,0
1789,Timofey Mozgov,C,30.0,54,20.4,42.6,16.8,0.166,78,0.808,327,0.517,1,0.0,0.553,7.4,4.9,13.1,0.8,5.9,0.3,0.57,6.0,0,2016-2017,0
1790,Timothe Luwawu-Cabar,SF,21.0,69,17.2,35.9,17.8,0.15,123,0.854,200,0.475,161,0.311,0.536,6.4,2.2,6.9,1.1,9.6,0.46,0.14,5.8,0,2016-2017,0
1791,TJ Warren,SF,23.0,66,31.0,64.6,19.2,0.061,154,0.773,716,0.527,98,0.265,0.539,14.4,5.1,9.0,1.1,5.8,1.15,0.59,5.6,0,2016-2017,0
1792,Tobias Harris,PF,24.0,82,31.3,65.2,21.7,0.076,226,0.841,749,0.537,314,0.347,0.568,16.1,5.1,8.8,1.7,8.8,0.72,0.48,6.6,0,2016-2017,0
1793,Tomas Satoransky,SG,25.0,57,12.6,26.3,12.1,0.19,33,0.697,110,0.473,37,0.243,0.477,2.7,1.5,6.5,1.6,16.6,0.46,0.11,5.9,0,2016-2017,0
1794,Toney Douglas,PG,30.0,24,16.4,34.2,17.4,0.139,29,0.828,75,0.48,42,0.167,0.451,4.9,2.5,8.9,2.3,22.2,0.75,0.21,7.4,0,2016-2017,0
1795,Tony Allen,SG,35.0,71,27.0,56.2,17.9,0.133,130,0.615,541,0.479,54,0.278,0.493,9.1,5.5,11.7,1.4,8.4,1.62,0.41,6.1,0,2016-2017,0
1796,Tony Parker,PG,34.0,63,25.2,52.5,20.2,0.125,117,0.726,500,0.484,69,0.333,0.514,10.1,1.8,4.0,4.5,27.8,0.54,0.03,6.9,0,2016-2017,0
1797,Tony Snell,SG,25.0,80,29.2,60.8,12.1,0.088,58,0.81,186,0.548,355,0.406,0.603,8.5,3.1,6.2,1.2,5.9,0.69,0.18,4.3,0,2016-2017,0
1798,Treveon Graham,SG,23.0,27,7.0,14.6,11.8,0.06,15,0.667,25,0.4,15,0.6,0.612,2.1,0.8,6.4,0.2,4.7,0.22,0.04,4.0,0,2016-2017,0
1799,Trevor Ariza,SF,31.0,80,34.7,72.2,14.2,0.079,126,0.738,244,0.557,555,0.344,0.549,11.7,5.7,9.0,2.2,8.8,1.84,0.25,6.1,0,2016-2017,0
1800,Trevor Booker,PF,29.0,71,24.7,51.5,18.7,0.166,110,0.673,512,0.547,78,0.321,0.555,10.0,8.0,17.2,1.9,12.9,1.07,0.39,8.6,0,2016-2017,0
1801,Trey Burke,PG,24.0,57,12.3,25.7,19.6,0.152,29,0.759,185,0.459,70,0.443,0.532,5.0,0.8,3.8,1.8,20.7,0.19,0.09,6.3,0,2016-2017,0
1802,Trey Lyles,PF,21.0,71,16.3,34.0,21.7,0.119,79,0.722,235,0.4,204,0.319,0.464,6.2,3.3,11.7,1.0,9.4,0.37,0.28,6.7,0,2016-2017,0
1803,Tristan Thompson,C,25.0,78,30.0,62.4,11.3,0.108,213,0.498,434,0.604,3,0.0,0.594,8.1,9.2,16.9,1.0,4.6,0.5,1.08,5.6,0,2016-2017,0
1804,Troy Daniels,SG,25.0,67,17.7,36.8,21.7,0.08,54,0.796,140,0.336,355,0.389,0.531,8.2,1.5,4.8,0.7,6.6,0.3,0.06,4.6,0,2016-2017,0
1805,Troy Williams,SF,22.0,30,18.5,38.7,17.2,0.153,32,0.651,105,0.522,62,0.271,0.502,6.2,2.3,6.8,0.8,7.0,0.9,0.34,4.9,0,2016-2017,0
1806,Ty Lawson,PG,29.0,69,25.1,52.3,19.5,0.173,217,0.797,404,0.502,118,0.288,0.551,9.9,2.6,6.0,4.8,29.9,1.07,0.09,7.9,0,2016-2017,0
1807,Tyler Ennis,PG,22.0,53,11.1,23.1,19.2,0.207,25,0.749,138,0.435,70,0.381,0.489,4.3,0.8,4.6,1.6,22.8,0.47,0.04,6.6,0,2016-2017,0
1808,Tyler Johnson,PG,24.0,73,29.8,62.1,20.9,0.089,254,0.768,574,0.46,249,0.373,0.536,13.7,4.0,7.4,3.2,16.6,1.15,0.6,7.5,0,2016-2017,0
1809,Tyler Ulis,PG,21.0,61,18.4,38.4,20.3,0.141,71,0.775,358,0.455,79,0.266,0.474,7.3,1.6,4.6,3.7,30.5,0.79,0.08,7.6,0,2016-2017,0
1810,Tyler Zeller,C,27.0,51,10.3,21.4,16.5,0.102,39,0.564,157,0.497,1,0.0,0.508,3.5,2.4,13.2,0.8,12.3,0.14,0.41,7.3,0,2016-2017,0
1811,Tyreke Evans,SG,27.0,40,19.7,41.0,26.8,0.13,92,0.752,252,0.43,118,0.348,0.5,10.2,3.4,9.5,3.1,26.5,0.87,0.22,9.7,0,2016-2017,0
1812,Tyson Chandler,C,34.0,47,27.6,57.5,11.2,0.187,124,0.734,228,0.671,0,0.0,0.703,8.4,11.5,22.6,0.6,3.3,0.7,0.51,5.6,0,2016-2017,0
1813,Udonis Haslem,C,36.0,16,8.1,17.0,12.8,0.213,15,0.6,20,0.55,3,0.0,0.524,1.9,2.3,15.3,0.4,6.4,0.38,0.06,5.9,0,2016-2017,0
1814,Victor Oladipo,SG,24.0,67,33.2,69.1,21.4,0.106,154,0.753,580,0.491,352,0.361,0.534,15.9,4.3,7.2,2.6,12.5,1.13,0.31,6.8,0,2016-2017,0
1815,Vince Carter,SG,40.0,73,24.7,51.4,14.9,0.085,115,0.765,194,0.418,296,0.378,0.542,8.0,3.1,7.2,1.8,11.5,0.82,0.49,5.7,0,2016-2017,0
1816,Wade Baldwin IV,PG,20.0,33,12.3,25.6,19.1,0.229,37,0.838,93,0.355,22,0.136,0.404,3.2,1.4,6.5,1.8,22.8,0.55,0.21,6.5,0,2016-2017,0
1817,Wayne Ellington,SG,29.0,62,24.2,50.4,17.9,0.05,43,0.86,161,0.509,394,0.378,0.565,10.5,2.1,4.8,1.1,7.1,0.56,0.06,4.8,0,2016-2017,0
1818,Wayne Selden,SG,22.0,14,16.9,35.1,15.2,0.156,22,0.631,30,0.675,28,0.235,0.549,5.1,1.2,3.8,0.9,8.4,0.43,0.07,4.0,0,2016-2017,0
1819,Wesley Johnson,SF,29.0,68,11.9,24.8,12.5,0.08,17,0.647,82,0.537,118,0.246,0.448,2.7,2.7,12.5,0.3,3.9,0.43,0.44,4.4,0,2016-2017,0
1820,Wesley Matthews,SG,30.0,73,34.2,71.2,19.4,0.099,179,0.816,368,0.432,479,0.363,0.533,13.5,3.5,6.0,2.9,13.6,1.05,0.21,6.0,0,2016-2017,0
1821,Will Barton,SG,26.0,60,28.4,59.2,21.1,0.115,190,0.753,431,0.483,235,0.37,0.547,13.7,4.3,8.4,3.4,17.7,0.8,0.47,8.2,0,2016-2017,0
1822,Willie Cauley-Stein,C,23.0,75,18.9,39.5,19.7,0.112,151,0.669,479,0.532,2,0.0,0.558,8.1,4.5,13.7,1.1,9.4,0.71,0.59,7.2,0,2016-2017,0
1823,Willie Reed,C,26.0,71,14.5,30.2,15.3,0.087,88,0.557,281,0.573,4,0.25,0.578,5.3,4.7,17.8,0.4,3.9,0.25,0.68,5.9,0,2016-2017,0
1824,Willy Hernangomez,C,22.0,72,18.4,38.3,20.3,0.161,125,0.728,450,0.538,15,0.267,0.564,8.2,7.0,20.4,1.3,11.5,0.57,0.5,9.2,0,2016-2017,0
1825,Wilson Chandler,SF,29.0,71,30.9,64.5,22.0,0.1,194,0.727,613,0.527,326,0.337,0.545,15.7,6.5,11.6,2.0,9.8,0.72,0.44,7.6,0,2016-2017,0
1826,Yogi Ferrell,PG,23.0,46,26.1,54.2,19.6,0.144,89,0.822,217,0.428,177,0.377,0.528,10.0,2.4,5.1,3.7,22.5,0.91,0.19,6.8,0,2016-2017,0
1827,Zach LaVine,SG,21.0,47,37.2,77.5,21.7,0.099,140,0.836,400,0.515,310,0.387,0.576,18.9,3.4,5.3,3.0,12.6,0.87,0.21,6.2,0,2016-2017,0
1828,Zach Randolph,PF,35.0,73,24.5,51.0,29.2,0.086,193,0.731,870,0.474,94,0.223,0.49,14.1,8.2,19.1,1.7,13.5,0.52,0.14,9.5,0,2016-2017,0
1829,Zaza Pachulia,C,32.0,70,18.1,37.7,15.3,0.194,126,0.778,305,0.538,2,0.0,0.588,6.1,5.9,17.7,1.9,13.6,0.84,0.47,9.0,0,2016-2017,0
1830,Axel Toupane,SF,24.0,2,20.7,43.1,8.6,0.0,0,0.0,5,0.8,3,0.333,0.688,5.5,0.5,1.3,0.0,0.0,0.5,0.5,0.0,0,2016-2017,0
1831,Aaron Brooks,PG,33.0,32,5.9,12.3,19.8,0.13,11,0.727,38,0.447,31,0.355,0.508,2.3,0.5,5.2,0.6,15.0,0.19,0.0,6.0,0,2017-2018,0
1832,Aaron Gordon,SF,22.0,58,32.9,68.6,24.7,0.1,225,0.698,523,0.497,342,0.336,0.53,17.6,7.9,13.2,2.3,11.7,1.02,0.78,8.3,0,2017-2018,0
1833,Aaron Harrison,SG,23.0,9,25.9,54.0,15.5,0.038,17,0.765,26,0.385,43,0.209,0.392,6.7,2.7,5.7,1.2,6.7,1.0,0.22,4.3,0,2017-2018,0
1834,Aaron Jackson,F,31.0,1,34.5,71.9,13.9,0.092,2,0.5,5,0.4,4,0.25,0.405,8.0,3.0,4.9,1.0,4.0,0.0,0.0,3.3,0,2017-2018,0
1835,Abdel Nader,SF,24.0,48,10.9,22.6,17.1,0.17,39,0.59,84,0.321,65,0.354,0.439,3.0,1.5,7.4,0.5,7.2,0.31,0.21,4.8,0,2017-2018,0
1836,Adreian Payne,PF,26.0,5,8.5,17.8,15.1,0.137,6,0.833,7,0.714,3,0.667,0.831,4.2,1.8,11.6,0.0,0.0,0.4,0.0,0.0,0,2017-2018,0
1837,Al Horford,C,31.0,72,31.6,65.9,18.4,0.141,120,0.783,527,0.514,226,0.429,0.575,12.9,7.4,12.7,4.7,23.6,0.6,1.08,9.7,0,2017-2018,0
1838,Al Jefferson,C,33.0,36,13.4,28.0,22.6,0.086,36,0.833,205,0.541,3,0.0,0.563,7.0,4.0,16.7,0.8,10.1,0.44,0.64,8.4,0,2017-2018,0
1839,Alan Williams,PF,25.0,5,14.1,29.3,17.5,0.242,9,0.667,18,0.389,0,0.0,0.455,4.0,4.4,16.7,1.6,16.2,1.0,0.2,8.6,0,2017-2018,0
1840,Alec Burks,SG,26.0,64,16.5,34.5,22.5,0.114,124,0.863,272,0.452,142,0.331,0.527,7.7,3.0,10.3,1.0,10.0,0.58,0.13,6.9,0,2017-2018,0
1841,Alec Peters,PF,22.0,20,11.2,23.4,15.6,0.049,10,0.8,16,0.625,58,0.31,0.523,4.1,1.9,8.8,0.6,7.9,0.1,0.1,6.0,0,2017-2018,0
1842,Alex Abrines,SG,24.0,75,15.1,31.5,12.7,0.074,46,0.848,70,0.443,221,0.38,0.567,4.7,1.5,5.6,0.4,3.4,0.51,0.11,3.7,0,2017-2018,0
1843,Alex Caruso,SG,23.0,37,15.2,31.6,12.9,0.245,30,0.7,73,0.507,43,0.302,0.519,3.6,1.8,6.2,2.0,17.8,0.65,0.24,6.2,0,2017-2018,0
1844,Alex Len,C,24.0,69,20.2,42.1,17.0,0.14,231,0.684,375,0.568,3,0.333,0.612,8.5,7.5,19.8,1.2,9.1,0.39,0.88,8.4,0,2017-2018,0
1845,Alex Poythress,SF,24.0,25,4.2,8.7,12.0,0.071,0,0.0,15,0.467,11,0.364,0.5,1.0,0.7,9.2,0.1,2.6,0.12,0.04,3.9,0,2017-2018,0
1846,Al-Farouq Aminu,SF,27.0,69,30.0,62.6,14.8,0.113,80,0.738,243,0.432,339,0.369,0.522,9.3,7.6,13.8,1.2,5.8,1.14,0.58,5.9,0,2017-2018,0
1847,Alfonzo McKinnie,F,25.0,14,3.8,7.9,15.9,0.155,3,0.667,6,0.833,9,0.333,0.643,1.5,0.5,7.3,0.1,2.7,0.07,0.07,4.4,0,2017-2018,0
1848,Allen Crabbe,SG,25.0,75,29.3,61.0,19.0,0.08,135,0.852,295,0.461,532,0.378,0.558,13.2,4.3,7.8,1.6,8.4,0.63,0.48,6.1,0,2017-2018,0
1849,Amir Johnson,PF,30.0,74,15.8,33.0,12.8,0.156,85,0.612,228,0.57,32,0.313,0.575,4.6,4.5,15.2,1.6,13.9,0.61,0.59,8.1,0,2017-2018,0
1850,Andre Drummond,C,24.0,78,33.7,70.1,21.2,0.159,395,0.605,870,0.536,11,0.0,0.555,15.0,16.0,26.2,3.0,14.3,1.46,1.63,10.6,0,2017-2018,0
1851,Andre Iguodala,SF,34.0,64,25.4,52.8,11.5,0.158,87,0.632,203,0.567,117,0.282,0.536,6.0,3.8,8.5,3.3,16.2,0.84,0.59,6.6,0,2017-2018,0
1852,Andre Ingram,G,32.0,2,32.1,66.8,14.1,0.141,3,1.0,8,0.375,9,0.556,0.655,12.0,3.0,5.0,3.5,15.3,1.5,1.5,6.2,0,2017-2018,0
1853,Andre Roberson,SF,26.0,39,26.6,55.4,8.6,0.144,38,0.316,126,0.627,36,0.222,0.543,5.0,4.7,9.9,1.2,6.0,1.15,0.9,4.6,0,2017-2018,0
1854,Andrew Bogut,C,33.0,23,9.4,19.6,8.8,0.423,2,1.0,25,0.68,0,0.0,0.696,1.6,3.4,19.2,0.7,9.1,0.17,0.57,6.6,0,2017-2018,0
1855,Andrew Harrison,SG,23.0,56,23.7,49.3,19.6,0.14,159,0.78,287,0.467,142,0.331,0.534,9.5,2.3,5.7,3.2,21.2,0.68,0.46,7.0,0,2017-2018,0
1856,Andrew White III,SF,24.0,15,13.9,29.0,17.3,0.097,4,0.25,24,0.292,49,0.367,0.461,4.6,2.3,9.1,0.4,4.3,0.2,0.07,4.7,0,2017-2018,0
1857,Andrew Wiggins,SF,22.0,82,36.3,75.7,23.4,0.088,314,0.643,962,0.475,338,0.331,0.505,17.7,4.4,6.9,2.0,8.2,1.11,0.62,5.9,0,2017-2018,0
1858,Ante Zizic,PF,21.0,32,6.7,14.0,18.7,0.121,29,0.724,67,0.731,0,0.0,0.746,3.7,1.9,15.7,0.2,3.8,0.06,0.41,6.7,0,2017-2018,0
1859,Anthony Brown,SF,25.0,1,3.7,7.7,12.0,0.0,0,0.0,0,0.0,1,1.0,1.5,3.0,0.0,0.0,1.0,46.7,0.0,0.0,0.0,0,2017-2018,0
1860,Anthony Davis,PF,24.0,75,36.4,75.8,30.0,0.086,598,0.828,1300,0.558,162,0.34,0.612,28.1,11.1,16.5,2.3,10.8,1.53,2.57,9.8,1,2017-2018,1
1861,Anthony Tolliver,PF,32.0,79,22.2,46.3,14.8,0.099,131,0.802,107,0.561,365,0.436,0.663,8.9,3.1,7.6,1.1,7.5,0.41,0.27,5.6,0,2017-2018,0
1862,Antonio Blakeney,SG,21.0,19,16.5,34.4,23.7,0.064,39,0.769,91,0.418,52,0.288,0.471,7.9,1.7,5.6,1.1,10.1,0.37,0.05,5.9,0,2017-2018,0
1863,Antonius Cleveland,SG,23.0,17,7.2,15.0,10.8,0.178,6,0.618,17,0.294,4,0.235,0.437,1.4,0.8,6.5,0.2,2.5,0.41,0.3,2.5,0,2017-2018,0
1864,Aron Baynes,C,31.0,81,18.3,38.2,16.9,0.143,78,0.756,425,0.487,21,0.143,0.502,6.0,5.3,16.0,1.1,9.6,0.27,0.63,7.1,0,2017-2018,0
1865,Arron Afflalo,SG,32.0,53,12.9,26.8,12.5,0.108,26,0.846,92,0.413,70,0.386,0.516,3.4,1.2,5.3,0.6,6.2,0.08,0.17,4.2,0,2017-2018,0
1866,Austin Rivers,SG,25.0,61,33.7,70.2,20.7,0.111,159,0.642,445,0.461,360,0.378,0.526,15.1,2.4,3.9,4.0,17.5,1.21,0.26,6.2,0,2017-2018,0
1867,Avery Bradley,SG,27.0,46,31.2,65.0,23.4,0.132,82,0.794,422,0.439,203,0.346,0.496,14.2,2.6,4.5,2.1,10.4,1.11,0.18,5.4,0,2017-2018,0
1868,Bam Adebayo,PF,20.0,69,19.8,41.3,15.9,0.136,179,0.721,333,0.523,7,0.0,0.57,6.9,5.5,15.6,1.5,11.0,0.46,0.59,7.8,0,2017-2018,0
1869,Ben McLemore,SG,24.0,56,19.5,40.6,19.0,0.132,64,0.828,214,0.477,159,0.346,0.526,7.5,2.5,7.4,0.9,7.5,0.68,0.27,5.3,0,2017-2018,0
1870,Ben Moore,PF,22.0,2,4.7,9.7,0.0,0.0,0,0.0,0,0.0,0,0.0,0.0,0.0,0.5,6.1,0.5,12.7,0.0,0.0,0.0,0,2017-2018,0
1871,Ben Simmons,PG,21.0,81,33.7,70.3,22.3,0.195,341,0.56,987,0.551,11,0.0,0.557,15.8,8.1,13.0,8.2,37.4,1.73,0.86,12.1,0,2017-2018,0
1872,Bismack Biyombo,C,25.0,82,18.2,38.0,14.9,0.166,157,0.65,351,0.521,1,0.0,0.556,5.7,5.7,17.2,0.8,6.5,0.26,1.16,6.5,0,2017-2018,0
1873,Blake Griffin,PF,28.0,58,33.9,70.8,28.9,0.126,330,0.785,674,0.482,322,0.345,0.544,21.4,7.3,11.9,5.7,28.1,0.71,0.31,11.4,0,2017-2018,0
1874,Boban Marjanovic,C,29.0,39,8.6,18.0,29.3,0.156,97,0.794,148,0.535,0,0.0,0.618,6.0,3.7,23.7,0.5,11.0,0.26,0.28,10.5,0,2017-2018,0
1875,Bobby Brown,PG,33.0,20,5.7,12.0,26.1,0.133,2,0.5,18,0.444,40,0.275,0.425,2.5,0.4,3.4,0.6,15.0,0.2,0.0,5.9,0,2017-2018,0
1876,Bobby Portis,PF,22.0,73,22.5,46.9,26.0,0.105,156,0.769,588,0.514,223,0.359,0.548,13.2,6.8,16.2,1.7,13.2,0.67,0.32,9.5,0,2017-2018,0
1877,Bogdan Bogdanovic,SG,25.0,78,27.9,58.1,19.6,0.132,119,0.84,443,0.485,329,0.392,0.556,11.8,2.9,5.8,3.3,18.3,0.92,0.21,6.9,0,2017-2018,0
1878,Bojan Bogdanovic,SF,28.0,80,30.8,64.2,18.9,0.1,205,0.868,466,0.534,386,0.402,0.605,14.3,3.4,6.1,1.5,7.1,0.69,0.1,5.4,0,2017-2018,0
1879,Bradley Beal,SG,24.0,82,36.3,75.6,27.6,0.115,369,0.791,954,0.507,530,0.375,0.564,22.6,4.4,6.9,4.5,21.0,1.18,0.44,8.4,0,2017-2018,0
1880,Brandan Wright,PF,30.0,28,13.6,28.3,14.7,0.064,33,0.613,102,0.579,0,0.0,0.598,5.0,3.4,14.4,0.5,5.6,0.46,0.93,5.8,0,2017-2018,0
1881,Brandon Ingram,SF,20.0,59,33.5,69.7,22.2,0.144,282,0.681,656,0.483,105,0.39,0.536,16.1,5.3,8.5,3.9,17.7,0.76,0.73,8.3,0,2017-2018,0
1882,Brandon Jennings,PG,28.0,14,14.7,30.5,20.8,0.191,10,1.0,39,0.462,33,0.273,0.478,5.2,2.2,8.9,3.1,31.1,0.43,0.29,8.9,0,2017-2018,0
1883,Brandon Paul,SG,26.0,64,9.0,18.7,13.6,0.166,43,0.512,73,0.548,54,0.278,0.504,2.3,1.1,6.6,0.6,9.0,0.39,0.11,5.1,0,2017-2018,0
1884,Briante Weber,PG,25.0,18,13.2,27.4,11.6,0.235,10,0.908,32,0.424,11,0.321,0.536,2.8,2.0,8.5,1.2,14.1,1.0,0.28,5.9,0,2017-2018,0
1885,Brice Johnson,F,23.0,18,5.5,11.4,21.5,0.141,5,0.666,41,0.559,1,0.0,0.546,2.4,1.7,18.0,0.1,3.5,0.5,0.33,5.4,0,2017-2018,0
1886,Brook Lopez,C,29.0,74,23.4,48.8,23.5,0.102,158,0.703,468,0.549,325,0.345,0.557,13.0,4.0,9.0,1.7,11.6,0.39,1.32,7.6,0,2017-2018,0
1887,Bruno Caboclo,SF,22.0,12,8.9,18.5,15.6,0.093,6,0.694,14,0.357,17,0.167,0.342,2.2,1.8,11.4,0.3,6.4,0.25,0.33,3.9,0,2017-2018,0
1888,Bryn Forbes,SG,24.0,80,19.0,39.5,16.7,0.065,72,0.667,269,0.446,228,0.39,0.525,6.9,1.4,4.0,1.0,7.8,0.35,0.03,4.5,0,2017-2018,0
1889,Buddy Hield,SG,24.0,80,25.3,52.7,24.3,0.113,81,0.877,525,0.457,408,0.431,0.557,13.5,3.8,8.6,1.9,12.8,1.06,0.28,7.3,0,2017-2018,0
1890,C.J. Williams,SG,27.0,38,18.6,38.7,13.7,0.089,16,0.813,119,0.546,78,0.282,0.512,5.5,1.5,4.4,1.1,8.5,0.82,0.34,4.5,0,2017-2018,0
1891,Caleb Swanigan,PF,20.0,27,7.0,14.6,19.9,0.209,18,0.667,52,0.442,8,0.125,0.449,2.3,2.0,15.5,0.5,10.7,0.19,0.11,7.5,0,2017-2018,0
1892,Cameron Payne,PG,23.0,25,23.3,48.5,19.3,0.14,16,0.75,124,0.419,91,0.385,0.498,8.8,2.8,6.4,4.5,30.0,1.04,0.36,8.2,0,2017-2018,0
1893,Caris LeVert,SG,23.0,71,26.2,54.7,22.5,0.158,187,0.711,490,0.48,245,0.347,0.525,12.1,3.7,7.4,4.2,26.0,1.15,0.31,8.7,0,2017-2018,0
1894,Carmelo Anthony,SF,33.0,78,32.1,66.8,23.2,0.073,193,0.767,695,0.436,474,0.357,0.503,16.2,5.8,10.0,1.3,6.5,0.6,0.63,6.2,0,2017-2018,0
1895,Cedi Osman,SF,22.0,61,11.0,23.0,15.7,0.134,46,0.565,99,0.586,87,0.368,0.577,3.9,2.0,10.0,0.7,8.6,0.36,0.05,6.4,0,2017-2018,0
1896,Chandler Parsons,SF,29.0,36,19.2,40.0,18.2,0.125,27,0.63,113,0.504,121,0.421,0.578,7.9,2.5,7.5,1.9,16.4,0.5,0.31,7.0,0,2017-2018,0
1897,Channing Frye,C,34.0,53,13.1,27.3,15.3,0.087,19,0.902,97,0.672,115,0.338,0.6,5.0,2.6,10.9,0.7,7.8,0.34,0.26,6.2,0,2017-2018,0
1898,Charles Cooke,SG,23.0,13,2.9,6.1,18.0,0.063,2,0.5,6,0.167,8,0.125,0.202,0.5,0.2,2.8,0.1,3.2,0.08,0.0,3.0,0,2017-2018,0
1899,Cheick Diallo,PF,21.0,52,11.2,23.3,17.3,0.116,66,0.758,176,0.58,0,0.0,0.619,4.9,4.0,19.6,0.4,4.7,0.21,0.4,7.1,0,2017-2018,0
1900,Chinanu Onuaku,PF,21.0,1,21.6,45.0,16.3,0.375,0,0.0,5,0.4,0,0.0,0.4,4.0,4.0,10.4,1.0,6.5,0.0,0.0,4.7,0,2017-2018,0
1901,Chris Boucher,PF,25.0,1,1.3,2.7,33.8,0.0,0,0.0,0,0.0,1,0.0,0.0,0.0,1.0,43.0,0.0,0.0,0.0,0.0,0.0,0,2017-2018,0
1902,Chris McCullough,PF,22.0,19,4.7,9.8,24.7,0.04,14,0.643,34,0.5,8,0.125,0.478,2.4,1.3,15.8,0.2,7.1,0.0,0.26,7.3,0,2017-2018,0
1903,Chris Paul,PG,32.0,58,31.8,66.3,24.5,0.125,221,0.919,419,0.532,379,0.38,0.604,18.6,5.4,9.5,7.9,40.9,1.67,0.22,11.6,0,2017-2018,0
1904,CJ McCollum,SG,26.0,81,36.1,75.2,26.5,0.086,250,0.836,1029,0.465,476,0.397,0.536,21.4,4.0,6.0,3.4,15.8,0.95,0.43,7.3,0,2017-2018,0
1905,CJ Miles,SF,30.0,70,19.1,39.8,22.3,0.057,97,0.835,145,0.434,454,0.361,0.545,10.0,2.2,6.4,0.8,6.0,0.53,0.3,5.4,0,2017-2018,0
1906,Clint Capela,C,23.0,74,27.5,57.3,19.4,0.115,257,0.56,675,0.653,1,0.0,0.65,13.9,10.8,22.2,0.9,5.7,0.78,1.86,7.5,0,2017-2018,0
1907,Cody Zeller,PF,25.0,33,19.0,39.6,15.7,0.146,85,0.718,153,0.542,3,0.667,0.602,7.1,5.4,15.3,0.9,7.3,0.42,0.64,6.9,0,2017-2018,0
1908,Cole Aldrich,C,29.0,21,2.3,4.8,16.9,0.054,6,0.333,15,0.333,0,0.0,0.34,0.6,0.7,17.8,0.1,8.2,0.1,0.05,6.0,0,2017-2018,0
1909,Corey Brewer,SF,31.0,72,16.8,35.0,14.2,0.138,90,0.699,206,0.54,110,0.225,0.523,5.3,2.1,7.0,0.9,7.8,1.1,0.19,5.2,0,2017-2018,0
1910,Cory Joseph,SG,26.0,82,27.0,56.1,14.8,0.12,94,0.745,413,0.458,190,0.353,0.504,7.9,3.2,6.8,3.2,16.1,0.98,0.23,6.4,0,2017-2018,0
1911,Courtney Lee,SG,32.0,76,30.4,63.3,16.9,0.094,124,0.919,477,0.482,278,0.406,0.564,12.0,2.9,5.4,2.4,11.3,1.05,0.22,5.8,0,2017-2018,0
1912,Cristiano Felicio,C,25.0,55,17.8,37.0,13.6,0.177,81,0.667,213,0.596,2,0.0,0.614,5.6,4.2,12.8,1.0,8.4,0.29,0.2,6.4,0,2017-2018,0
1913,D.J. Augustin,PG,30.0,75,23.5,48.9,18.6,0.164,189,0.868,268,0.485,272,0.419,0.615,10.2,2.1,5.0,3.8,24.4,0.71,0.0,7.4,0,2017-2018,0
1914,D.J. Wilson,PF,21.0,22,3.2,6.7,13.3,0.192,2,0.5,11,0.636,5,0.4,0.622,1.0,0.5,8.2,0.1,6.1,0.14,0.05,4.6,0,2017-2018,0
1915,Dakari Johnson,C,22.0,31,5.2,10.8,13.5,0.059,20,0.55,39,0.564,0,0.0,0.575,1.8,1.1,11.7,0.3,7.2,0.19,0.26,6.5,0,2017-2018,0
1916,Damian Jones,C,22.0,15,5.9,12.3,14.0,0.142,5,0.6,22,0.5,0,0.0,0.517,1.7,0.9,8.8,0.1,2.9,0.07,0.2,3.6,0,2017-2018,0
1917,Damian Lillard,PG,27.0,73,36.6,76.2,30.6,0.111,538,0.916,786,0.501,629,0.361,0.594,26.9,4.5,6.6,6.6,30.9,1.05,0.37,10.1,1,2017-2018,0
1918,Damien Wilkins,SG,38.0,19,8.0,16.7,13.4,0.109,4,0.75,21,0.429,18,0.222,0.405,1.7,0.8,5.9,0.5,7.7,0.11,0.05,4.4,0,2017-2018,0
1919,Damion Lee,SG,25.0,15,27.0,56.2,19.3,0.078,29,0.759,92,0.511,60,0.25,0.489,10.7,4.7,9.8,1.9,11.2,1.27,0.07,6.8,0,2017-2018,0
1920,Damyean Dotson,SG,23.0,44,10.8,22.4,17.3,0.09,23,0.696,93,0.538,68,0.324,0.532,4.1,1.9,9.8,0.7,9.5,0.27,0.05,6.5,0,2017-2018,0
1921,D'Angelo Russell,PG,21.0,48,25.7,53.5,30.8,0.168,131,0.74,394,0.477,278,0.324,0.509,15.5,3.9,8.1,5.2,35.8,0.75,0.35,10.6,0,2017-2018,0
1922,Daniel Hamilton,SG,22.0,6,4.6,9.6,20.1,0.154,0,0.0,6,0.5,5,0.4,0.545,2.0,0.8,10.0,1.3,44.8,0.17,0.0,11.1,0,2017-2018,0
1923,Daniel Theis,PF,25.0,63,14.9,30.9,15.5,0.172,81,0.753,175,0.617,58,0.31,0.616,5.3,4.3,16.0,0.9,9.1,0.48,0.76,7.3,0,2017-2018,0
1924,Danilo Gallinari,SF,29.0,21,32.0,66.6,20.6,0.081,87,0.931,145,0.455,111,0.324,0.545,15.3,4.8,8.3,2.0,8.9,0.57,0.48,6.6,0,2017-2018,0
1925,Danny Green,SG,30.0,70,25.6,53.3,16.6,0.112,65,0.769,241,0.419,320,0.363,0.509,8.6,3.6,7.7,1.6,8.9,0.9,1.14,5.7,0,2017-2018,0
1926,Dante Cunningham,SF,30.0,73,21.4,44.6,11.7,0.075,52,0.596,196,0.542,168,0.342,0.536,5.8,4.1,10.3,0.7,4.4,0.54,0.41,4.7,0,2017-2018,0
1927,Dante Exum,PG,22.0,14,16.8,34.9,23.1,0.166,31,0.806,69,0.536,18,0.278,0.566,8.1,1.9,6.3,3.1,29.8,0.57,0.21,8.6,0,2017-2018,0
1928,Danuel House,SG,24.0,23,17.5,36.5,16.2,0.072,31,0.806,71,0.577,58,0.259,0.533,6.6,3.3,10.1,1.1,9.4,0.3,0.26,6.6,0,2017-2018,0
1929,Dario Saric,PF,23.0,78,29.6,61.7,20.9,0.131,207,0.86,491,0.501,399,0.393,0.582,14.6,6.7,12.1,2.6,13.0,0.65,0.26,8.6,0,2017-2018,0
1930,Darius Miller,SF,27.0,82,23.7,49.4,12.8,0.101,67,0.866,129,0.535,358,0.411,0.617,7.8,2.0,4.6,1.4,7.5,0.34,0.21,4.7,0,2017-2018,0
1931,Darrell Arthur,PF,29.0,19,7.4,15.4,19.6,0.237,3,0.667,24,0.583,23,0.348,0.559,2.8,0.8,6.0,0.5,9.4,0.42,0.16,5.6,0,2017-2018,0
1932,Darren Collison,PG,30.0,69,29.3,60.9,17.4,0.109,144,0.882,433,0.508,205,0.468,0.61,12.4,2.6,5.0,5.3,26.4,1.33,0.22,7.6,0,2017-2018,0
1933,Darrun Hilliard,SG,24.0,14,6.8,14.2,12.2,0.153,7,0.857,13,0.385,6,0.0,0.362,1.1,0.5,4.1,0.8,15.2,0.14,0.0,4.5,0,2017-2018,0
1934,David Nwaba,PG,25.0,70,23.5,49.0,15.6,0.131,203,0.655,371,0.496,52,0.346,0.542,7.9,4.7,10.6,1.5,9.4,0.84,0.41,6.5,0,2017-2018,0
1935,David Stockton,G,26.0,3,3.1,6.5,27.9,0.174,4,1.0,0,0.0,3,0.667,1.05,3.3,0.0,0.0,0.0,0.0,0.0,0.0,0.0,0,2017-2018,0
1936,David West,PF,37.0,73,13.7,28.5,21.7,0.162,79,0.759,370,0.576,8,0.375,0.6,6.8,3.3,13.3,1.9,20.5,0.64,1.03,10.2,0,2017-2018,0
1937,Davis Bertans,PF,25.0,77,14.1,29.4,17.4,0.085,49,0.816,114,0.588,252,0.373,0.588,5.9,2.0,7.8,1.0,10.3,0.34,0.36,6.5,0,2017-2018,0
1938,Davon Reed,SG,22.0,21,11.5,24.0,16.0,0.11,12,0.667,38,0.289,38,0.289,0.388,3.0,1.9,8.6,0.6,7.6,0.48,0.1,5.2,0,2017-2018,0
1939,De'Aaron Fox,PG,20.0,73,27.7,57.8,23.4,0.164,195,0.723,644,0.436,153,0.307,0.478,11.6,2.8,5.7,4.4,24.6,0.96,0.27,7.5,0,2017-2018,0
1940,DeAndre' Bembry,SF,23.0,26,17.5,36.5,18.2,0.248,33,0.576,98,0.429,30,0.367,0.477,5.2,2.8,8.8,1.9,15.9,0.81,0.46,6.9,0,2017-2018,0
1941,DeAndre Jordan,C,29.0,77,31.5,65.6,15.2,0.161,312,0.58,578,0.645,0,0.0,0.648,12.0,15.2,26.5,1.5,7.1,0.51,0.92,8.2,0,2017-2018,1
1942,DeAndre Liggins,SG,29.0,58,12.5,26.0,8.0,0.155,5,0.214,53,0.397,53,0.383,0.477,1.7,1.3,5.9,0.9,8.8,0.64,0.24,4.1,0,2017-2018,0
1943,Dejounte Murray,PG,21.0,81,21.5,44.8,20.7,0.166,148,0.709,575,0.454,34,0.265,0.485,8.1,5.7,14.6,2.9,20.2,1.2,0.38,9.5,0,2017-2018,0
1944,Delon Wright,PG,25.0,69,20.8,43.3,17.2,0.139,117,0.829,278,0.522,154,0.364,0.574,8.0,2.9,7.7,2.9,19.6,1.04,0.48,7.8,0,2017-2018,0
1945,DeMar DeRozan,SG,28.0,80,33.9,70.6,29.6,0.096,559,0.825,1125,0.494,287,0.31,0.555,23.0,3.9,6.5,5.2,25.0,1.06,0.28,9.2,1,2017-2018,1
1946,DeMarcus Cousins,C,27.0,48,36.2,75.4,31.9,0.189,394,0.746,570,0.53,294,0.354,0.583,25.2,12.9,19.3,5.4,23.0,1.65,1.58,13.3,0,2017-2018,0
1947,DeMarre Carroll,SF,31.0,73,29.9,62.2,19.8,0.103,246,0.764,394,0.457,391,0.371,0.55,13.5,6.6,11.7,2.0,10.5,0.81,0.41,7.5,0,2017-2018,0
1948,Demetrius Jackson,PG,23.0,15,5.3,11.1,16.5,0.368,2,0.1,11,0.533,7,0.2,0.393,1.1,0.8,8.5,0.6,15.5,0.33,0.06,5.3,0,2017-2018,0
1949,Dennis Schroder,PG,24.0,67,31.0,64.6,30.4,0.127,265,0.849,884,0.48,262,0.29,0.515,19.4,3.1,5.6,6.2,36.3,1.07,0.09,9.3,0,2017-2018,0
1950,Dennis Smith Jr.,PG,20.0,69,29.7,61.9,28.9,0.149,193,0.694,685,0.435,339,0.313,0.473,15.2,3.8,7.0,5.2,29.5,1.03,0.26,9.0,0,2017-2018,0
1951,Denzel Valentine,SG,24.0,77,27.2,56.7,17.5,0.118,51,0.745,351,0.45,370,0.386,0.527,10.2,5.1,10.1,3.2,17.8,0.84,0.14,8.1,0,2017-2018,0
1952,Derrick Favors,PF,26.0,77,28.0,58.3,18.5,0.099,215,0.651,639,0.596,63,0.222,0.593,12.3,7.2,14.6,1.3,7.8,0.7,1.06,6.9,0,2017-2018,0
1953,Derrick Jones Jr.,SF,20.0,20,12.3,25.6,12.3,0.106,24,0.678,35,0.639,18,0.132,0.523,3.0,1.9,8.2,0.4,6.5,0.2,0.65,4.6,0,2017-2018,0
1954,Derrick Rose,PG,29.0,25,16.8,35.0,25.4,0.14,46,0.907,156,0.473,30,0.22,0.501,8.4,1.4,4.5,1.5,13.8,0.28,0.16,6.0,0,2017-2018,0
1955,Derrick Walton Jr.,PG,22.0,16,9.2,19.2,9.0,0.067,6,1.0,8,0.125,17,0.412,0.525,1.8,1.0,6.1,1.0,14.6,0.44,0.19,5.3,0,2017-2018,0
1956,Derrick White,PG,23.0,17,8.2,17.0,15.4,0.126,20,0.7,20,0.4,13,0.615,0.646,3.2,1.5,10.4,0.5,9.3,0.24,0.18,6.5,0,2017-2018,0
1957,Derrick Williams,SF,26.0,2,4.3,8.9,20.0,0.0,0,0.0,2,0.5,2,0.0,0.25,1.0,0.5,6.3,0.0,0.0,0.0,0.0,0.0,0,2017-2018,0
1958,Devin Booker,SG,21.0,54,34.5,72.0,31.7,0.139,328,0.878,670,0.46,384,0.383,0.561,24.9,4.5,7.0,4.7,24.4,0.87,0.26,9.4,0,2017-2018,0
1959,Devin Harris,PG,34.0,71,18.8,39.3,20.3,0.125,170,0.836,227,0.478,227,0.349,0.563,8.4,1.8,5.3,2.1,16.9,0.68,0.17,6.7,0,2017-2018,0
1960,Devin Robinson,SF,22.0,1,13.2,27.5,10.0,0.0,0,0.0,3,0.333,0,0.0,0.333,2.0,5.0,21.4,0.0,0.0,1.0,0.0,0.0,0,2017-2018,0
1961,Dewayne Dedmon,C,28.0,62,24.9,51.8,17.0,0.143,86,0.779,336,0.595,141,0.355,0.599,10.0,7.9,17.7,1.5,9.2,0.65,0.82,7.9,0,2017-2018,0
1962,Deyonta Davis,C,21.0,62,15.2,31.7,15.3,0.097,57,0.667,265,0.608,0,0.0,0.621,5.8,4.0,15.3,0.6,7.1,0.24,0.63,6.3,0,2017-2018,0
1963,Dillon Brooks,SF,22.0,82,28.7,59.7,18.5,0.128,166,0.747,508,0.484,264,0.356,0.531,11.0,3.1,6.3,1.6,9.3,0.89,0.21,5.3,0,2017-2018,0
1964,Dion Waiters,SG,26.0,30,30.6,63.7,25.0,0.137,69,0.739,240,0.463,170,0.306,0.487,14.3,2.6,4.7,3.8,19.8,0.77,0.3,6.8,0,2017-2018,0
1965,Dirk Nowitzki,PF,39.0,77,24.7,51.4,20.5,0.06,108,0.898,421,0.494,337,0.409,0.575,12.0,5.7,12.8,1.6,10.4,0.56,0.58,7.7,0,2017-2018,0
1966,Domantas Sabonis,PF,21.0,74,24.5,51.0,22.1,0.153,224,0.75,624,0.524,37,0.351,0.567,11.6,7.7,17.8,2.0,12.7,0.54,0.43,9.2,0,2017-2018,0
1967,Donovan Mitchell,SG,21.0,79,33.4,69.6,29.1,0.126,297,0.805,812,0.502,550,0.34,0.541,20.5,3.7,6.4,3.7,19.4,1.49,0.34,7.8,0,2017-2018,0
1968,Dorian Finney-Smith,PF,24.0,21,21.3,44.5,15.1,0.141,15,0.733,54,0.481,67,0.299,0.482,5.9,3.6,9.3,1.2,8.4,0.48,0.19,5.5,0,2017-2018,0
1969,Doug McDermott,SF,26.0,81,21.8,45.5,15.0,0.093,81,0.788,292,0.498,216,0.421,0.578,7.8,2.4,6.2,1.0,6.5,0.23,0.2,4.8,0,2017-2018,0
1970,Dragan Bender,PF,20.0,82,25.2,52.6,12.7,0.181,51,0.765,162,0.426,322,0.366,0.524,6.5,4.4,9.3,1.6,8.9,0.27,0.65,5.7,0,2017-2018,0
1971,Draymond Green,PF,27.0,70,32.7,68.1,17.2,0.225,173,0.775,363,0.562,256,0.301,0.556,11.0,7.6,13.1,7.3,29.0,1.34,1.3,10.4,0,2017-2018,1
1972,Dwayne Bacon,SG,22.0,53,13.5,28.0,13.7,0.102,25,0.8,149,0.409,43,0.256,0.431,3.3,2.3,9.4,0.7,7.5,0.3,0.04,5.2,0,2017-2018,0
1973,Dwight Buycks,PG,28.0,29,14.7,30.7,26.4,0.153,41,0.878,153,0.438,45,0.333,0.498,7.4,1.4,5.3,2.0,22.3,0.66,0.07,7.5,0,2017-2018,0
1974,Dwight Howard,C,32.0,81,30.4,63.4,24.2,0.151,582,0.574,904,0.559,7,0.143,0.577,16.6,12.5,22.2,1.3,7.1,0.59,1.62,8.5,0,2017-2018,0
1975,Dwight Powell,C,26.0,79,21.2,44.1,15.5,0.103,185,0.719,346,0.656,84,0.333,0.656,8.5,5.6,14.7,1.2,8.5,0.85,0.41,7.3,0,2017-2018,0
1976,Dwyane Wade,SG,36.0,67,22.9,47.8,26.3,0.155,189,0.715,571,0.469,111,0.295,0.502,11.5,3.7,9.2,3.4,23.5,0.91,0.7,9.1,0,2017-2018,0
1977,Ed Davis,PF,28.0,78,18.9,39.3,12.2,0.162,111,0.667,291,0.584,1,0.0,0.607,5.3,7.4,21.3,0.5,3.9,0.41,0.67,5.7,0,2017-2018,0
1978,Edmond Sumner,PG,22.0,1,2.2,4.6,20.3,0.0,0,0.0,1,1.0,0,0.0,1.0,2.0,1.0,25.7,0.0,0.0,0.0,0.0,0.0,0,2017-2018,0
1979,Ekpe Udoh,PF,30.0,63,12.9,26.8,9.1,0.121,56,0.75,119,0.504,1,0.0,0.56,2.6,2.4,10.5,0.8,9.1,0.68,1.17,5.3,0,2017-2018,0
1980,Elfrid Payton,PG,23.0,63,28.7,59.8,21.9,0.185,168,0.648,575,0.521,92,0.321,0.539,12.6,4.4,8.2,6.3,34.9,1.31,0.35,9.8,0,2017-2018,0
1981,Emeka Okafor,C,35.0,26,13.6,28.3,14.4,0.11,22,0.818,95,0.505,0,0.0,0.545,4.4,4.6,18.4,0.3,3.1,0.31,0.96,5.4,0,2017-2018,0
1982,Emmanuel Mudiay,PG,21.0,64,19.4,40.5,24.4,0.163,129,0.766,378,0.415,148,0.312,0.478,8.6,2.3,6.8,3.2,24.4,0.64,0.18,8.3,0,2017-2018,0
1983,Enes Kanter,C,25.0,71,25.8,53.7,21.9,0.133,184,0.848,711,0.594,2,0.0,0.63,14.1,11.0,23.6,1.5,9.4,0.51,0.52,9.5,0,2017-2018,0
1984,Eric Bledsoe,PG,28.0,74,31.3,65.4,26.1,0.161,318,0.793,629,0.546,360,0.347,0.582,17.7,3.8,7.1,5.0,25.7,2.01,0.56,8.9,0,2017-2018,0
1985,Eric Gordon,SG,29.0,69,31.2,65.0,24.7,0.109,241,0.809,361,0.546,608,0.359,0.578,18.0,2.4,4.4,2.2,11.7,0.65,0.38,5.9,0,2017-2018,0
1986,Eric Moreland,PF,26.0,67,12.0,25.0,9.7,0.238,29,0.379,122,0.541,0,0.0,0.531,2.1,4.1,19.1,1.2,13.3,0.46,0.76,7.3,0,2017-2018,0
1987,Erik McCree,SF,24.0,4,1.9,3.9,18.0,0.333,0,0.0,1,0.0,1,0.0,0.0,0.0,0.3,7.6,0.0,0.0,0.25,0.0,0.0,0,2017-2018,0
1988,Ersan Ilyasova,PG,30.0,69,25.1,52.2,18.7,0.096,135,0.778,360,0.517,253,0.36,0.558,10.9,5.9,12.9,1.3,8.0,0.89,0.39,7.0,0,2017-2018,0
1989,E'Twaun Moore,SG,28.0,82,31.5,65.7,16.1,0.106,68,0.706,531,0.556,301,0.425,0.593,12.5,2.9,5.0,2.3,10.1,0.94,0.13,5.5,0,2017-2018,0
1990,Evan Fournier,SG,25.0,57,32.2,67.1,23.3,0.098,173,0.867,467,0.516,335,0.379,0.577,17.8,3.2,5.4,2.9,14.8,0.82,0.28,6.8,0,2017-2018,0
1991,Evan Turner,SG,29.0,79,25.7,53.6,15.6,0.137,107,0.85,445,0.485,132,0.318,0.52,8.2,3.1,6.5,2.2,12.4,0.59,0.37,6.0,0,2017-2018,0
1992,Frank Kaminsky,C,24.0,79,23.2,48.4,20.5,0.076,194,0.799,442,0.459,274,0.38,0.545,11.1,3.6,8.5,1.6,11.0,0.46,0.25,6.9,0,2017-2018,0
1993,Frank Mason,PG,23.0,52,18.9,39.4,22.6,0.131,115,0.817,294,0.384,86,0.36,0.48,7.9,2.5,7.5,2.8,22.7,0.65,0.19,8.1,0,2017-2018,0
1994,Frank Ntilikina,PG,19.0,78,21.9,45.6,16.9,0.198,68,0.721,343,0.385,157,0.318,0.437,5.9,2.3,5.8,3.2,20.0,0.85,0.23,6.4,0,2017-2018,0
1995,Fred VanVleet,PG,23.0,76,20.0,41.7,19.1,0.112,101,0.832,284,0.437,261,0.414,0.556,8.6,2.4,6.8,3.2,22.8,0.89,0.25,8.1,0,2017-2018,0
1996,Furkan Korkmaz,SG,20.0,14,5.7,11.9,17.0,0.063,4,0.5,11,0.273,17,0.294,0.386,1.6,0.8,7.4,0.3,6.7,0.14,0.07,5.1,0,2017-2018,0
1997,Garrett Temple,SG,31.0,65,24.8,51.8,16.4,0.134,78,0.769,249,0.442,227,0.392,0.536,8.4,2.3,5.4,1.9,11.3,0.88,0.42,5.4,0,2017-2018,0
1998,Gary Harris,SG,23.0,67,34.4,71.7,20.7,0.108,162,0.827,514,0.553,394,0.396,0.597,17.5,2.6,4.3,2.9,13.0,1.82,0.22,5.9,0,2017-2018,0
1999,Gary Payton II,PG,25.0,23,9.6,20.0,16.7,0.082,9,0.428,49,0.495,25,0.234,0.442,3.0,1.9,10.9,0.9,13.6,0.3,0.13,7.2,0,2017-2018,0
2000,George Hill,PG,31.0,67,27.1,56.4,16.4,0.133,140,0.788,308,0.49,205,0.416,0.581,10.0,2.7,5.6,2.8,15.0,0.93,0.39,6.2,0,2017-2018,0
2001,Georges Niang,PF,24.0,9,3.5,7.3,21.1,0.202,2,0.5,7,0.571,4,0.0,0.379,1.0,1.0,16.1,0.3,14.2,0.22,0.0,7.7,0,2017-2018,0
2002,Georgios Papagiannis,C,20.0,17,7.2,14.9,18.3,0.153,0,0.0,42,0.449,0,0.0,0.449,2.1,2.2,17.2,0.6,10.9,0.24,0.36,7.2,0,2017-2018,0
2003,Gerald Green,SG,32.0,41,22.7,47.2,22.3,0.066,60,0.85,115,0.504,298,0.369,0.566,12.1,3.2,8.0,0.6,4.3,0.59,0.37,5.0,0,2017-2018,0
2004,Gian Clavell,SG,24.0,7,9.1,18.9,15.0,0.096,2,1.0,3,0.0,15,0.4,0.53,2.9,1.0,6.1,0.4,6.8,0.29,0.0,4.6,0,2017-2018,0
2005,Giannis Antetokounmpo,PF,23.0,75,36.8,76.6,31.2,0.117,641,0.76,1262,0.554,140,0.307,0.598,26.9,10.0,16.0,4.8,23.7,1.45,1.41,11.8,1,2017-2018,1
2006,Glenn Robinson III,SG,24.0,23,14.7,30.6,12.5,0.053,11,0.818,51,0.431,34,0.412,0.529,4.1,1.6,6.2,0.7,6.8,0.57,0.04,4.5,0,2017-2018,0
2007,Goran Dragic,PG,31.0,75,31.7,66.0,25.7,0.122,271,0.801,775,0.481,300,0.37,0.543,17.3,4.1,7.2,4.8,25.4,0.84,0.16,8.8,0,2017-2018,0
2008,Gordon Hayward,SF,27.0,1,5.3,11.0,16.9,0.0,0,0.0,1,1.0,1,0.0,0.5,2.0,1.0,10.3,0.0,0.0,0.0,0.0,0.0,0,2017-2018,0
2009,Gorgui Dieng,PF,28.0,79,16.9,35.1,16.3,0.12,102,0.775,327,0.511,61,0.311,0.543,5.9,4.6,15.6,0.9,7.5,0.57,0.49,6.9,0,2017-2018,0
2010,Greg Monroe,C,27.0,51,20.4,42.5,22.7,0.177,119,0.72,386,0.563,0,0.0,0.595,10.3,6.8,18.3,2.3,18.5,0.86,0.47,10.6,0,2017-2018,0
2011,Guerschon Yabusele,PF,22.0,33,7.1,14.8,15.7,0.145,22,0.682,24,0.583,37,0.324,0.559,2.4,1.6,12.1,0.5,10.0,0.12,0.15,7.0,0,2017-2018,0
2012,Harrison Barnes,SF,25.0,77,34.2,71.3,25.2,0.081,313,0.827,874,0.478,333,0.357,0.54,18.9,6.1,9.9,2.0,9.8,0.64,0.18,7.2,0,2017-2018,0
2013,Hassan Whiteside,C,28.0,54,25.3,52.6,24.7,0.123,182,0.703,576,0.538,2,1.0,0.573,14.0,11.4,25.4,1.0,6.9,0.69,1.74,8.6,0,2017-2018,0
2014,Henry Ellenson,PF,21.0,38,8.7,18.0,23.8,0.102,29,0.862,86,0.384,60,0.333,0.476,4.0,2.1,13.6,0.5,9.4,0.13,0.0,7.4,0,2017-2018,0
2015,Ian Clark,SG,26.0,74,19.7,40.9,17.2,0.099,59,0.763,300,0.533,195,0.318,0.529,7.4,1.7,4.7,1.5,10.4,0.45,0.14,5.4,0,2017-2018,0
2016,Ian Mahinmi,C,31.0,77,14.9,31.0,15.6,0.247,128,0.703,246,0.561,2,0.0,0.601,4.8,4.1,15.4,0.7,6.6,0.49,0.55,6.4,0,2017-2018,0
2017,Ike Anigbogu,C,19.0,11,2.7,5.6,20.4,0.147,6,0.833,9,0.444,0,0.0,0.558,1.2,0.8,17.0,0.0,0.0,0.09,0.27,0.0,0,2017-2018,0
2018,Iman Shumpert,SG,27.0,14,19.7,41.1,13.1,0.208,15,0.733,32,0.469,26,0.269,0.48,4.4,2.9,8.3,1.2,8.1,0.64,0.29,5.0,0,2017-2018,0
2019,Isaiah Canaan,SG,26.0,20,21.1,43.9,18.6,0.147,51,0.857,71,0.408,66,0.316,0.516,8.6,2.2,6.0,3.8,25.6,0.8,0.05,7.6,0,2017-2018,0
2020,Isaiah Hicks,PF,23.0,18,13.3,27.7,17.5,0.167,18,0.667,63,0.492,9,0.222,0.501,4.4,2.3,9.5,0.9,9.5,0.11,0.22,6.3,0,2017-2018,0
2021,Isaiah Taylor,PG,23.0,67,17.4,36.3,20.1,0.157,141,0.702,310,0.461,80,0.25,0.492,6.6,1.4,4.5,3.1,27.0,0.51,0.15,7.0,0,2017-2018,0
2022,Isaiah Thomas,PG,28.0,32,26.9,56.1,28.8,0.166,131,0.896,233,0.438,188,0.292,0.507,15.2,2.1,4.2,4.8,27.1,0.47,0.09,7.9,0,2017-2018,1
2023,Isaiah Whitehead,PG,22.0,16,11.2,23.4,28.5,0.203,19,0.684,68,0.485,18,0.389,0.53,6.3,1.6,7.7,1.3,19.6,0.5,0.13,8.4,0,2017-2018,0
2024,Ish Smith,PG,29.0,82,24.9,51.9,20.8,0.112,116,0.698,700,0.506,101,0.347,0.525,10.9,2.7,6.1,4.4,28.5,0.78,0.24,8.1,0,2017-2018,0
2025,Ivan Rabb,PF,20.0,36,14.3,29.8,17.7,0.173,36,0.806,152,0.566,0,0.0,0.599,5.6,4.4,17.7,0.9,10.4,0.33,0.36,7.9,0,2017-2018,0
2026,Ivica Zubac,C,20.0,43,9.5,19.9,17.6,0.153,51,0.765,121,0.504,1,0.0,0.557,3.7,2.8,15.8,0.6,8.8,0.19,0.35,7.7,0,2017-2018,0
2027,J.J. Barea,PG,33.0,69,23.2,48.4,24.9,0.163,102,0.784,377,0.499,313,0.367,0.545,11.6,2.9,7.0,6.3,45.1,0.51,0.04,10.3,0,2017-2018,0
2028,Jabari Bird,SG,23.0,13,8.8,18.3,15.5,0.201,13,0.462,19,0.632,7,0.429,0.615,3.0,1.5,9.1,0.6,10.6,0.23,0.08,6.3,0,2017-2018,0
2029,Jabari Parker,SF,22.0,31,24.0,49.9,24.4,0.112,54,0.741,251,0.514,81,0.383,0.55,12.6,4.8,11.8,1.9,13.1,0.81,0.32,8.1,0,2017-2018,0
2030,Jack Cooley,F,26.0,7,12.5,26.0,19.7,0.078,19,0.737,27,0.481,0,0.0,0.566,5.7,4.3,19.6,0.9,10.5,0.14,0.0,9.0,0,2017-2018,0
2031,Jacob Pullen,PG,28.0,3,2.0,4.2,21.0,0.333,0,0.0,1,1.0,1,0.0,0.5,0.7,0.0,0.0,0.0,0.0,0.0,0.0,0.0,0,2017-2018,0
2032,Jacob Wiley,SF,23.0,5,6.7,13.9,6.3,0.0,2,0.5,2,0.0,2,0.5,0.41,0.8,2.2,17.5,0.4,7.9,0.2,0.0,5.3,0,2017-2018,0
2033,Jae Crowder,PG,27.0,80,26.1,54.4,17.2,0.092,148,0.821,330,0.492,341,0.324,0.529,9.7,3.5,7.4,1.2,6.9,0.8,0.26,5.3,0,2017-2018,0
2034,Jahlil Okafor,C,22.0,28,12.6,26.2,21.1,0.121,29,0.741,134,0.567,4,0.232,0.584,6.3,3.0,12.8,0.4,5.9,0.11,0.65,6.3,0,2017-2018,0
2035,JaKarr Sampson,SF,24.0,22,15.6,32.6,12.5,0.083,16,0.625,71,0.549,10,0.5,0.585,4.7,3.5,12.9,0.4,3.9,0.36,1.0,4.8,0,2017-2018,0
2036,Jake Layman,SF,23.0,34,4.7,9.8,14.6,0.094,3,0.667,27,0.37,20,0.2,0.352,1.0,0.5,5.4,0.3,9.4,0.18,0.12,4.5,0,2017-2018,0
2037,Jakob Poeltl,C,22.0,82,18.6,38.7,14.8,0.166,101,0.594,382,0.66,2,0.5,0.662,6.9,4.8,14.4,0.7,5.4,0.48,1.22,6.1,0,2017-2018,0
2038,Jalen Jones,SF,24.0,16,11.3,23.6,19.2,0.076,19,0.691,41,0.316,26,0.52,0.495,4.7,2.4,11.1,0.2,2.9,0.32,0.06,3.8,0,2017-2018,0
2039,Jamal Crawford,SG,37.0,80,20.7,43.1,23.7,0.107,113,0.903,428,0.477,314,0.331,0.519,10.3,1.2,3.5,2.3,16.9,0.5,0.11,5.9,0,2017-2018,0
2040,Jamal Murray,SG,20.0,81,31.7,66.0,22.8,0.127,253,0.905,626,0.502,436,0.378,0.576,16.7,3.7,6.5,3.4,16.4,0.98,0.35,7.5,0,2017-2018,0
2041,Jameel Warney,PF,24.0,3,8.9,18.6,25.8,0.066,5,0.6,12,0.583,0,0.0,0.599,5.7,3.0,18.6,0.0,0.0,0.0,0.0,0.0,0,2017-2018,0
2042,Jameer Nelson,PG,35.0,50,20.3,42.2,13.9,0.21,20,0.798,120,0.454,124,0.323,0.492,4.9,2.0,5.5,3.6,23.0,0.54,0.08,6.5,0,2017-2018,0
2043,Jamel Artis,SG,25.0,15,18.6,38.8,14.5,0.087,12,0.583,50,0.46,29,0.276,0.457,5.1,2.5,7.5,1.2,9.3,0.13,0.2,5.3,0,2017-2018,0
2044,James Ennis III,SF,27.0,72,22.3,46.4,13.8,0.115,116,0.836,231,0.567,153,0.337,0.591,7.1,3.1,7.9,1.0,6.6,0.65,0.25,5.0,0,2017-2018,0
2045,James Harden,PG,28.0,72,35.4,73.8,36.0,0.151,727,0.858,727,0.531,722,0.367,0.619,30.4,5.4,8.6,8.8,45.1,1.76,0.69,12.8,1,2017-2018,1
2046,James Johnson,PF,30.0,73,26.6,55.5,19.1,0.172,162,0.698,429,0.587,185,0.308,0.575,10.8,4.9,10.3,3.8,22.5,0.96,0.71,8.8,0,2017-2018,0
2047,James Michael McAdoo,PF,25.0,3,6.0,12.5,21.1,0.113,2,1.0,0,0.0,7,0.286,0.508,2.7,0.7,6.0,0.0,0.0,0.0,0.33,0.0,0,2017-2018,0
2048,James Webb III,SF,24.0,10,12.0,25.0,10.1,0.143,0,0.0,5,0.4,19,0.211,0.333,1.6,2.4,10.6,0.4,4.5,0.1,0.0,3.8,0,2017-2018,0
2049,James Young,SG,22.0,6,10.2,21.2,12.3,0.057,6,0.667,4,0.5,10,0.3,0.511,2.8,0.3,1.8,0.3,4.3,0.0,0.0,2.5,0,2017-2018,0
2050,Jamil Wilson,SF,27.0,15,18.3,38.0,14.3,0.088,4,0.5,18,0.611,63,0.429,0.634,7.0,2.1,6.4,0.7,5.2,0.33,0.53,4.8,0,2017-2018,0
2051,JaMychal Green,PF,27.0,55,28.0,58.4,17.8,0.124,111,0.721,361,0.499,127,0.339,0.53,10.3,8.4,17.4,1.4,8.3,0.58,0.45,7.1,0,2017-2018,0
2052,Jared Dudley,PF,32.0,48,14.3,29.8,10.2,0.169,35,0.771,42,0.452,80,0.363,0.553,3.2,1.9,7.2,1.6,15.6,0.52,0.21,6.0,0,2017-2018,0
2053,Jarell Eddie,SG,26.0,3,2.9,6.0,10.2,0.0,0,0.0,0,0.0,2,0.0,0.0,0.0,0.3,6.5,0.0,0.0,0.33,0.0,0.0,0,2017-2018,0
2054,Jarell Martin,PF,23.0,73,22.8,47.4,17.1,0.136,116,0.767,398,0.47,98,0.347,0.516,7.7,4.4,11.1,1.0,7.0,0.53,0.68,5.7,0,2017-2018,0
2055,Jarrett Allen,C,19.0,72,20.0,41.7,16.3,0.151,147,0.776,382,0.599,15,0.333,0.636,8.2,5.4,14.3,0.7,5.4,0.39,1.22,6.3,0,2017-2018,0
2056,Jarrett Jack,PG,34.0,62,25.0,52.0,16.7,0.195,75,0.84,357,0.459,86,0.291,0.489,7.5,3.1,6.8,5.6,31.3,0.56,0.06,8.1,0,2017-2018,0
2057,Jason Smith,C,31.0,33,8.6,18.0,21.7,0.114,21,0.905,83,0.494,32,0.125,0.455,3.4,1.6,10.5,0.4,7.4,0.09,0.39,6.0,0,2017-2018,0
2058,Jason Terry,SG,40.0,51,16.0,33.2,10.1,0.137,9,0.889,39,0.487,115,0.348,0.525,3.3,0.9,3.5,1.2,9.7,0.82,0.24,3.8,0,2017-2018,0
2059,JaVale McGee,C,30.0,65,9.5,19.7,19.2,0.1,52,0.731,213,0.638,6,0.0,0.641,4.8,2.6,15.4,0.5,8.0,0.32,0.88,7.8,0,2017-2018,0
2060,Jawun Evans,PG,21.0,48,16.2,33.8,17.7,0.138,49,0.776,199,0.372,54,0.278,0.421,4.8,1.8,5.9,2.1,17.8,0.75,0.13,6.5,0,2017-2018,0
2061,Jaylen Brown,SF,21.0,70,30.7,64.0,21.4,0.12,233,0.644,497,0.507,306,0.395,0.562,14.5,5.0,8.8,1.6,8.5,1.0,0.37,6.4,0,2017-2018,0
2062,Jaylen Morris,G,22.0,6,16.4,34.2,16.4,0.162,0,0.0,22,0.5,9,0.222,0.452,4.7,2.7,9.1,1.2,10.7,0.33,0.17,6.0,0,2017-2018,0
2063,Jayson Tatum,SF,19.0,80,30.5,63.6,19.4,0.108,258,0.826,593,0.492,242,0.434,0.586,13.9,5.0,9.0,1.6,8.3,1.04,0.73,6.3,0,2017-2018,0
2064,Jeff Green,SF,31.0,78,23.4,48.8,19.3,0.094,234,0.868,448,0.54,170,0.312,0.587,10.8,3.2,7.5,1.3,8.0,0.53,0.44,6.1,0,2017-2018,0
2065,Jeff Teague,PG,29.0,70,33.0,68.8,20.6,0.164,239,0.845,566,0.477,228,0.368,0.553,14.2,3.0,5.2,7.0,30.6,1.46,0.33,8.1,0,2017-2018,0
2066,Jeff Withey,C,27.0,9,4.4,9.1,21.8,0.106,2,0.5,6,0.667,10,0.2,0.444,1.7,1.1,14.1,0.0,0.0,0.0,0.33,0.0,0,2017-2018,0
2067,Jerami Grant,SF,23.0,81,20.3,42.4,16.0,0.088,240,0.675,346,0.613,110,0.291,0.607,8.4,3.9,10.7,0.7,5.1,0.38,0.95,5.6,0,2017-2018,0
2068,Jeremy Evans,SF,30.0,1,5.4,11.3,16.2,0.5,0,0.0,1,1.0,0,0.0,1.0,2.0,1.0,10.3,0.0,0.0,0.0,0.0,0.0,0,2017-2018,0
2069,Jeremy Lamb,SG,25.0,80,24.6,51.2,22.4,0.091,208,0.861,578,0.495,254,0.37,0.559,12.9,4.1,8.9,2.3,15.4,0.76,0.4,8.1,0,2017-2018,0
2070,Jeremy Lin,PG,29.0,1,25.2,52.5,31.1,0.166,7,1.0,10,0.4,2,0.5,0.597,18.0,0.0,0.0,4.0,26.8,0.0,0.0,0.0,0,2017-2018,0
2071,Jerian Grant,PG,25.0,74,22.8,47.5,17.4,0.132,188,0.745,316,0.468,187,0.326,0.528,8.4,2.3,5.5,4.6,30.1,0.85,0.11,7.8,0,2017-2018,0
2072,Jerryd Bayless,PG,29.0,39,23.7,49.4,15.1,0.141,44,0.795,116,0.474,146,0.37,0.546,7.9,2.1,4.7,1.4,8.0,0.59,0.15,4.8,0,2017-2018,0
2073,Jimmy Butler,SF,28.0,59,36.7,76.4,24.9,0.089,425,0.854,721,0.509,200,0.35,0.59,22.2,5.3,8.4,4.9,20.6,1.97,0.41,9.1,1,2017-2018,1
2074,JJ Redick,SG,33.0,70,30.2,63.0,21.7,0.096,218,0.904,419,0.504,460,0.42,0.614,17.1,2.6,4.6,3.0,15.1,0.5,0.09,6.8,0,2017-2018,0
2075,Joakim Noah,C,32.0,7,5.7,11.9,17.2,0.254,4,0.5,10,0.5,0,0.0,0.51,1.7,2.0,19.4,0.6,13.9,0.29,0.29,8.9,0,2017-2018,0
2076,Jodie Meeks,SG,30.0,77,14.5,30.3,19.0,0.077,117,0.863,183,0.464,210,0.343,0.548,6.3,1.6,6.4,0.9,9.1,0.38,0.05,5.8,0,2017-2018,0
2077,Joe Harris,SG,26.0,78,25.3,52.7,16.6,0.12,104,0.827,263,0.589,358,0.419,0.634,10.8,3.3,7.0,1.6,10.2,0.44,0.26,6.1,0,2017-2018,0
2078,Joe Ingles,SF,30.0,82,31.4,65.5,15.9,0.174,83,0.795,254,0.516,464,0.44,0.623,11.5,4.2,7.6,4.8,22.9,1.1,0.24,7.8,0,2017-2018,0
2079,Joe Johnson,SF,36.0,55,21.9,45.6,15.9,0.114,45,0.883,215,0.49,145,0.276,0.489,6.8,3.1,8.1,1.5,10.2,0.33,0.13,5.8,0,2017-2018,0
2080,Joe Young,PG,25.0,53,10.5,21.9,18.0,0.116,29,0.759,120,0.458,66,0.379,0.521,3.9,1.2,6.4,0.7,9.9,0.26,0.02,5.7,0,2017-2018,0
2081,Joel Bolomboy,PF,24.0,6,6.3,13.1,12.7,0.188,6,0.5,5,0.6,1,0.0,0.521,1.5,1.7,15.5,0.0,0.0,0.33,0.0,0.0,0,2017-2018,0
2082,Joel Embiid,C,23.0,63,30.3,63.2,33.4,0.156,467,0.769,842,0.527,214,0.308,0.573,22.9,10.9,19.4,3.2,18.0,0.63,1.78,12.2,1,2017-2018,0
2083,Joffrey Lauvergne,C,26.0,55,9.7,20.2,20.4,0.135,47,0.638,185,0.53,5,0.0,0.536,4.1,3.1,17.8,0.7,12.2,0.16,0.05,8.5,0,2017-2018,0
2084,John Collins,PF,20.0,74,24.1,50.2,17.9,0.143,186,0.715,498,0.598,47,0.34,0.62,10.5,7.3,16.9,1.3,8.9,0.64,1.08,7.7,0,2017-2018,0
2085,John Henson,C,27.0,76,25.9,54.0,15.0,0.128,158,0.57,495,0.578,7,0.143,0.582,8.8,6.8,15.3,1.5,8.6,0.59,1.43,6.9,0,2017-2018,0
2086,John Holland,SG,29.0,24,7.3,15.1,18.4,0.11,13,0.692,23,0.261,36,0.306,0.417,2.3,1.0,7.4,0.2,3.9,0.29,0.08,4.2,0,2017-2018,0
2087,John Wall,PG,27.0,41,34.4,71.6,29.1,0.17,241,0.726,500,0.436,167,0.371,0.515,19.4,3.7,6.0,9.6,44.5,1.39,1.1,10.3,0,2017-2018,1
2088,Johnathan Motley,PF,22.0,11,16.0,33.3,24.9,0.093,28,0.536,69,0.565,6,0.167,0.55,8.7,4.5,15.5,0.6,7.1,0.27,0.18,7.2,0,2017-2018,0
2089,Johnny O'Bryant III,PF,24.0,36,10.5,21.9,22.5,0.076,25,0.84,128,0.422,43,0.326,0.47,4.8,2.6,13.4,0.4,5.9,0.22,0.17,6.5,0,2017-2018,0
2090,Jon Leuer,PF,28.0,8,17.1,35.5,16.1,0.141,15,0.867,33,0.455,3,0.0,0.505,5.4,4.0,12.9,0.6,5.2,0.13,0.38,5.5,0,2017-2018,0
2091,Jonas Jerebko,PF,30.0,74,15.3,31.9,15.6,0.069,57,0.807,184,0.511,157,0.414,0.586,5.8,3.3,12.3,0.6,5.7,0.32,0.16,5.9,0,2017-2018,0
2092,Jonas Valanciunas,C,25.0,77,22.4,46.7,22.7,0.127,211,0.806,614,0.586,74,0.405,0.628,12.7,8.6,21.4,1.1,7.5,0.38,0.9,8.8,0,2017-2018,0
2093,Jonathan Gibson,PG,30.0,4,10.0,20.8,29.1,0.115,0,0.0,11,0.727,12,0.5,0.739,8.5,0.8,4.1,1.0,22.7,0.0,0.0,7.6,0,2017-2018,0
2094,Jonathan Isaac,SF,20.0,27,19.8,41.3,15.0,0.148,25,0.76,99,0.394,46,0.348,0.465,5.4,3.7,10.2,0.7,4.8,1.22,1.11,4.9,0,2017-2018,0
2095,Jonathon Simmons,SG,28.0,69,29.4,61.3,22.0,0.144,241,0.768,557,0.512,204,0.338,0.555,13.9,3.5,6.5,2.5,13.3,0.84,0.23,6.7,0,2017-2018,0
2096,Jordan Bell,PF,23.0,57,14.2,29.6,13.9,0.2,44,0.682,181,0.641,4,0.0,0.641,4.6,3.6,14.3,1.8,16.9,0.61,0.98,8.7,0,2017-2018,0
2097,Jordan Clarkson,SG,25.0,81,23.3,48.6,26.5,0.107,190,0.8,636,0.498,318,0.353,0.543,13.8,2.7,6.1,2.7,19.2,0.72,0.08,7.9,0,2017-2018,0
2098,Jordan Crawford,SG,29.0,5,10.7,22.2,26.3,0.154,1,1.0,13,0.308,14,0.571,0.601,6.6,0.8,4.1,2.6,37.4,0.2,0.2,9.0,0,2017-2018,0
2099,Jordan Mickey,PF,23.0,23,12.4,25.7,17.1,0.166,19,0.684,66,0.561,16,0.125,0.515,4.0,3.6,16.2,0.4,4.8,0.26,0.43,5.8,0,2017-2018,0
2100,Jose Calderon,PG,36.0,57,16.0,33.4,11.6,0.171,30,0.8,88,0.545,97,0.464,0.643,4.5,1.5,5.2,2.1,17.4,0.47,0.04,6.1,0,2017-2018,0
2101,Josh Gray,F,24.0,5,17.3,36.0,25.9,0.132,11,0.636,28,0.286,13,0.231,0.349,6.4,2.0,6.2,2.4,20.6,1.6,0.4,7.2,0,2017-2018,0
2102,Josh Hart,SG,22.0,63,23.2,48.3,13.5,0.101,94,0.702,178,0.551,197,0.396,0.596,7.9,4.2,9.6,1.3,7.6,0.73,0.25,6.0,0,2017-2018,0
2103,Josh Huestis,SF,26.0,69,14.2,29.6,9.5,0.12,20,0.3,67,0.403,115,0.287,0.417,2.3,2.3,9.1,0.3,2.7,0.22,0.62,3.3,0,2017-2018,0
2104,Josh Jackson,SF,20.0,77,25.4,53.0,26.0,0.122,279,0.634,715,0.464,217,0.263,0.48,13.1,4.6,9.6,1.5,10.1,1.04,0.45,7.1,0,2017-2018,0
2105,Josh Magette,PG,28.0,18,12.0,25.0,11.8,0.154,8,1.0,24,0.292,22,0.364,0.464,2.6,1.1,4.9,3.2,36.4,0.44,0.06,7.0,0,2017-2018,0
2106,Josh McRoberts,PF,30.0,2,2.9,6.0,7.8,0.0,0,0.0,0,0.0,1,0.0,0.0,0.0,0.0,0.0,0.0,0.0,0.0,0.0,0.0,0,2017-2018,0
2107,Josh Richardson,SG,24.0,81,33.2,69.2,18.1,0.129,142,0.845,549,0.495,336,0.378,0.551,12.9,3.5,6.0,2.8,13.1,1.49,0.91,6.0,0,2017-2018,0
2108,Josh Smith,PF,32.0,3,3.9,8.2,14.7,0.0,0,0.0,4,0.25,0,0.0,0.25,0.7,1.3,18.4,0.0,0.0,0.0,0.0,0.0,0,2017-2018,0
2109,JR Smith,SG,32.0,80,28.1,58.4,13.8,0.116,56,0.696,214,0.453,381,0.375,0.534,8.3,2.9,5.9,1.8,8.6,0.85,0.14,5.0,0,2017-2018,0
2110,Jrue Holiday,PG,27.0,81,36.1,75.3,23.1,0.137,238,0.786,887,0.558,356,0.337,0.57,19.0,4.5,6.8,6.0,24.9,1.52,0.79,8.9,0,2017-2018,0
2111,Juancho Hernangomez,PF,22.0,25,11.1,23.1,14.0,0.101,12,0.833,25,0.6,50,0.28,0.511,3.3,2.2,11.0,0.5,5.9,0.24,0.12,5.5,0,2017-2018,0
2112,Julius Randle,PF,23.0,82,26.7,55.7,25.3,0.163,425,0.718,859,0.575,45,0.222,0.606,16.1,8.0,15.9,2.6,15.8,0.52,0.55,10.4,0,2017-2018,0
2113,Julyan Stone,PG,29.0,23,7.6,15.8,5.2,0.335,2,0.5,0,0.0,13,0.462,0.684,0.8,1.3,9.0,1.1,19.2,0.17,0.09,5.5,0,2017-2018,0
2114,Justin Anderson,SF,24.0,38,13.7,28.4,19.3,0.068,38,0.737,99,0.535,103,0.33,0.54,6.2,2.4,9.5,0.7,7.1,0.39,0.21,6.4,0,2017-2018,0
2115,Justin Holiday,SG,28.0,72,31.5,65.5,18.2,0.098,164,0.823,333,0.387,449,0.359,0.513,12.2,4.0,6.9,2.1,10.1,1.11,0.43,5.9,0,2017-2018,0
2116,Justin Jackson,SF,22.0,68,22.2,46.1,14.2,0.084,36,0.722,234,0.547,185,0.308,0.521,6.7,2.8,7.1,1.1,7.2,0.41,0.19,4.9,0,2017-2018,0
2117,Justin Patton,C,20.0,1,3.7,7.7,23.9,0.0,0,0.0,2,0.5,0,0.0,0.5,2.0,0.0,0.0,0.0,0.0,1.0,0.0,0.0,0,2017-2018,0
2118,Justise Winslow,SF,21.0,68,24.7,51.5,16.3,0.126,104,0.635,359,0.44,129,0.38,0.496,7.8,5.4,12.4,2.2,13.0,0.79,0.49,7.3,0,2017-2018,0
2119,Jusuf Nurkic,C,23.0,79,26.4,55.1,26.4,0.146,273,0.63,944,0.508,7,0.0,0.528,14.3,9.0,18.5,1.8,11.7,0.81,1.39,9.3,0,2017-2018,0
2120,Kadeem Allen,SG,25.0,18,6.0,12.4,14.6,0.257,9,0.778,11,0.545,11,0.0,0.366,1.1,0.6,5.6,0.7,15.2,0.17,0.11,5.2,0,2017-2018,0
2121,Karl-Anthony Towns,C,22.0,82,35.6,74.1,22.9,0.105,402,0.858,887,0.585,285,0.421,0.646,21.3,12.4,20.0,2.4,10.8,0.78,1.41,9.7,1,2017-2018,0
2122,Kawhi Leonard,SF,26.0,9,23.3,48.6,30.6,0.111,38,0.816,76,0.539,35,0.314,0.572,16.2,4.7,11.1,2.3,17.7,2.0,1.0,9.6,0,2017-2018,1
2123,Kay Felder,PG,22.0,16,8.8,18.1,29.4,0.177,12,0.802,51,0.333,19,0.194,0.369,3.5,1.1,9.8,1.2,20.1,0.18,0.06,6.4,0,2017-2018,0
2124,Kelly Olynyk,C,26.0,76,23.4,48.8,21.7,0.171,174,0.77,356,0.59,280,0.379,0.612,11.5,5.7,13.6,2.7,18.6,0.82,0.46,9.6,0,2017-2018,0
2125,Kelly Oubre Jr.,SF,22.0,81,27.5,57.4,19.4,0.092,233,0.82,421,0.456,369,0.341,0.534,11.8,4.5,9.2,1.2,6.4,0.99,0.43,5.8,0,2017-2018,0
2126,Kemba Walker,PG,27.0,80,34.2,71.2,27.4,0.104,420,0.864,762,0.469,601,0.384,0.572,22.1,3.1,4.9,5.6,27.4,1.14,0.3,8.5,0,2017-2018,0
2127,Kendrick Perkins,C,33.0,1,14.5,30.2,11.8,0.258,2,0.5,2,0.5,0,0.0,0.521,3.0,1.0,3.9,2.0,17.9,1.0,0.0,5.0,0,2017-2018,0
2128,Kenneth Faried,PF,28.0,32,14.4,30.0,18.3,0.119,51,0.706,147,0.517,1,0.0,0.552,5.9,4.8,18.7,0.6,5.8,0.38,0.41,7.1,0,2017-2018,0
2129,Kent Bazemore,SF,28.0,65,27.5,57.3,22.5,0.17,201,0.796,402,0.438,274,0.394,0.547,12.9,3.8,7.7,3.5,20.1,1.54,0.69,8.1,0,2017-2018,0
2130,Kentavious Caldwell-Pope,SG,24.0,74,33.2,69.2,16.9,0.1,194,0.789,383,0.473,414,0.384,0.562,13.4,5.2,8.4,2.2,9.5,1.45,0.22,6.4,0,2017-2018,0
2131,Kevin Durant,SF,29.0,68,34.2,71.2,30.4,0.129,404,0.889,809,0.565,413,0.419,0.64,26.4,6.8,11.2,5.4,25.5,0.74,1.75,11.6,1,2017-2018,1
2132,Kevin Love,PF,29.0,59,28.0,58.3,25.1,0.096,265,0.879,399,0.494,330,0.415,0.614,17.6,9.3,18.5,1.7,9.8,0.73,0.41,9.3,0,2017-2018,0
2133,Kevon Looney,PF,21.0,66,13.8,28.7,12.4,0.121,77,0.545,187,0.594,5,0.2,0.591,4.0,3.3,13.2,0.6,6.0,0.5,0.83,5.8,0,2017-2018,0
2134,Khem Birch,C,25.0,42,13.8,28.7,13.2,0.121,61,0.689,126,0.54,0,0.0,0.582,4.2,4.3,17.1,0.8,8.5,0.36,0.5,7.1,0,2017-2018,0
2135,Khris Middleton,PF,26.0,82,36.4,75.8,24.6,0.118,362,0.884,865,0.517,407,0.359,0.577,20.1,5.2,8.4,4.0,17.7,1.45,0.26,8.2,0,2017-2018,0
2136,Klay Thompson,SG,27.0,73,34.3,71.5,23.7,0.095,98,0.837,658,0.526,520,0.44,0.598,20.0,3.8,6.2,2.5,11.2,0.75,0.48,6.7,0,2017-2018,0
2137,Kobi Simmons,PG,20.0,32,20.1,41.9,17.0,0.18,25,1.0,150,0.46,39,0.282,0.49,6.1,1.6,4.5,2.1,16.5,0.56,0.16,5.4,0,2017-2018,0
2138,Kosta Koufos,C,28.0,71,19.6,40.8,15.2,0.104,74,0.446,389,0.571,0,0.0,0.566,6.7,6.6,19.3,1.2,9.7,0.66,0.45,7.7,0,2017-2018,0
2139,Kris Dunn,PG,23.0,52,29.3,61.1,24.7,0.173,115,0.73,532,0.457,134,0.321,0.488,13.4,4.3,7.8,6.0,33.3,2.0,0.52,9.6,0,2017-2018,0
2140,Kristaps Porzingis,PF,22.0,48,32.4,67.4,31.0,0.084,275,0.793,661,0.454,228,0.395,0.539,22.7,6.6,11.3,1.2,6.2,0.75,2.4,7.0,0,2017-2018,0
2141,Kyle Anderson,SG,24.0,74,26.7,55.7,13.5,0.158,146,0.712,381,0.556,57,0.333,0.582,7.9,5.4,11.1,2.7,14.7,1.55,0.82,7.3,0,2017-2018,0
2142,Kyle Collinsworth,PG,26.0,32,15.0,31.2,13.3,0.171,40,0.525,82,0.415,17,0.235,0.433,3.2,3.3,12.4,1.8,16.4,0.53,0.28,7.1,0,2017-2018,0
2143,Kyle Korver,SG,36.0,73,21.6,44.9,16.0,0.096,72,0.889,108,0.537,376,0.436,0.652,9.2,2.3,5.9,1.2,8.0,0.42,0.37,5.4,0,2017-2018,0
2144,Kyle Kuzma,PF,22.0,77,31.2,65.0,22.5,0.11,208,0.707,605,0.511,434,0.366,0.549,16.1,6.3,10.7,1.8,9.1,0.64,0.44,7.3,0,2017-2018,0
2145,Kyle Lowry,PG,31.0,78,32.2,67.0,21.7,0.147,261,0.854,348,0.474,596,0.399,0.598,16.2,5.6,9.7,6.9,30.9,1.09,0.24,10.6,0,2017-2018,0
2146,Kyle O'Quinn,PF,27.0,77,18.0,37.5,17.0,0.186,127,0.772,366,0.601,17,0.235,0.627,7.1,6.1,18.8,2.1,16.8,0.45,1.27,10.0,0,2017-2018,0
2147,Kyle Singler,SF,29.0,12,4.9,10.2,21.7,0.101,13,0.538,16,0.313,5,0.4,0.43,1.9,0.8,9.4,0.2,4.8,0.08,0.0,5.5,0,2017-2018,0
2148,Kyrie Irving,PG,25.0,60,32.2,67.1,31.0,0.104,261,0.889,680,0.541,407,0.408,0.61,24.4,3.8,6.4,5.1,30.7,1.08,0.28,9.7,0,2017-2018,0
2149,LaMarcus Aldridge,PF,32.0,75,33.4,69.7,29.1,0.068,399,0.837,1255,0.526,92,0.293,0.57,23.1,8.5,14.0,2.0,11.3,0.57,1.2,8.8,1,2017-2018,0
2150,Lance Stephenson,SG,27.0,82,22.6,47.0,21.6,0.147,127,0.661,477,0.495,232,0.289,0.495,9.2,5.2,12.9,2.9,18.6,0.59,0.2,9.2,0,2017-2018,0
2151,Lance Thomas,PF,29.0,73,18.5,38.6,10.7,0.121,53,0.83,143,0.364,124,0.403,0.513,4.1,2.4,7.2,0.6,4.2,0.41,0.19,3.9,0,2017-2018,0
2152,Langston Galloway,PG,26.0,58,14.9,31.0,19.3,0.048,41,0.805,122,0.418,218,0.344,0.503,6.2,1.6,5.9,1.0,10.1,0.6,0.09,5.8,0,2017-2018,0
2153,Larry Drew II,PG,27.0,10,7.0,14.6,17.4,0.111,0,0.0,15,0.266,9,0.35,0.352,1.7,0.3,2.5,1.0,18.4,0.0,0.0,4.4,0,2017-2018,0
2154,Larry Nance Jr.,PF,25.0,66,21.5,44.8,15.9,0.097,137,0.664,401,0.594,12,0.205,0.606,8.7,6.9,17.3,1.3,8.6,1.33,0.58,7.8,0,2017-2018,0
2155,Lauri Markkanen,PF,20.0,68,29.7,61.9,21.9,0.082,166,0.843,461,0.497,401,0.362,0.552,15.2,7.5,13.5,1.2,6.4,0.57,0.59,6.9,0,2017-2018,0
2156,LeBron James,SF,33.0,82,36.9,76.9,31.6,0.161,531,0.731,1174,0.603,406,0.367,0.621,27.5,8.7,13.2,9.1,44.4,1.41,0.87,14.0,1,2017-2018,1
2157,London Perrantes,PG,23.0,14,4.7,9.8,10.9,0.062,5,0.6,10,0.2,3,0.0,0.23,0.5,0.3,3.4,0.4,9.4,0.14,0.07,3.3,0,2017-2018,0
2158,Lonzo Ball,PG,20.0,52,34.2,71.3,17.4,0.186,71,0.451,269,0.42,295,0.305,0.444,10.2,6.9,10.8,7.2,29.2,1.67,0.83,9.3,0,2017-2018,0
2159,Lorenzo Brown,G,27.0,14,9.9,20.6,12.0,0.079,2,1.0,22,0.545,12,0.167,0.459,2.3,1.1,6.1,0.9,12.5,0.36,0.0,5.3,0,2017-2018,0
2160,Lou Williams,SG,31.0,79,32.8,68.3,29.8,0.131,491,0.88,819,0.484,518,0.359,0.574,22.6,2.5,4.2,5.3,26.3,1.08,0.24,8.2,0,2017-2018,0
2161,Luc Mbah a Moute,PF,31.0,61,25.6,53.4,12.8,0.15,95,0.684,172,0.599,173,0.364,0.595,7.5,3.0,6.7,0.9,5.0,1.18,0.41,4.3,0,2017-2018,0
2162,Lucas Nogueira,C,25.0,49,8.5,17.8,11.4,0.148,28,0.679,61,0.721,19,0.263,0.661,2.5,1.8,11.7,0.4,7.2,0.47,0.88,5.7,0,2017-2018,0
2163,Luis Montero,SG,24.0,2,4.0,8.3,16.6,0.667,0,0.0,1,0.0,0,0.0,0.0,0.0,1.0,13.8,0.0,0.0,0.0,0.0,0.0,0,2017-2018,0
2164,Luke Babbitt,SF,28.0,50,14.3,29.8,15.1,0.078,22,0.572,59,0.403,156,0.39,0.562,5.2,1.9,7.4,0.6,6.4,0.16,0.14,5.1,0,2017-2018,0
2165,Luke Kennard,SG,21.0,73,20.0,41.7,17.2,0.122,76,0.855,270,0.463,195,0.415,0.56,7.6,2.4,6.6,1.7,12.7,0.6,0.18,6.3,0,2017-2018,0
2166,Luke Kornet,PF,22.0,20,16.3,34.0,19.0,0.085,11,0.727,46,0.457,79,0.354,0.516,6.7,3.2,10.9,1.3,11.5,0.25,0.8,7.4,0,2017-2018,0
2167,Luol Deng,SF,32.0,1,13.1,27.3,9.7,0.333,0,0.0,2,0.5,0,0.0,0.5,2.0,0.0,0.0,1.0,10.0,1.0,0.0,0.0,0,2017-2018,0
2168,Malachi Richardson,SG,22.0,26,12.4,26.0,15.3,0.089,22,0.743,50,0.372,40,0.296,0.447,3.4,1.3,6.1,0.5,5.5,0.38,0.04,3.9,0,2017-2018,0
2169,Malcolm Brogdon,SG,25.0,48,29.9,62.3,19.1,0.109,85,0.882,342,0.532,161,0.385,0.578,13.0,3.3,6.4,3.2,16.3,0.85,0.27,6.9,0,2017-2018,0
2170,Malcolm Delaney,PG,28.0,54,18.8,39.1,16.9,0.169,92,0.804,161,0.391,124,0.371,0.519,6.3,1.9,5.5,3.0,23.4,0.65,0.11,7.0,0,2017-2018,0
2171,Malcolm Miller,SF,24.0,15,8.4,17.5,12.1,0.144,4,1.0,7,0.714,21,0.381,0.638,2.5,1.1,7.1,0.2,3.2,0.07,0.13,3.9,0,2017-2018,0
2172,Malik Beasley,SG,21.0,62,9.4,19.6,16.2,0.111,33,0.667,96,0.469,82,0.341,0.509,3.2,1.1,6.9,0.5,7.4,0.24,0.11,5.1,0,2017-2018,0
2173,Malik Monk,SG,19.0,63,13.6,28.2,24.9,0.098,38,0.842,182,0.385,243,0.342,0.477,6.7,1.0,4.2,1.4,16.9,0.32,0.14,6.2,0,2017-2018,0
2174,Mangok Mathiang,PF,25.0,4,5.0,10.3,16.3,0.0,1,0.0,7,0.571,0,0.0,0.538,2.0,2.5,27.3,0.0,0.0,0.25,0.0,0.0,0,2017-2018,0
2175,Manu Ginobili,SG,40.0,65,20.0,41.6,21.5,0.168,131,0.84,271,0.506,192,0.333,0.553,8.9,2.2,6.1,2.5,19.1,0.66,0.25,7.3,0,2017-2018,0
2176,Marc Gasol,C,33.0,73,33.0,68.7,25.7,0.142,337,0.834,713,0.456,320,0.341,0.532,17.2,8.1,14.2,4.2,21.7,0.74,1.4,10.1,0,2017-2018,0
2177,Marcin Gortat,C,33.0,82,25.3,52.7,15.5,0.135,163,0.675,560,0.518,0,0.0,0.546,8.4,7.6,17.0,1.8,10.6,0.49,0.74,7.7,0,2017-2018,0
2178,Marco Belinelli,SG,31.0,80,24.4,50.7,20.7,0.101,163,0.907,369,0.509,395,0.377,0.58,12.2,1.9,4.3,1.9,12.0,0.81,0.15,5.8,0,2017-2018,0
2179,Marcus Georges-Hunt,SG,23.0,42,5.3,11.1,12.1,0.049,21,0.619,34,0.5,15,0.267,0.507,1.4,0.4,4.1,0.2,4.1,0.14,0.0,3.6,0,2017-2018,0
2180,Marcus Morris,SF,28.0,54,26.7,55.6,23.0,0.087,154,0.805,377,0.467,234,0.368,0.541,13.6,5.4,11.0,1.3,8.2,0.65,0.22,6.8,0,2017-2018,0
2181,Marcus Paige,PG,24.0,5,5.6,11.7,23.0,0.0,2,1.0,6,0.333,8,0.25,0.403,2.4,0.8,7.7,0.6,16.1,0.0,0.0,7.5,0,2017-2018,0
2182,Marcus Smart,PG,23.0,54,29.9,62.3,19.4,0.184,133,0.729,266,0.429,249,0.301,0.479,10.2,3.5,6.4,4.8,23.7,1.31,0.43,7.4,0,2017-2018,0
2183,Mario Chalmers,PG,31.0,66,21.5,44.9,19.6,0.188,138,0.855,252,0.456,191,0.277,0.503,7.7,2.4,6.4,3.0,21.4,1.2,0.21,7.1,0,2017-2018,0
2184,Mario Hezonja,SF,22.0,75,22.1,46.0,19.9,0.115,105,0.819,350,0.523,267,0.337,0.544,9.6,3.7,9.3,1.4,10.0,1.08,0.4,6.7,0,2017-2018,0
2185,Markel Brown,SG,26.0,4,7.9,16.4,12.6,0.222,0,0.0,2,0.5,5,0.2,0.357,1.3,1.3,8.9,0.5,8.6,0.0,0.0,4.8,0,2017-2018,0
2186,Markelle Fultz,PG,19.0,14,18.1,37.6,23.2,0.124,21,0.476,110,0.409,1,0.0,0.416,7.1,3.1,9.4,3.8,31.3,0.79,0.29,9.7,0,2017-2018,0
2187,Markieff Morris,PF,28.0,73,27.0,56.2,19.5,0.146,128,0.82,480,0.529,207,0.367,0.566,11.5,5.6,11.8,1.9,11.0,0.78,0.51,7.4,0,2017-2018,0
2188,Marquese Chriss,PF,20.0,72,21.2,44.2,18.2,0.164,158,0.608,287,0.509,190,0.295,0.509,7.7,5.5,13.8,1.2,8.1,0.71,0.97,7.0,0,2017-2018,0
2189,Marquis Teague,PG,24.0,3,24.6,51.3,12.9,0.142,5,0.4,12,0.25,4,0.25,0.302,3.7,2.0,4.7,4.3,24.8,1.33,0.0,5.2,0,2017-2018,0
2190,Marreese Speights,C,30.0,52,13.0,27.0,26.9,0.097,55,0.727,116,0.448,233,0.369,0.539,7.7,2.6,10.8,0.8,9.8,0.15,0.42,7.8,0,2017-2018,0
2191,Marshall Plumlee,C,25.0,8,6.5,13.5,11.4,0.23,16,0.75,3,0.333,0,0.0,0.697,1.8,2.1,19.2,0.3,4.8,0.0,0.13,6.4,0,2017-2018,0
2192,MarShon Brooks,SG,29.0,7,27.5,57.3,29.9,0.125,23,0.87,70,0.457,32,0.594,0.629,20.1,3.1,6.6,3.6,26.0,1.57,0.43,8.8,0,2017-2018,0
2193,Marvin Williams,PF,31.0,78,25.7,53.6,14.8,0.097,123,0.829,258,0.512,305,0.413,0.603,9.5,4.7,10.0,1.2,7.0,0.72,0.49,5.9,0,2017-2018,0
2194,Mason Plumlee,C,27.0,74,19.5,40.5,16.7,0.189,180,0.456,367,0.602,1,0.0,0.586,7.1,5.4,15.6,1.9,14.4,0.66,1.09,8.6,0,2017-2018,0
2195,Matt Costello,SF,24.0,4,8.1,16.8,6.9,0.2,0,0.0,4,0.5,0,0.0,0.5,1.0,2.3,15.5,0.5,8.3,0.5,0.5,5.2,0,2017-2018,0
2196,Matt Williams Jr.,SG,24.0,3,3.8,7.9,27.6,0.143,0,0.0,1,1.0,5,0.2,0.417,1.7,0.3,4.9,0.0,0.0,0.0,0.0,0.0,0,2017-2018,0
2197,Matthew Dellavedova,PG,27.0,38,18.7,39.0,13.5,0.23,27,0.926,74,0.351,78,0.372,0.5,4.3,1.7,5.3,3.8,27.4,0.37,0.0,6.5,0,2017-2018,0
2198,Maurice Harkless,SF,24.0,59,21.4,44.6,12.6,0.11,59,0.712,179,0.547,118,0.415,0.596,6.5,2.7,7.0,0.9,6.0,0.81,0.73,4.7,0,2017-2018,0
2199,Maxi Kleber,F,26.0,72,16.8,34.9,13.8,0.082,59,0.746,181,0.613,128,0.313,0.576,5.4,3.3,10.8,0.7,6.4,0.36,0.65,5.5,0,2017-2018,0
2200,Meyers Leonard,PF,25.0,33,7.7,16.0,16.1,0.108,11,0.818,52,0.673,26,0.423,0.676,3.4,2.1,15.0,0.5,10.6,0.21,0.0,7.9,0,2017-2018,0
2201,Michael Beasley,SF,29.0,74,22.3,46.5,26.9,0.14,159,0.78,720,0.521,86,0.395,0.557,13.2,5.6,13.9,1.7,12.5,0.49,0.58,9.0,0,2017-2018,0
2202,Michael Carter-Williams,PG,26.0,52,16.1,33.4,16.6,0.162,89,0.82,170,0.365,59,0.237,0.446,4.6,2.7,8.9,2.2,19.4,0.85,0.44,7.5,0,2017-2018,0
2203,Michael Kidd-Gilchrist,SF,24.0,74,25.0,52.1,16.2,0.078,171,0.684,558,0.505,2,0.0,0.536,9.2,4.1,8.8,1.0,5.9,0.69,0.43,5.4,0,2017-2018,0
2204,Mike Conley,PG,30.0,12,31.1,64.8,25.9,0.084,66,0.803,91,0.44,77,0.312,0.52,17.1,2.3,4.2,4.1,22.1,1.0,0.25,7.0,0,2017-2018,0
2205,Mike James,PG,27.0,36,19.1,39.7,25.1,0.119,84,0.677,223,0.421,98,0.238,0.448,9.4,2.5,6.6,3.5,30.6,0.77,0.2,8.9,0,2017-2018,0
2206,Mike Muscala,C,26.0,53,20.0,41.7,15.7,0.11,62,0.919,145,0.559,167,0.371,0.597,7.6,4.3,12.1,1.0,7.3,0.58,0.51,6.4,0,2017-2018,0
2207,Mike Scott,PF,29.0,76,18.5,38.6,20.0,0.124,76,0.658,361,0.582,163,0.405,0.599,8.8,3.3,9.9,1.1,9.0,0.3,0.13,6.9,0,2017-2018,0
2208,Miles Plumlee,C,29.0,55,16.7,34.8,12.8,0.234,60,0.45,180,0.583,0,0.0,0.574,4.3,4.1,13.9,0.8,7.2,0.31,0.55,5.8,0,2017-2018,0
2209,Milos Teodosic,PG,30.0,45,25.2,52.5,18.2,0.203,46,0.848,128,0.492,232,0.379,0.564,9.5,2.8,6.1,4.6,26.2,0.51,0.11,7.9,0,2017-2018,0
2210,Milton Doyle,PG,24.0,10,12.5,25.9,18.3,0.038,8,0.5,24,0.375,23,0.174,0.337,3.4,1.8,7.7,1.0,11.7,0.6,0.2,5.9,0,2017-2018,0
2211,Mindaugas Kuzminskas,SF,28.0,1,1.9,4.0,46.0,0.0,0,0.0,2,0.0,0,0.0,0.0,0.0,0.0,0.0,0.0,0.0,0.0,0.0,0.0,0,2017-2018,0
2212,Mirza Teletovic,PF,32.0,10,15.9,33.2,18.1,0.109,0,0.0,12,0.333,45,0.467,0.623,7.1,2.3,8.5,1.0,9.5,0.4,0.1,6.4,0,2017-2018,0
2213,Monte Morris,PG,22.0,3,8.4,17.6,13.6,0.127,2,1.0,5,0.8,1,0.0,0.727,3.3,0.7,4.5,2.3,40.6,1.0,0.0,8.3,0,2017-2018,0
2214,Montrezl Harrell,PF,24.0,76,17.0,35.4,23.8,0.095,222,0.626,541,0.641,7,0.143,0.647,11.0,4.0,13.0,1.0,10.1,0.47,0.68,8.3,0,2017-2018,0
2215,Myke Henry,SF,25.0,20,18.9,39.4,15.7,0.144,10,0.6,51,0.431,58,0.328,0.472,5.4,1.9,5.8,1.1,8.9,1.55,0.3,4.7,0,2017-2018,0
2216,Myles Turner,C,21.0,65,28.2,58.8,20.0,0.116,206,0.777,482,0.519,157,0.357,0.567,12.7,6.4,12.8,1.3,7.0,0.55,1.83,6.7,0,2017-2018,0
2217,Nate Wolters,PG,26.0,5,3.8,7.8,14.4,0.0,0,0.0,6,0.167,0,0.0,0.167,0.4,0.4,6.0,0.2,7.2,0.0,0.0,3.3,0,2017-2018,0
2218,Naz Mitrou-Long,PG,24.0,1,0.5,1.0,90.0,0.0,0,0.0,0,0.0,1,1.0,1.5,3.0,0.0,0.0,0.0,0.0,0.0,0.0,0.0,0,2017-2018,0
2219,Nemanja Bjelica,PF,29.0,67,20.5,42.6,14.3,0.117,45,0.8,188,0.505,183,0.415,0.581,6.8,4.1,11.5,1.3,8.7,0.75,0.24,6.5,0,2017-2018,0
2220,Nene,C,35.0,52,14.6,30.4,18.9,0.117,107,0.636,237,0.574,2,0.0,0.594,6.5,3.4,13.2,0.9,9.5,0.54,0.27,7.4,0,2017-2018,0
2221,Nerlens Noel,PF,23.0,30,15.7,32.8,13.8,0.181,28,0.75,104,0.529,1,0.0,0.558,4.4,5.6,19.8,0.7,6.3,1.03,0.73,6.6,0,2017-2018,0
2222,Nick Collison,PF,37.0,15,5.0,10.4,18.2,0.221,13,0.385,19,0.684,0,0.0,0.627,2.1,1.3,14.8,0.3,8.2,0.0,0.0,7.5,0,2017-2018,0
2223,Nick Young,SG,32.0,80,17.4,36.3,17.6,0.072,65,0.862,162,0.481,326,0.377,0.562,7.3,1.6,5.0,0.5,3.5,0.48,0.09,4.1,0,2017-2018,0
2224,Nicolas Batum,SG,29.0,64,31.0,64.5,18.3,0.156,130,0.831,376,0.473,274,0.336,0.523,11.6,4.8,8.4,5.5,26.2,1.02,0.36,8.7,0,2017-2018,0
2225,Nicolas Brussino,SF,24.0,4,2.5,5.2,8.8,0.0,0,0.0,0,0.0,2,0.0,0.0,0.0,0.8,16.9,0.0,0.0,0.0,0.0,0.0,0,2017-2018,0
2226,Nigel Hayes,SF,23.0,9,13.6,28.3,14.8,0.093,3,0.222,17,0.431,16,0.315,0.604,3.0,2.4,6.6,0.7,8.5,0.22,0.33,2.4,0,2017-2018,0
2227,Nik Stauskas,SG,24.0,41,12.8,26.6,15.4,0.168,29,0.747,54,0.367,100,0.345,0.527,4.5,1.6,6.2,1.0,10.6,0.22,0.09,5.6,0,2017-2018,0
2228,Nikola Jokic,PF,22.0,75,32.6,67.9,24.2,0.154,313,0.85,729,0.539,280,0.396,0.604,18.5,10.7,18.5,6.1,29.6,1.2,0.81,13.1,0,2017-2018,0
2229,Nikola Mirotic,PF,26.0,55,27.2,56.6,23.6,0.078,137,0.816,325,0.526,358,0.378,0.578,15.6,7.4,14.6,1.5,8.7,0.8,0.71,8.2,0,2017-2018,0
2230,Nikola Vucevic,C,27.0,57,29.5,61.5,25.9,0.111,94,0.819,636,0.527,204,0.314,0.533,16.5,9.2,17.1,3.4,19.9,0.98,1.11,10.9,0,2017-2018,0
2231,Noah Vonleh,PG,22.0,54,16.2,33.8,14.1,0.111,58,0.641,168,0.5,66,0.32,0.52,4.9,5.8,19.2,0.6,5.4,0.35,0.31,6.3,0,2017-2018,0
2232,Norman Powell,SG,24.0,70,15.2,31.6,18.9,0.144,39,0.821,188,0.516,186,0.285,0.492,5.5,1.7,6.3,1.3,11.8,0.53,0.23,6.1,0,2017-2018,0
2233,OG Anunoby,SF,20.0,74,20.0,41.7,12.4,0.108,62,0.629,149,0.604,197,0.371,0.587,5.9,2.5,7.0,0.7,5.0,0.7,0.19,4.4,0,2017-2018,0
2234,Okaro White,PF,25.0,6,13.3,27.6,10.3,0.055,3,0.667,5,0.6,11,0.364,0.577,3.3,1.8,7.8,0.3,3.5,0.17,0.17,3.6,0,2017-2018,0
2235,Omari Johnson,F,28.0,4,18.8,39.1,14.3,0.125,0,0.0,9,0.556,12,0.333,0.524,5.5,2.8,8.5,1.8,14.5,0.5,0.0,6.4,0,2017-2018,0
2236,Omer Asik,C,31.0,18,10.1,21.1,9.0,0.233,13,0.259,22,0.415,0,0.0,0.398,1.2,2.6,14.8,0.1,2.0,0.11,0.22,3.0,0,2017-2018,0
2237,Omri Casspi,SF,29.0,53,14.0,29.2,16.3,0.135,69,0.725,185,0.595,22,0.455,0.632,5.7,3.8,15.1,1.0,9.5,0.34,0.36,8.0,0,2017-2018,0
2238,Otto Porter Jr.,SF,24.0,77,31.6,65.8,18.4,0.074,128,0.828,572,0.537,313,0.441,0.602,14.7,6.4,11.5,2.0,10.1,1.51,0.53,7.3,0,2017-2018,0
2239,Pascal Siakam,PF,23.0,81,20.7,43.2,15.7,0.111,87,0.621,366,0.612,132,0.22,0.549,7.3,4.5,12.1,2.0,13.5,0.77,0.52,7.8,0,2017-2018,0
2240,Pat Connaughton,SG,25.0,82,18.1,37.8,13.4,0.095,44,0.841,180,0.506,210,0.352,0.539,5.4,2.0,5.9,1.1,8.7,0.28,0.27,5.0,0,2017-2018,0
2241,Patrick Beverley,SG,29.0,11,30.3,63.2,19.6,0.165,17,0.824,59,0.407,60,0.4,0.53,12.2,4.1,7.4,2.9,13.8,1.64,0.45,6.9,0,2017-2018,0
2242,Patrick McCaw,SG,22.0,57,16.9,35.1,12.8,0.146,34,0.765,145,0.503,80,0.238,0.477,4.0,1.4,4.8,1.4,10.6,0.75,0.18,4.7,0,2017-2018,0
2243,Patrick Patterson,PF,28.0,82,15.5,32.3,10.8,0.103,46,0.87,95,0.421,171,0.386,0.555,3.9,2.3,8.4,0.7,6.1,0.59,0.28,4.8,0,2017-2018,0
2244,Patty Mills,PG,29.0,82,25.7,53.5,17.8,0.126,118,0.89,268,0.47,414,0.372,0.558,10.0,1.9,4.1,2.8,16.0,0.67,0.13,5.9,0,2017-2018,0
2245,Pau Gasol,C,37.0,77,23.5,49.0,20.4,0.131,209,0.756,507,0.481,120,0.358,0.539,10.1,8.0,19.0,3.1,20.1,0.31,1.03,10.7,0,2017-2018,0
2246,Paul George,SF,27.0,79,36.6,76.2,25.7,0.122,412,0.82,731,0.454,608,0.401,0.57,21.9,5.7,8.6,3.3,14.5,2.04,0.49,8.1,1,2017-2018,0
2247,Paul Millsap,PF,32.0,38,29.5,61.6,22.5,0.126,161,0.696,323,0.505,113,0.345,0.548,14.6,6.4,12.3,2.8,14.2,1.03,1.16,8.7,0,2017-2018,0
2248,Paul Zipser,SF,23.0,54,15.3,31.8,15.2,0.149,26,0.731,124,0.355,110,0.336,0.444,4.0,2.4,8.5,0.9,8.0,0.37,0.28,5.4,0,2017-2018,0
2249,PJ Dozier,PG,21.0,2,1.6,3.3,40.2,0.333,0,0.0,2,0.5,0,0.0,0.5,1.0,0.5,17.3,0.0,0.0,0.0,0.0,0.0,0,2017-2018,0
2250,PJ Tucker,SF,32.0,82,27.8,58.0,10.5,0.137,60,0.717,131,0.435,310,0.371,0.537,6.1,5.6,11.3,0.9,4.6,0.94,0.32,4.5,0,2017-2018,0
2251,Quincy Acy,PF,27.0,70,19.4,40.5,14.4,0.133,60,0.817,73,0.384,292,0.349,0.525,5.9,3.7,10.0,0.8,6.0,0.47,0.41,5.3,0,2017-2018,0
2252,Quincy Pondexter,SG,29.0,23,8.5,17.7,15.0,0.163,17,0.824,27,0.407,22,0.136,0.398,2.0,1.2,7.4,0.4,6.3,0.35,0.09,4.6,0,2017-2018,0
2253,Quinn Cook,PG,24.0,33,22.4,46.7,17.5,0.108,25,0.88,148,0.514,104,0.442,0.593,9.5,2.5,6.2,2.7,16.6,0.36,0.03,7.1,0,2017-2018,0
2254,Rajon Rondo,PG,31.0,65,26.2,54.6,16.9,0.226,46,0.543,344,0.526,150,0.333,0.522,8.3,4.0,8.4,8.2,42.2,1.08,0.15,9.9,0,2017-2018,0
2255,Ramon Sessions,PG,31.0,28,14.0,29.2,19.3,0.181,57,0.78,90,0.378,26,0.299,0.476,4.9,1.3,5.5,2.7,26.8,0.5,0.07,7.4,0,2017-2018,0
2256,Rashad Vaughn,SG,21.0,28,7.6,15.8,13.4,0.101,6,0.524,19,0.464,37,0.381,0.515,2.3,0.8,5.6,0.4,8.9,0.18,0.11,4.1,0,2017-2018,0
2257,Raul Neto,PG,25.0,41,12.2,25.3,18.3,0.178,35,0.743,104,0.481,47,0.404,0.55,4.5,1.2,5.6,1.8,22.9,0.32,0.1,7.0,0,2017-2018,0
2258,Raymond Felton,PG,33.0,82,16.6,34.7,20.3,0.117,44,0.818,322,0.444,230,0.352,0.494,6.9,1.9,6.4,2.5,22.5,0.6,0.2,7.7,0,2017-2018,0
2259,Reggie Bullock,SF,26.0,62,27.9,58.2,15.7,0.076,49,0.796,265,0.536,281,0.445,0.615,11.3,2.5,4.9,1.5,8.4,0.76,0.21,5.0,0,2017-2018,0
2260,Reggie Hearn,SG,26.0,3,2.2,4.6,13.4,0.0,0,0.0,0,0.0,2,0.5,0.75,1.0,0.0,0.0,0.0,0.0,0.0,0.0,0.0,0,2017-2018,0
2261,Reggie Jackson,PG,27.0,45,26.7,55.6,27.1,0.135,134,0.836,408,0.475,169,0.308,0.516,14.6,2.8,5.7,5.3,32.8,0.6,0.09,9.0,0,2017-2018,0
2262,Richard Jefferson,SF,37.0,20,8.2,17.0,9.3,0.143,7,0.571,20,0.5,7,0.286,0.499,1.5,0.9,5.9,0.8,12.0,0.1,0.05,5.0,0,2017-2018,0
2263,Richaun Holmes,PF,24.0,48,15.5,32.4,16.7,0.086,56,0.661,211,0.621,31,0.129,0.583,6.5,4.4,15.3,1.3,12.3,0.42,0.6,8.6,0,2017-2018,0
2264,Ricky Rubio,PG,27.0,77,29.3,61.0,22.9,0.181,254,0.866,554,0.451,273,0.352,0.537,13.1,4.6,8.8,5.3,28.4,1.57,0.14,9.3,0,2017-2018,0
2265,RJ Hunter,SG,24.0,5,9.0,18.8,22.4,0.087,2,1.0,6,0.667,14,0.214,0.455,3.8,1.0,6.2,0.6,10.3,0.6,0.0,5.8,0,2017-2018,0
2266,Robert Covington,SF,27.0,80,31.6,65.9,17.2,0.123,136,0.853,286,0.497,550,0.369,0.563,12.6,5.4,9.2,2.0,8.7,1.71,0.9,6.5,0,2017-2018,0
2267,Robin Lopez,C,29.0,64,26.4,55.0,20.4,0.135,90,0.756,631,0.536,14,0.286,0.552,11.8,4.5,9.2,1.9,12.3,0.22,0.83,7.1,0,2017-2018,0
2268,Rodney Hood,SG,25.0,60,26.9,56.1,24.1,0.074,129,0.854,418,0.468,333,0.376,0.545,14.7,2.7,5.8,1.6,9.7,0.75,0.2,5.9,0,2017-2018,0
2269,Rodney McGruder,SG,26.0,18,16.6,34.6,12.1,0.05,8,0.5,38,0.553,35,0.429,0.595,5.1,1.8,6.0,0.9,8.4,0.44,0.17,4.9,0,2017-2018,0
2270,Rodney Purvis,SG,23.0,16,18.1,37.7,18.8,0.081,15,0.867,55,0.4,52,0.25,0.423,6.0,1.7,5.1,1.1,8.6,0.19,0.19,4.9,0,2017-2018,0
2271,Ron Baker,SG,24.0,29,13.3,27.6,10.1,0.203,27,0.741,26,0.346,33,0.333,0.501,2.4,1.0,4.3,1.6,15.5,0.9,0.21,4.7,0,2017-2018,0
2272,Rondae Hollis-Jefferson,SF,23.0,68,28.2,58.8,22.2,0.124,316,0.788,670,0.491,54,0.241,0.548,13.9,6.8,12.7,2.5,14.2,0.96,0.71,8.8,0,2017-2018,0
2273,Royce O'Neale,SF,24.0,69,16.7,34.7,14.6,0.148,76,0.803,166,0.47,118,0.356,0.54,5.0,3.4,11.7,1.4,12.0,0.52,0.23,6.9,0,2017-2018,0
2274,Rudy Gay,SF,31.0,57,21.6,45.0,24.6,0.115,145,0.772,419,0.516,118,0.314,0.545,11.5,5.1,13.1,1.3,9.8,0.81,0.67,7.9,0,2017-2018,0
2275,Rudy Gobert,C,25.0,56,32.4,67.6,16.9,0.157,299,0.682,444,0.622,0,0.0,0.657,13.5,10.7,18.8,1.4,6.9,0.79,2.3,7.2,0,2017-2018,1
2276,Russell Westbrook,PG,29.0,80,36.4,75.9,34.1,0.164,566,0.737,1361,0.485,326,0.298,0.524,25.4,10.1,15.3,10.3,49.8,1.84,0.25,15.2,1,2017-2018,1
2277,Ryan Anderson,PF,29.0,66,26.1,54.5,14.4,0.076,93,0.774,141,0.539,339,0.386,0.592,9.3,5.0,10.8,0.9,5.1,0.36,0.32,5.3,0,2017-2018,0
2278,Ryan Arcidiacono,PG,23.0,24,12.7,26.4,8.1,0.23,6,0.833,10,0.8,31,0.29,0.55,2.0,1.0,4.4,1.5,15.5,0.54,0.0,4.5,0,2017-2018,0
2279,Salah Mejri,C,31.0,61,11.9,24.9,12.8,0.19,66,0.576,134,0.657,3,0.0,0.644,3.5,4.0,18.7,0.6,7.2,0.36,1.1,6.8,0,2017-2018,0
2280,Sam Dekker,SF,23.0,73,12.1,25.2,15.5,0.107,56,0.661,199,0.593,60,0.167,0.534,4.2,2.4,10.9,0.5,6.2,0.33,0.12,5.7,0,2017-2018,0
2281,Scotty Hopson,SG,28.0,1,8.4,17.5,15.6,0.347,2,0.5,1,0.0,0,0.0,0.266,1.0,0.0,0.0,1.0,15.1,0.0,0.0,0.0,0,2017-2018,0
2282,Sean Kilpatrick,SG,28.0,52,12.3,25.6,24.1,0.103,72,0.928,150,0.429,144,0.306,0.494,6.3,1.7,7.6,0.9,11.4,0.25,0.1,6.7,0,2017-2018,0
2283,Semi Ojeleye,PF,23.0,73,15.8,32.8,9.0,0.108,41,0.61,63,0.397,125,0.32,0.473,2.7,2.2,7.7,0.3,2.4,0.29,0.05,3.1,0,2017-2018,0
2284,Serge Ibaka,PF,28.0,76,27.5,57.4,19.4,0.097,118,0.797,487,0.559,297,0.36,0.574,12.6,6.3,12.8,0.8,4.4,0.38,1.3,5.8,0,2017-2018,0
2285,Shabazz Muhammad,SF,25.0,43,9.7,20.2,22.8,0.03,50,0.757,161,0.461,27,0.253,0.492,5.0,1.8,10.4,0.3,5.5,0.21,0.07,5.6,0,2017-2018,0
2286,Shabazz Napier,PG,26.0,74,20.8,43.2,19.5,0.132,138,0.841,313,0.45,218,0.376,0.544,8.7,2.3,6.0,2.0,14.6,1.09,0.19,6.6,0,2017-2018,0
2287,Shane Larkin,PG,25.0,54,14.3,29.9,15.5,0.123,37,0.865,133,0.398,86,0.36,0.491,4.3,1.7,6.5,1.8,18.5,0.54,0.06,6.6,0,2017-2018,0
2288,Shaquille Harrison,PG,24.0,23,16.7,34.8,18.0,0.135,38,0.737,98,0.541,26,0.231,0.54,6.6,2.7,8.5,2.4,22.1,1.13,0.3,8.4,0,2017-2018,0
2289,Shaun Livingston,PG,32.0,71,15.9,33.1,16.7,0.136,61,0.82,338,0.509,5,0.0,0.533,5.5,1.8,6.5,2.0,16.8,0.49,0.3,6.8,0,2017-2018,0
2290,Shelvin Mack,PG,27.0,69,19.8,41.2,17.6,0.163,97,0.711,275,0.473,139,0.345,0.518,6.9,2.4,6.7,3.9,29.5,0.78,0.12,8.1,0,2017-2018,0
2291,Sindarius Thornwell,SG,23.0,73,15.8,33.0,12.1,0.163,88,0.67,172,0.448,61,0.377,0.519,3.9,1.9,6.7,0.9,7.8,0.66,0.34,4.8,0,2017-2018,0
2292,Skal Labissiere,PF,21.0,60,20.7,43.1,21.1,0.125,118,0.805,407,0.459,51,0.353,0.513,8.7,4.8,13.2,1.2,9.1,0.42,0.82,7.1,0,2017-2018,0
2293,Solomon Hill,SF,26.0,12,15.6,32.5,12.2,0.171,6,0.5,20,0.35,21,0.19,0.332,2.4,3.0,10.4,1.8,14.4,0.58,0.08,6.0,0,2017-2018,0
2294,Spencer Dinwiddie,PG,24.0,80,28.8,60.1,20.3,0.118,268,0.813,405,0.452,433,0.326,0.527,12.6,3.2,6.0,6.6,35.0,0.86,0.29,8.9,0,2017-2018,0
2295,Stanley Johnson,SF,21.0,69,27.4,57.2,16.4,0.11,145,0.772,326,0.439,234,0.286,0.48,8.7,3.7,7.3,1.6,8.5,1.38,0.2,5.4,0,2017-2018,0
2296,Stephen Curry,PG,29.0,51,32.0,66.6,31.0,0.133,302,0.921,363,0.595,501,0.423,0.675,26.4,5.1,9.0,6.1,30.3,1.57,0.16,11.7,1,2017-2018,1
2297,Sterling Brown,SG,22.0,54,14.4,30.0,14.0,0.104,24,0.875,114,0.439,91,0.352,0.503,4.0,2.6,10.8,0.5,4.5,0.57,0.24,4.8,0,2017-2018,0
2298,Steven Adams,C,24.0,76,32.7,68.2,16.7,0.132,287,0.557,710,0.631,2,0.0,0.63,13.9,9.0,15.3,1.2,5.5,1.21,1.03,6.5,0,2017-2018,0
2299,T.J. McConnell,PG,25.0,76,22.5,46.8,13.8,0.204,39,0.795,359,0.51,62,0.435,0.545,6.3,3.0,7.1,4.0,24.5,1.21,0.17,7.5,0,2017-2018,0
2300,Taj Gibson,PF,32.0,82,33.2,69.3,14.7,0.098,185,0.768,702,0.595,35,0.2,0.61,12.2,7.1,12.4,1.2,5.2,0.76,0.72,5.7,0,2017-2018,0
2301,Tarik Black,C,26.0,51,10.5,21.9,15.6,0.184,63,0.46,116,0.638,11,0.091,0.582,3.5,3.2,17.1,0.3,3.7,0.41,0.59,5.7,0,2017-2018,0
2302,Taurean Prince,SF,23.0,82,30.0,62.6,22.1,0.153,180,0.844,518,0.461,457,0.385,0.549,14.1,4.7,8.8,2.6,13.9,1.04,0.51,7.4,0,2017-2018,0
2303,Terrance Ferguson,SG,19.0,61,12.5,26.1,10.4,0.06,10,0.9,49,0.612,120,0.333,0.545,3.1,0.8,3.4,0.3,3.4,0.39,0.16,2.9,0,2017-2018,0
2304,Terrence Ross,SF,26.0,24,25.0,52.1,17.3,0.123,36,0.75,98,0.469,93,0.323,0.505,8.7,3.0,6.7,1.6,9.3,1.13,0.46,5.6,0,2017-2018,0
2305,Terry Rozier,PG,23.0,80,25.9,53.9,20.4,0.085,149,0.772,398,0.41,402,0.381,0.52,11.3,4.7,9.9,2.9,17.5,1.0,0.24,8.3,0,2017-2018,0
2306,Thabo Sefolosha,SF,33.0,38,21.2,44.2,16.4,0.102,54,0.815,156,0.551,84,0.381,0.591,8.2,4.2,11.3,0.9,6.3,1.37,0.32,5.9,0,2017-2018,0
2307,Thaddeus Young,PF,29.0,81,32.2,67.1,17.3,0.104,92,0.598,684,0.531,181,0.32,0.527,11.8,6.3,11.1,1.9,8.5,1.67,0.44,6.5,0,2017-2018,0
2308,Thomas Bryant,C,20.0,15,4.8,10.0,15.8,0.074,9,0.556,11,0.636,10,0.1,0.441,1.5,1.1,12.5,0.4,11.4,0.07,0.13,7.3,0,2017-2018,0
2309,Thon Maker,PF,20.0,74,16.7,34.9,14.6,0.11,93,0.699,212,0.467,104,0.298,0.499,4.8,3.0,10.6,0.6,5.2,0.51,0.72,4.9,0,2017-2018,0
2310,Tim Frazier,PG,27.0,59,14.2,29.6,12.8,0.235,30,0.767,116,0.44,56,0.304,0.475,3.0,1.9,7.8,3.3,31.1,0.8,0.12,7.5,0,2017-2018,0
2311,Tim Hardaway Jr.,SG,25.0,57,33.1,68.9,23.8,0.09,179,0.816,446,0.516,410,0.317,0.533,17.5,3.9,6.6,2.7,12.7,1.11,0.18,6.9,0,2017-2018,0
2312,Tim Quarterman,SG,23.0,3,4.2,8.8,20.4,0.34,2,1.0,1,1.0,2,0.0,0.515,1.3,1.0,13.3,0.3,10.9,0.0,0.0,7.0,0,2017-2018,0
2313,Timofey Mozgov,C,31.0,31,11.6,24.2,16.8,0.237,30,0.767,75,0.64,18,0.222,0.617,4.2,3.2,14.5,0.4,4.7,0.16,0.42,6.0,0,2017-2018,0
2314,Timothe Luwawu-Cabarrot,SF,22.0,52,15.5,32.3,17.5,0.115,58,0.793,109,0.431,158,0.335,0.511,5.8,1.4,4.8,1.0,9.3,0.23,0.1,5.2,0,2017-2018,0
2315,TJ Leaf,PF,20.0,53,8.7,18.1,14.9,0.065,16,0.625,94,0.489,42,0.429,0.545,2.9,1.5,10.1,0.2,2.8,0.09,0.08,4.4,0,2017-2018,0
2316,TJ Warren,SF,24.0,65,33.0,68.6,25.0,0.067,255,0.757,973,0.523,90,0.222,0.541,19.6,5.1,8.3,1.3,7.2,1.0,0.63,6.1,0,2017-2018,0
2317,Tobias Harris,PF,25.0,80,33.4,69.5,23.3,0.072,216,0.828,776,0.487,445,0.411,0.564,18.6,5.5,9.0,2.4,11.7,0.89,0.44,7.5,0,2017-2018,0
2318,Tomas Satoransky,SG,26.0,73,22.5,46.9,13.7,0.163,96,0.781,283,0.544,101,0.465,0.615,7.2,3.2,8.0,3.9,24.8,0.7,0.21,8.0,0,2017-2018,0
2319,Tony Allen,SG,36.0,22,12.4,25.8,18.9,0.159,21,0.524,79,0.506,12,0.333,0.514,4.7,2.1,9.3,0.4,4.6,0.5,0.14,5.1,0,2017-2018,0
2320,Tony Bradley,C,20.0,9,3.2,6.7,18.4,0.0,2,1.0,10,0.3,1,0.0,0.337,0.9,1.2,21.5,0.1,5.0,0.0,0.0,6.0,0,2017-2018,0
2321,Tony Parker,PG,35.0,55,19.5,40.6,20.5,0.139,78,0.705,351,0.479,37,0.27,0.498,7.7,1.7,4.9,3.5,28.2,0.51,0.02,7.3,0,2017-2018,0
2322,Tony Snell,SF,26.0,75,27.4,57.0,10.6,0.075,48,0.792,157,0.49,268,0.403,0.578,6.9,1.9,4.0,1.3,6.5,0.63,0.37,3.8,0,2017-2018,0
2323,Torrey Craig,SG,27.0,39,16.7,34.7,11.6,0.116,35,0.629,79,0.57,58,0.293,0.535,4.2,3.3,11.0,0.6,5.2,0.31,0.38,4.9,0,2017-2018,0
2324,Travis Wear,SF,27.0,17,13.4,27.9,15.2,0.074,8,1.0,25,0.32,47,0.362,0.497,4.4,2.2,8.9,0.4,4.2,0.24,0.29,4.7,0,2017-2018,0
2325,Treveon Graham,SG,24.0,63,16.7,34.7,11.3,0.099,59,0.695,124,0.452,97,0.412,0.553,4.3,1.9,6.2,0.9,7.8,0.52,0.03,4.7,0,2017-2018,0
2326,Trevor Ariza,SF,32.0,67,33.9,70.6,14.5,0.071,89,0.854,189,0.519,462,0.368,0.567,11.7,4.4,7.3,1.6,6.8,1.46,0.19,5.1,0,2017-2018,0
2327,Trevor Booker,PF,30.0,68,17.0,35.5,15.9,0.129,93,0.773,310,0.551,33,0.258,0.57,6.3,4.7,14.8,1.2,10.2,0.41,0.31,7.5,0,2017-2018,0
2328,Trey Burke,PG,25.0,36,21.8,45.4,25.2,0.095,57,0.649,279,0.556,105,0.362,0.563,12.8,2.0,5.0,4.7,36.4,0.67,0.11,9.1,0,2017-2018,0
2329,Trey Lyles,PF,22.0,73,19.1,39.7,21.1,0.09,145,0.697,332,0.563,218,0.381,0.59,9.9,4.8,14.0,1.2,10.1,0.41,0.47,8.1,0,2017-2018,0
2330,Trey McKinney-Jones,SG,27.0,1,1.2,2.5,0.0,0.0,0,0.0,0,0.0,0,0.0,0.0,0.0,0.0,0.0,0.0,0.0,0.0,0.0,0.0,0,2017-2018,0
2331,Tristan Thompson,C,26.0,53,20.2,42.1,12.6,0.118,79,0.544,235,0.562,0,0.0,0.569,5.8,6.6,18.4,0.6,4.3,0.3,0.32,5.6,0,2017-2018,0
2332,Troy Daniels,SG,26.0,79,20.5,42.8,17.2,0.085,64,0.875,117,0.419,458,0.4,0.583,8.9,1.6,4.2,0.6,4.5,0.33,0.06,4.0,0,2017-2018,0
2333,Troy Williams,SF,23.0,21,14.7,30.5,21.4,0.129,30,0.633,71,0.554,38,0.27,0.509,6.3,3.0,11.7,0.8,7.9,0.95,0.19,6.7,0,2017-2018,0
2334,Tyler Cavanaugh,PF,23.0,39,13.3,27.7,14.8,0.08,21,0.81,63,0.556,89,0.36,0.567,4.7,3.3,13.7,0.7,7.8,0.23,0.1,6.7,0,2017-2018,0
2335,Tyler Dorsey,SG,21.0,56,17.4,36.2,20.1,0.083,63,0.714,183,0.393,200,0.36,0.493,7.2,2.3,7.4,1.4,12.5,0.3,0.09,6.6,0,2017-2018,0
2336,Tyler Ennis,PG,23.0,54,12.7,26.4,17.1,0.138,29,0.759,168,0.476,56,0.25,0.473,4.1,1.8,7.4,1.9,21.9,0.56,0.19,7.6,0,2017-2018,0
2337,Tyler Johnson,SG,25.0,72,28.5,59.4,18.6,0.095,129,0.822,387,0.491,324,0.367,0.549,11.7,3.4,6.8,2.3,12.4,0.83,0.47,6.3,0,2017-2018,0
2338,Tyler Lydon,PF,21.0,1,2.2,4.6,0.0,0.0,0,0.0,0,0.0,0,0.0,0.0,0.0,0.0,0.0,0.0,0.0,0.0,0.0,0.0,0,2017-2018,0
2339,Tyler Ulis,PG,22.0,71,23.4,48.7,18.5,0.176,101,0.832,405,0.425,146,0.288,0.465,7.8,1.8,4.1,4.4,27.9,0.99,0.1,6.8,0,2017-2018,0
2340,Tyler Zeller,C,28.0,66,16.8,34.9,16.5,0.112,79,0.75,306,0.58,28,0.245,0.6,6.7,4.6,15.2,0.7,6.7,0.23,0.51,6.7,0,2017-2018,0
2341,Tyreke Evans,SF,28.0,52,30.9,64.4,28.4,0.115,209,0.785,523,0.482,286,0.399,0.561,19.4,5.1,9.5,5.2,31.2,1.1,0.33,10.4,0,2017-2018,0
2342,Tyrone Wallace,SG,23.0,30,28.4,59.1,16.6,0.141,78,0.782,207,0.483,40,0.25,0.517,9.7,3.5,6.8,2.4,11.8,0.9,0.43,6.1,0,2017-2018,0
2343,Tyson Chandler,C,35.0,46,25.0,52.1,10.6,0.205,94,0.617,187,0.647,0,0.0,0.657,6.5,9.1,19.4,1.2,6.6,0.35,0.59,6.6,0,2017-2018,0
2344,Tyus Jones,PG,21.0,82,17.9,37.3,12.7,0.14,81,0.877,199,0.528,129,0.349,0.572,5.1,1.6,5.2,2.8,21.2,1.16,0.06,6.3,0,2017-2018,0
2345,Udonis Haslem,PF,37.0,14,5.1,10.7,11.2,0.112,2,0.5,7,0.286,8,0.125,0.252,0.6,0.7,7.8,0.4,9.2,0.0,0.14,4.3,0,2017-2018,0
2346,Vander Blue,G,25.0,5,9.0,18.7,8.4,0.338,2,0.5,3,0.333,2,0.0,0.255,0.6,0.2,1.2,0.6,8.2,0.2,0.0,1.8,0,2017-2018,0
2347,Victor Oladipo,SG,25.0,75,34.0,70.9,30.1,0.127,368,0.799,908,0.528,434,0.371,0.577,23.1,5.2,8.6,4.3,21.2,2.35,0.76,9.4,1,2017-2018,0
2348,Vince Carter,SG,41.0,58,17.7,36.9,14.7,0.107,37,0.757,118,0.483,165,0.345,0.523,5.4,2.6,8.2,1.2,9.7,0.72,0.45,5.8,0,2017-2018,0
2349,Vincent Hunter,SF,23.0,4,1.9,3.9,36.4,0.167,0,0.0,5,0.6,0,0.0,0.6,1.5,0.8,23.5,0.0,0.0,0.0,0.25,0.0,0,2017-2018,0
2350,Wade Baldwin IV,PG,21.0,7,11.5,24.0,16.0,0.136,10,0.6,16,0.625,5,0.8,0.748,5.4,1.1,5.4,0.7,9.7,0.29,0.14,5.6,0,2017-2018,0
2351,Walter Lemon Jr.,PG,25.0,5,7.0,14.6,26.3,0.188,3,0.667,15,0.4,1,1.0,0.491,3.4,0.4,3.1,1.0,21.0,0.0,0.2,6.3,0,2017-2018,0
2352,Wayne Ellington,SG,30.0,77,26.5,55.2,17.3,0.066,78,0.859,121,0.479,579,0.392,0.588,11.2,2.8,6.0,1.0,5.9,0.69,0.1,4.8,0,2017-2018,0
2353,Wayne Selden,G,23.0,35,19.8,41.2,22.7,0.155,59,0.746,147,0.456,122,0.402,0.551,9.3,1.6,4.7,1.9,16.0,0.51,0.14,6.2,0,2017-2018,0
2354,Wes Iwundu,SG,23.0,62,16.5,34.3,11.6,0.112,47,0.723,172,0.488,46,0.196,0.48,3.7,2.2,7.4,0.9,7.8,0.53,0.19,4.7,0,2017-2018,0
2355,Wesley Johnson,SF,30.0,74,20.1,41.8,13.0,0.123,58,0.741,191,0.471,177,0.339,0.512,5.4,2.9,8.0,0.8,5.6,1.03,0.84,4.6,0,2017-2018,0
2356,Wesley Matthews,SG,31.0,63,33.8,70.5,17.6,0.101,101,0.822,295,0.441,402,0.381,0.541,12.7,3.1,5.2,2.7,12.3,1.21,0.25,5.6,0,2017-2018,0
2357,Will Barton,SG,27.0,81,33.1,69.0,20.7,0.117,226,0.805,606,0.51,422,0.37,0.562,15.7,5.0,8.6,4.1,18.5,1.01,0.64,8.3,0,2017-2018,0
2358,Willie Cauley-Stein,C,24.0,73,28.0,58.3,21.8,0.11,247,0.619,760,0.507,12,0.25,0.529,12.8,7.0,14.2,2.4,13.7,1.05,0.92,8.6,0,2017-2018,0
2359,Willie Reed,PF,27.0,42,10.2,21.3,15.9,0.108,55,0.54,119,0.693,2,0.464,0.693,4.6,2.9,15.0,0.2,4.2,0.21,0.52,5.4,0,2017-2018,0
2360,Willy Hernangomez,C,23.0,48,10.3,21.4,21.2,0.149,90,0.58,153,0.569,12,0.37,0.6,5.1,3.8,19.7,0.7,11.0,0.37,0.33,8.9,0,2017-2018,0
2361,Wilson Chandler,SF,30.0,74,31.7,66.1,14.3,0.119,114,0.772,385,0.501,246,0.358,0.542,10.0,5.4,9.5,2.1,9.4,0.58,0.53,6.1,0,2017-2018,0
2362,Xavier Munford,PG,25.0,6,3.5,7.2,19.3,0.225,2,0.5,4,0.25,2,0.0,0.218,0.5,0.2,2.8,0.7,24.9,0.17,0.0,4.7,0,2017-2018,0
2363,Xavier Rathan-Mayes,SG,23.0,5,23.6,49.1,21.7,0.193,9,0.444,28,0.393,14,0.071,0.315,5.8,1.0,2.5,3.6,23.1,1.2,0.6,4.7,0,2017-2018,0
2364,Xavier Silas,G,30.0,2,3.8,7.8,17.9,0.0,0,0.0,1,0.0,2,0.0,0.0,0.0,1.0,14.6,0.0,0.0,0.5,0.0,0.0,0,2017-2018,0
2365,Yogi Ferrell,PG,24.0,82,27.8,58.0,17.0,0.091,103,0.796,372,0.476,359,0.373,0.54,10.2,3.0,6.1,2.5,13.5,0.78,0.11,6.1,0,2017-2018,0
2366,Zach Collins,C,20.0,66,15.8,33.0,15.4,0.161,42,0.643,177,0.452,113,0.31,0.473,4.4,3.3,11.5,0.8,7.1,0.26,0.47,5.7,0,2017-2018,0
2367,Zach LaVine,SG,22.0,24,27.3,57.0,29.5,0.097,107,0.813,232,0.405,123,0.341,0.499,16.7,4.0,7.8,3.0,18.6,1.0,0.17,8.6,0,2017-2018,0
2368,Zach Randolph,PF,36.0,59,25.6,53.2,27.6,0.125,107,0.785,616,0.503,147,0.347,0.529,14.5,6.7,15.0,2.2,14.9,0.71,0.17,9.3,0,2017-2018,0
2369,Zaza Pachulia,C,33.0,69,14.1,29.3,17.0,0.194,93,0.806,262,0.569,1,0.0,0.614,5.4,4.7,18.5,1.6,15.2,0.55,0.25,9.8,0,2017-2018,0
2370,Zhou Qi,PF,22.0,18,6.9,14.4,16.8,0.212,12,0.667,13,0.308,19,0.105,0.295,1.2,1.2,10.0,0.1,2.1,0.11,0.78,3.0,0,2017-2018,0
2371,Alex Abrines,G,25.69,31,19.0,39.5,12.2,7.9,13,0.923,30,0.5,127,0.323,0.507,5.3,1.5,4.2,0.6,4.3,0.55,0.19,3.5,0,2018-2019,0
2372,Quincy Acy,F,28.51,10,12.3,25.6,9.2,15.2,10,0.7,3,0.667,15,0.133,0.379,1.7,2.5,11.3,0.8,8.2,0.1,0.4,4.9,0,2018-2019,0
2373,Jaylen Adams,G,22.93,34,12.6,26.2,13.5,19.7,9,0.778,36,0.361,74,0.338,0.474,3.2,1.8,7.5,1.9,20.2,0.38,0.15,7.0,0,2018-2019,0
2374,Steven Adams,C,25.73,80,33.4,69.5,16.4,12.8,292,0.5,807,0.596,2,0.0,0.591,13.9,9.5,14.7,1.6,6.6,1.49,0.96,7.1,0,2018-2019,0
2375,Bam Adebayo,C-F,21.73,82,23.3,48.6,15.8,17.1,226,0.735,471,0.588,15,0.2,0.623,8.9,7.3,16.6,2.2,14.2,0.88,0.79,9.0,0,2018-2019,0
2376,Deng Adel,F,22.19,19,10.2,21.3,9.9,13.7,4,1.0,13,0.385,23,0.261,0.424,1.7,1.0,5.4,0.3,3.4,0.05,0.21,3.1,0,2018-2019,0
2377,DeVaughn Akoon-Purcell,G-F,25.85,7,3.1,6.4,25.5,15.5,2,0.5,6,0.5,4,0.0,0.322,1.0,0.6,10.0,0.9,37.9,0.29,0.0,10.5,0,2018-2019,0
2378,LaMarcus Aldridge,F,33.73,81,33.2,69.1,27.0,8.8,412,0.847,1277,0.528,42,0.238,0.576,21.3,9.2,15.1,2.4,11.6,0.54,1.32,9.4,0,2018-2019,1
2379,Rawle Alkins,G,21.45,10,12.0,25.1,19.0,15.3,12,0.667,27,0.37,12,0.25,0.418,3.7,2.6,11.7,1.3,15.2,0.1,0.0,7.7,0,2018-2019,0
2380,Grayson Allen,G,23.51,38,11.0,22.8,24.4,13.9,60,0.75,79,0.443,99,0.323,0.516,5.6,0.6,3.1,0.7,8.9,0.13,0.16,4.8,0,2018-2019,0
2381,Jarrett Allen,C,20.97,80,26.2,54.6,15.9,13.1,278,0.709,523,0.629,45,0.133,0.632,10.9,8.4,16.9,1.4,7.9,0.54,1.5,7.7,0,2018-2019,0
2382,Kadeem Allen,G,26.24,19,21.9,45.6,19.6,14.2,54,0.778,104,0.462,36,0.472,0.577,9.9,2.7,6.4,4.0,28.8,0.84,0.21,8.7,0,2018-2019,0
2383,Al-Farouq Aminu,F,28.55,81,28.3,58.9,13.7,9.7,173,0.867,313,0.514,280,0.343,0.568,9.4,7.5,14.2,1.3,6.0,0.84,0.41,6.4,0,2018-2019,0
2384,Justin Anderson,G-F,25.39,48,9.7,20.1,17.1,11.8,35,0.743,80,0.5,77,0.312,0.516,3.7,1.8,9.6,0.5,6.9,0.46,0.27,6.2,0,2018-2019,0
2385,Kyle Anderson,F,25.56,43,29.8,62.1,12.6,16.0,64,0.578,242,0.583,34,0.265,0.569,8.0,5.9,11.0,3.0,15.0,1.26,0.86,7.0,0,2018-2019,0
2386,Ryan Anderson,F,30.93,25,12.9,26.8,11.9,15.96,16,0.672,29,0.277,40,0.257,0.395,2.5,2.2,9.8,0.7,7.2,0.16,0.04,4.8,0,2018-2019,0
2387,Ike Anigbogu,C,20.47,3,2.1,4.3,28.2,25.0,0,0.0,3,0.0,0,0.0,0.0,0.0,1.0,26.8,0.3,18.8,0.0,0.33,0.0,0,2018-2019,0
2388,Giannis Antetokounmpo,F,24.35,72,32.8,68.2,32.3,14.7,686,0.729,1045,0.64,203,0.256,0.643,27.7,12.5,19.4,5.9,30.3,1.26,1.53,15.5,1,2018-2019,1
2389,Kostas Antetokounmpo,F,21.39,2,5.3,11.0,23.4,17.4,4,0.5,3,0.0,0,0.0,0.21,1.0,0.5,5.0,0.0,0.0,1.0,0.0,0.0,0,2018-2019,0
2390,Carmelo Anthony,F,34.87,10,29.4,61.3,20.5,5.8,22,0.682,57,0.491,64,0.328,0.513,13.4,5.4,10.1,0.5,2.6,0.4,0.7,4.5,0,2018-2019,0
2391,OG Anunoby,F,21.74,67,20.2,42.0,15.5,11.3,62,0.581,202,0.574,202,0.332,0.544,7.0,2.9,7.8,0.7,4.7,0.69,0.33,4.8,0,2018-2019,0
2392,Ryan Arcidiacono,G,25.04,81,24.2,50.4,11.7,11.8,102,0.873,201,0.527,218,0.372,0.586,6.7,2.7,6.1,3.3,19.0,0.8,0.06,6.5,0,2018-2019,0
2393,Trevor Ariza,F,33.78,69,34.1,70.9,16.5,11.706,164,0.8,302,0.483,434,0.336,0.533,12.5,5.4,8.6,3.6,14.7,1.32,0.3,7.3,0,2018-2019,0
2394,D.J. Augustin,G,31.42,81,28.0,58.4,17.2,14.3,209,0.866,366,0.511,311,0.421,0.616,11.7,2.5,4.8,5.3,26.9,0.64,0.05,7.7,0,2018-2019,0
2395,Deandre Ayton,C,20.72,71,30.7,64.0,21.2,11.7,189,0.746,866,0.588,4,0.0,0.608,16.3,10.3,18.5,1.8,9.6,0.87,0.94,8.7,0,2018-2019,0
2396,Dwayne Bacon,G-F,23.61,43,17.6,36.8,16.8,6.1,46,0.739,170,0.494,87,0.437,0.57,7.3,2.1,6.3,1.1,9.2,0.28,0.12,5.8,0,2018-2019,0
2397,Marvin Bagley III,F,20.08,62,25.3,52.7,24.2,10.7,262,0.691,610,0.534,96,0.313,0.562,14.9,7.6,15.5,1.0,5.9,0.53,0.95,7.6,0,2018-2019,0
2398,Ron Baker,G,26.03,15,10.2,21.1,7.9,19.073,6,0.611,7,0.315,13,0.081,0.276,1.0,0.8,4.1,1.0,13.2,0.33,0.07,3.1,0,2018-2019,0
2399,Wade Baldwin IV,G,23.03,16,5.9,12.2,23.4,27.0,11,0.727,24,0.333,9,0.222,0.396,1.9,0.9,8.5,0.8,16.7,0.06,0.13,7.5,0,2018-2019,0
2400,Lonzo Ball,G,21.46,47,30.3,63.1,16.9,17.8,48,0.417,228,0.482,228,0.329,0.487,9.9,5.3,9.1,5.4,23.8,1.47,0.4,8.7,0,2018-2019,0
2401,Mo Bamba,C,20.92,47,16.3,34.0,17.8,13.7,63,0.587,173,0.555,70,0.3,0.539,6.2,4.9,16.2,0.8,7.4,0.28,1.36,7.1,0,2018-2019,0
2402,J.J. Barea,G,34.79,38,19.8,41.2,28.1,14.7,78,0.705,257,0.479,128,0.297,0.495,10.9,2.5,6.8,5.6,47.6,0.58,0.0,10.8,0,2018-2019,0
2403,Harrison Barnes,F,26.86,77,32.9,68.5,21.0,7.873,278,0.821,585,0.444,441,0.396,0.553,16.5,4.7,7.5,1.5,6.7,0.65,0.17,5.9,0,2018-2019,0
2404,Will Barton,G,28.26,43,27.7,57.6,20.0,11.7,74,0.77,264,0.447,196,0.342,0.501,11.5,4.6,9.1,2.9,14.4,0.42,0.51,7.7,0,2018-2019,0
2405,Keita Bates-Diop,F,23.21,30,16.8,35.0,14.1,8.3,28,0.643,90,0.522,52,0.25,0.489,5.0,2.8,8.8,0.6,4.6,0.6,0.47,4.8,0,2018-2019,0
2406,Nicolas Batum,G-F,30.32,75,31.4,65.4,13.2,16.3,89,0.865,265,0.517,298,0.389,0.58,9.3,5.2,8.9,3.3,14.6,0.95,0.57,6.9,0,2018-2019,0
2407,Jerryd Bayless,G,30.64,34,19.3,40.3,17.5,11.7,28,0.571,132,0.402,98,0.296,0.431,6.1,1.9,5.1,3.5,24.6,0.53,0.06,7.1,0,2018-2019,0
2408,Aron Baynes,F-C,32.34,51,16.1,33.5,15.2,13.8,62,0.855,162,0.519,61,0.344,0.567,5.6,4.7,15.6,1.1,9.3,0.24,0.67,7.6,0,2018-2019,0
2409,Kent Bazemore,G,29.78,67,24.5,51.1,22.0,13.6,176,0.722,391,0.465,300,0.32,0.507,11.6,3.9,8.3,2.3,13.5,1.33,0.63,7.7,0,2018-2019,0
2410,Bradley Beal,G,25.79,82,36.9,76.9,28.4,11.0,448,0.808,1012,0.548,596,0.351,0.581,25.6,5.0,7.3,5.5,24.1,1.5,0.7,9.6,0,2018-2019,0
2411,Malik Beasley,G,22.37,81,23.2,48.3,18.7,6.7,66,0.848,333,0.559,405,0.402,0.598,11.3,2.5,5.8,1.2,7.5,0.68,0.12,5.6,0,2018-2019,0
2412,Michael Beasley,F,30.25,26,10.7,22.2,29.4,13.7,39,0.718,136,0.529,17,0.176,0.532,7.0,2.3,11.2,1.0,14.7,0.35,0.38,9.4,0,2018-2019,0
2413,Marco Belinelli,G-F,33.05,79,23.0,47.9,19.8,8.7,124,0.903,295,0.468,395,0.372,0.557,10.5,2.5,5.9,1.7,10.1,0.44,0.1,6.2,0,2018-2019,0
2414,Jordan Bell,F,24.26,68,11.6,24.2,13.7,16.7,41,0.61,190,0.521,2,0.0,0.531,3.3,2.7,12.5,1.1,12.4,0.26,0.76,7.4,0,2018-2019,0
2415,DeAndre' Bembry,F,24.77,82,23.6,49.1,17.2,17.3,136,0.64,444,0.507,173,0.289,0.508,8.4,4.4,9.8,2.5,14.7,1.28,0.51,7.7,0,2018-2019,0
2416,Dragan Bender,F,21.4,46,18.0,37.4,13.4,14.4,54,0.593,96,0.688,101,0.218,0.521,5.0,4.0,12.3,1.2,9.4,0.39,0.5,6.4,0,2018-2019,0
2417,Davis Bertans,F,26.41,76,21.5,44.7,14.1,8.2,60,0.883,115,0.513,338,0.429,0.632,8.0,3.5,8.8,1.3,8.2,0.46,0.43,6.2,0,2018-2019,0
2418,Dairis Bertans,G,29.59,12,13.9,29.0,12.0,4.1,0,0.0,13,0.154,34,0.294,0.362,2.8,0.8,2.8,0.8,7.2,0.08,0.0,3.5,0,2018-2019,0
2419,Patrick Beverley,G,30.75,78,27.4,57.1,12.1,14.0,123,0.78,194,0.423,281,0.399,0.563,7.6,4.9,9.6,3.9,18.5,0.86,0.55,7.7,0,2018-2019,0
2420,Khem Birch,C,26.53,50,12.9,26.8,14.0,9.2,83,0.699,150,0.607,1,0.0,0.64,4.8,3.8,15.7,0.8,8.5,0.36,0.6,7.6,0,2018-2019,0
2421,Bismack Biyombo,C,26.62,54,14.5,30.2,12.7,14.7,91,0.637,157,0.567,0,0.0,0.599,4.4,4.6,17.1,0.6,5.9,0.19,0.76,6.3,0,2018-2019,0
2422,Nemanja Bjelica,F,30.92,77,23.2,48.4,16.5,11.5,92,0.761,336,0.539,257,0.401,0.585,9.6,5.8,12.8,1.9,11.1,0.7,0.71,8.2,0,2018-2019,0
2423,Antonio Blakeney,G,22.52,57,14.5,30.3,24.5,7.5,76,0.658,305,0.426,91,0.396,0.487,7.3,1.9,6.9,0.7,8.2,0.21,0.16,5.9,0,2018-2019,0
2424,Eric Bledsoe,G,29.34,78,29.1,60.7,22.9,13.3,236,0.75,595,0.582,377,0.329,0.577,15.9,4.6,8.1,5.5,27.4,1.51,0.37,10.1,0,2018-2019,0
2425,Jaron Blossomgame,F,25.57,27,16.3,33.9,12.3,8.9,13,0.769,68,0.544,39,0.256,0.506,4.2,3.6,12.4,0.5,4.2,0.26,0.3,4.8,0,2018-2019,0
2426,Bojan Bogdanovic,F,29.98,81,31.8,66.2,22.4,10.2,305,0.807,664,0.539,386,0.425,0.614,18.0,4.1,7.2,2.0,9.5,0.86,0.01,6.6,0,2018-2019,0
2427,Bogdan Bogdanovic,G,26.64,70,27.8,58.0,22.3,11.1,162,0.827,491,0.462,372,0.36,0.53,14.1,3.5,6.4,3.8,19.3,1.03,0.21,8.2,0,2018-2019,0
2428,Andrew Bogut,C,34.37,11,12.2,25.5,14.4,17.7,3,1.0,36,0.5,0,0.0,0.523,3.5,5.0,21.8,1.0,10.5,0.27,0.73,8.5,0,2018-2019,0
2429,Jonah Bolden,F,23.27,44,14.5,30.2,13.8,17.2,27,0.481,66,0.697,96,0.354,0.595,4.7,3.8,13.7,0.9,8.5,0.39,0.89,7.0,0,2018-2019,0
2430,Isaac Bonga,G,19.42,22,5.5,11.4,15.7,13.2,15,0.6,25,0.2,8,0.0,0.24,0.9,1.1,10.8,0.7,14.9,0.41,0.18,6.4,0,2018-2019,0
2431,Devin Booker,G,22.44,64,35.0,73.0,32.9,15.4,454,0.866,841,0.536,414,0.326,0.584,26.6,4.1,6.5,6.8,34.1,0.88,0.2,10.3,0,2018-2019,0
2432,Chris Boucher,F,26.25,28,5.8,12.1,23.6,7.8,15,0.867,39,0.564,37,0.324,0.563,3.3,2.0,18.5,0.1,1.9,0.21,0.86,6.0,0,2018-2019,0
2433,Avery Bradley,G,28.37,63,30.3,63.0,16.2,12.467,50,0.827,363,0.437,245,0.347,0.486,10.0,2.8,4.9,2.4,11.6,0.65,0.26,5.3,0,2018-2019,0
2434,Tony Bradley,C,21.17,3,12.0,24.9,23.7,15.1,2,0.5,16,0.5,0,0.0,0.504,5.7,5.0,22.6,0.3,4.5,0.67,0.67,6.8,0,2018-2019,0
2435,Corey Brewer,G-F,33.1,31,15.9,33.1,13.1,11.561,43,0.724,79,0.508,44,0.322,0.544,4.9,2.5,8.1,1.2,10.2,1.03,0.23,6.2,0,2018-2019,0
2436,Miles Bridges,F,21.06,80,21.2,44.2,15.1,8.6,77,0.753,311,0.553,200,0.325,0.548,7.5,4.1,10.3,1.2,8.1,0.68,0.61,6.3,0,2018-2019,0
2437,Mikal Bridges,F,22.61,82,29.5,61.4,12.2,10.2,118,0.805,250,0.548,313,0.335,0.556,8.3,3.2,6.1,2.1,9.8,1.55,0.46,5.2,0,2018-2019,0
2438,Isaiah Briscoe,G,22.99,39,14.3,29.9,14.1,17.2,26,0.577,104,0.423,34,0.324,0.455,3.5,1.9,7.1,2.2,21.0,0.28,0.05,6.8,0,2018-2019,0
2439,Ryan Broekhoff,G-F,28.63,42,10.8,22.5,14.3,10.6,19,0.789,33,0.576,94,0.404,0.617,4.0,1.5,7.4,0.5,7.1,0.14,0.1,5.3,0,2018-2019,0
2440,Malcolm Brogdon,G,26.33,64,28.6,59.6,20.7,10.2,152,0.928,503,0.545,244,0.426,0.615,15.6,4.5,8.0,3.2,16.2,0.72,0.19,8.5,0,2018-2019,0
2441,Dillon Brooks,G-F,23.22,18,18.3,38.2,20.9,12.3,30,0.733,82,0.415,40,0.375,0.499,7.5,1.7,5.3,0.9,7.6,0.56,0.22,4.9,0,2018-2019,0
2442,MarShon Brooks,G,30.21,29,13.3,27.8,23.6,10.3,33,0.697,115,0.53,54,0.278,0.518,6.6,1.6,6.5,0.9,11.0,0.31,0.14,6.4,0,2018-2019,0
2443,Troy Brown Jr.,F,19.7,52,14.0,29.2,16.5,10.5,47,0.681,165,0.455,69,0.319,0.487,4.8,2.8,10.8,1.5,14.9,0.4,0.1,7.8,0,2018-2019,0
2444,Bruce Brown,G,22.65,74,19.6,40.8,11.5,11.9,60,0.75,222,0.455,93,0.258,0.467,4.3,2.5,7.0,1.2,8.8,0.54,0.49,4.8,0,2018-2019,0
2445,Jaylen Brown,F,22.46,74,25.9,53.9,22.1,10.1,202,0.658,516,0.529,276,0.344,0.547,13.0,4.2,8.7,1.4,7.7,0.95,0.43,6.6,0,2018-2019,0
2446,Lorenzo Brown,G,28.63,26,8.2,17.0,17.9,18.1,3,1.0,43,0.395,28,0.214,0.38,2.1,1.2,7.6,1.1,17.3,0.46,0.19,6.9,0,2018-2019,0
2447,Sterling Brown,G,24.16,58,17.8,37.2,15.2,12.0,42,0.69,165,0.558,147,0.361,0.563,6.4,3.2,9.0,1.4,10.7,0.43,0.14,6.9,0,2018-2019,0
2448,Jalen Brunson,G,22.61,73,21.8,45.4,19.1,12.5,120,0.725,384,0.523,181,0.348,0.549,9.3,2.3,5.7,3.2,22.6,0.51,0.05,7.5,0,2018-2019,0
2449,Thomas Bryant,C,21.7,72,20.8,43.3,17.7,9.6,137,0.781,404,0.683,99,0.333,0.673,10.5,6.3,16.5,1.3,9.3,0.35,0.93,8.5,0,2018-2019,0
2450,Reggie Bullock,G-F,28.07,63,29.8,62.1,15.8,9.094,85,0.855,201,0.485,393,0.374,0.562,11.3,2.7,5.0,2.1,10.0,0.64,0.19,5.3,0,2018-2019,0
2451,Trey Burke,G,26.41,58,19.4,40.4,24.8,7.633,124,0.831,389,0.475,160,0.35,0.529,10.9,1.7,4.6,2.7,24.1,0.57,0.12,7.6,0,2018-2019,0
2452,Alec Burks,G,27.73,64,21.5,44.8,18.1,11.528,141,0.822,306,0.465,168,0.3,0.521,8.7,3.7,8.9,2.0,12.9,0.61,0.33,7.0,0,2018-2019,0
2453,Deonte Burton,G,25.19,32,7.5,15.6,16.3,9.3,12,0.667,55,0.455,27,0.296,0.47,2.6,0.9,6.0,0.3,5.0,0.19,0.25,4.7,0,2018-2019,0
2454,Jimmy Butler,G-F,29.57,65,33.6,70.1,22.2,8.115,365,0.856,712,0.493,192,0.346,0.571,18.7,5.3,8.3,4.0,18.0,1.89,0.6,8.8,0,2018-2019,1
2455,Bruno Caboclo,F,23.55,34,23.5,49.0,15.9,13.3,50,0.84,95,0.505,130,0.369,0.571,8.3,4.6,11.1,1.5,9.4,0.41,0.97,6.6,0,2018-2019,0
2456,Jose Calderon,G,37.54,48,13.2,27.4,10.9,21.9,11,0.818,63,0.492,57,0.246,0.453,2.4,1.3,5.2,2.4,24.9,0.33,0.06,5.9,0,2018-2019,0
2457,Kentavious Caldwell-Pope,G,26.14,82,24.8,51.7,18.2,7.3,158,0.867,321,0.542,436,0.346,0.567,11.4,2.9,6.0,1.3,7.5,0.89,0.16,5.6,0,2018-2019,0
2458,Isaiah Canaan,G,27.89,30,20.9,43.6,14.1,17.037,24,0.708,68,0.382,96,0.359,0.518,6.0,2.0,5.0,2.8,18.6,0.47,0.07,6.0,0,2018-2019,0
2459,Clint Capela,C,24.9,67,33.6,69.9,18.1,9.9,261,0.636,732,0.648,0,0.0,0.658,16.6,12.6,20.8,1.4,7.1,0.66,1.52,7.9,0,2018-2019,0
2460,DeMarre Carroll,F,32.71,67,25.4,53.0,18.6,9.7,242,0.76,264,0.458,311,0.341,0.546,11.1,5.2,10.7,1.3,7.2,0.45,0.15,6.6,0,2018-2019,0
2461,Wendell Carter Jr.,F,19.99,44,25.2,52.5,19.1,13.6,112,0.795,338,0.515,32,0.188,0.543,10.3,7.0,15.0,1.8,10.7,0.59,1.34,8.0,0,2018-2019,0
2462,Jevon Carter,G,23.57,39,14.8,30.8,18.0,14.2,32,0.813,83,0.265,102,0.333,0.432,4.4,1.7,6.4,1.8,17.5,0.67,0.26,6.4,0,2018-2019,0
2463,Vince Carter,G-F,42.21,76,17.5,36.5,16.7,8.8,66,0.712,152,0.48,316,0.389,0.565,7.4,2.6,7.7,1.1,9.3,0.58,0.36,6.3,0,2018-2019,0
2464,Michael Carter-Williams,G,27.5,28,13.2,27.6,21.0,12.014,53,0.582,85,0.425,38,0.278,0.461,4.8,2.5,8.6,2.5,25.4,0.71,0.57,8.5,0,2018-2019,0
2465,Alex Caruso,G,25.12,25,21.2,44.3,19.0,17.3,64,0.797,123,0.431,50,0.48,0.569,9.2,2.7,6.5,3.1,19.7,0.96,0.36,8.0,0,2018-2019,0
2466,Omri Casspi,F,30.8,36,14.5,30.1,18.0,11.0,58,0.672,118,0.602,43,0.349,0.606,6.3,3.2,12.4,0.7,8.1,0.56,0.25,6.7,0,2018-2019,0
2467,Willie Cauley-Stein,C,25.65,81,27.3,56.9,17.5,9.0,254,0.551,739,0.556,2,0.5,0.566,11.9,8.4,15.8,2.4,12.3,1.19,0.63,9.1,0,2018-2019,0
2468,Troy Caupain,G,23.37,4,3.9,8.1,22.3,0.0,0,0.0,5,0.4,3,0.667,0.625,2.5,0.8,10.3,1.0,44.1,0.25,0.0,12.9,0,2018-2019,0
2469,Tyler Cavanaugh,F,25.17,11,3.6,7.5,12.9,8.4,2,1.0,5,0.4,5,0.2,0.414,0.8,0.7,11.0,0.1,3.3,0.0,0.0,4.3,0,2018-2019,0
2470,Tyson Chandler,C,36.52,55,15.9,33.1,8.6,23.382,87,0.589,98,0.622,1,0.0,0.629,3.2,5.6,18.5,0.6,5.3,0.39,0.45,5.7,0,2018-2019,0
2471,Wilson Chandler,F,31.92,51,23.0,48.0,12.1,13.576,25,0.72,115,0.47,158,0.371,0.532,6.0,4.2,9.8,1.6,8.7,0.49,0.41,5.9,0,2018-2019,0
2472,Joe Chealey,G,23.44,1,7.8,16.3,16.6,0.0,0,0.0,3,0.333,0,0.0,0.333,2.0,0.0,0.0,1.0,18.2,0.0,0.0,0.0,0,2018-2019,0
2473,Chris Chiozza,G,23.39,7,4.6,9.7,12.0,11.1,0,0.0,3,0.0,5,0.4,0.375,0.9,0.6,6.8,0.6,16.4,0.14,0.14,6.0,0,2018-2019,0
2474,Marquese Chriss,F,21.78,43,11.6,24.2,20.7,17.179,45,0.748,108,0.485,72,0.19,0.441,4.2,3.3,15.6,0.5,6.9,0.4,0.26,6.7,0,2018-2019,0
2475,Gary Clark,F,24.4,51,12.6,26.2,10.9,4.3,7,1.0,13,0.692,138,0.297,0.48,2.9,2.3,10.0,0.4,3.8,0.39,0.53,4.4,0,2018-2019,0
2476,Ian Clark,G,28.1,60,16.2,33.8,19.3,12.7,37,0.892,181,0.47,202,0.327,0.502,6.7,1.5,4.7,1.6,12.9,0.37,0.13,6.2,0,2018-2019,0
2477,Jordan Clarkson,G,26.84,81,27.3,57.0,27.6,9.6,192,0.844,735,0.524,445,0.324,0.539,16.8,3.3,6.8,2.4,15.6,0.69,0.17,7.5,0,2018-2019,0
2478,John Collins,F-C,21.55,61,30.0,62.4,23.7,11.2,265,0.766,673,0.609,158,0.348,0.627,19.5,9.8,17.1,2.0,10.9,0.36,0.64,9.7,0,2018-2019,0
2479,Zach Collins,F-C,21.39,77,17.6,36.7,16.6,14.3,126,0.746,279,0.534,121,0.331,0.562,6.6,4.2,12.7,0.9,7.1,0.32,0.86,6.6,0,2018-2019,0
2480,Darren Collison,G,31.63,76,28.2,58.7,17.7,14.3,190,0.832,465,0.492,194,0.407,0.574,11.2,3.0,6.0,6.0,29.9,1.45,0.12,8.3,0,2018-2019,0
2481,Bonzie Colson,F,23.24,8,12.3,25.7,19.5,6.5,9,0.889,18,0.444,21,0.238,0.454,4.9,3.8,15.5,0.4,4.0,0.63,0.13,6.4,0,2018-2019,0
2482,Mike Conley,G,31.5,70,33.5,69.7,27.3,9.1,406,0.845,694,0.483,426,0.364,0.569,21.1,3.4,5.7,6.4,33.4,1.34,0.31,9.2,0,2018-2019,0
2483,Pat Connaughton,G,26.26,61,20.7,43.1,13.3,8.2,40,0.725,150,0.647,200,0.33,0.573,6.9,4.2,10.4,2.0,12.6,0.54,0.43,7.5,0,2018-2019,0
2484,Quinn Cook,G,26.05,74,14.3,29.8,20.2,10.0,26,0.769,239,0.515,200,0.405,0.565,6.9,2.1,7.9,1.5,15.0,0.27,0.04,7.8,0,2018-2019,0
2485,DeMarcus Cousins,C,28.66,30,25.7,53.5,28.1,14.2,144,0.736,276,0.551,95,0.274,0.562,16.3,8.2,17.1,3.6,20.4,1.33,1.47,12.2,0,2018-2019,0
2486,Robert Covington,F,28.32,35,34.4,71.6,15.6,10.777,89,0.76,137,0.516,225,0.379,0.579,13.3,5.5,8.5,1.4,5.2,2.11,1.32,5.3,0,2018-2019,0
2487,Allen Crabbe,G-F,27.0,43,26.4,54.9,16.4,10.4,56,0.732,113,0.345,259,0.378,0.521,9.6,3.4,6.9,1.1,5.8,0.53,0.3,5.0,0,2018-2019,0
2488,Torrey Craig,F,28.31,75,20.0,41.8,12.4,9.9,70,0.7,174,0.569,188,0.324,0.547,5.7,3.5,9.5,1.0,6.3,0.49,0.61,5.4,0,2018-2019,0
2489,Jamal Crawford,G,39.06,64,18.9,39.4,20.8,16.9,110,0.845,236,0.453,202,0.332,0.522,7.9,1.3,3.9,3.6,27.7,0.52,0.19,7.1,0,2018-2019,0
2490,Mitchell Creek,F,26.95,5,9.4,19.6,17.4,2.86,7,0.571,14,0.565,2,0.0,0.558,4.2,2.4,13.7,1.2,19.3,0.4,0.0,9.9,0,2018-2019,0
2491,Jae Crowder,F,28.77,80,27.1,56.4,19.1,8.8,197,0.721,276,0.525,522,0.331,0.537,11.9,4.8,9.6,1.7,8.9,0.8,0.39,6.8,0,2018-2019,0
2492,Dante Cunningham,F,31.97,64,14.5,30.2,8.9,11.7,18,0.778,93,0.484,65,0.462,0.585,3.0,2.9,11.0,0.8,6.8,0.41,0.2,5.3,0,2018-2019,0
2493,Seth Curry,G,28.63,74,18.9,39.4,16.6,11.1,52,0.846,214,0.463,251,0.45,0.595,7.9,1.6,4.6,0.9,6.5,0.47,0.16,4.8,0,2018-2019,0
2494,Stephen Curry,G,31.07,69,33.8,70.4,30.4,11.6,287,0.916,530,0.525,810,0.437,0.641,27.3,5.3,8.4,5.2,24.2,1.33,0.38,10.8,1,2018-2019,1
2495,Troy Daniels,G,27.74,51,14.9,31.0,17.6,8.7,23,0.783,81,0.481,194,0.381,0.558,6.2,1.4,5.3,0.5,5.0,0.51,0.1,4.4,0,2018-2019,0
2496,Anthony Davis,F-C,26.09,56,33.0,68.8,29.5,8.5,433,0.794,881,0.547,145,0.331,0.597,25.9,12.0,18.9,3.9,19.0,1.57,2.41,12.9,0,2018-2019,1
2497,Deyonta Davis,C-F,22.35,9,13.2,27.4,10.1,10.2,10,0.6,21,0.714,1,0.0,0.682,4.0,3.9,15.5,0.6,5.8,0.33,0.56,6.4,0,2018-2019,0
2498,Ed Davis,C,29.85,81,17.9,37.2,12.7,14.8,162,0.617,300,0.62,2,0.0,0.632,5.8,8.6,25.2,0.8,6.0,0.43,0.41,7.6,0,2018-2019,0
2499,Tyler Davis,C,21.89,1,0.9,1.9,45.2,0.0,0,0.0,1,0.0,0,0.0,0.0,0.0,1.0,57.4,0.0,0.0,0.0,0.0,0.0,0,2018-2019,0
2500,Dewayne Dedmon,C,29.66,64,25.1,52.4,16.7,12.7,113,0.814,309,0.57,217,0.382,0.602,10.8,7.5,15.7,1.4,8.1,1.08,1.13,7.7,0,2018-2019,0
2501,Sam Dekker,F,24.93,47,16.8,34.9,16.3,7.972,46,0.603,194,0.52,62,0.305,0.52,6.1,3.1,10.2,1.0,8.3,0.83,0.15,6.4,0,2018-2019,0
2502,Angel Delgado,C,24.39,2,7.4,15.4,16.8,0.0,2,0.5,5,0.2,0,0.0,0.255,1.5,2.0,14.3,0.0,0.0,0.5,0.0,0.0,0,2018-2019,0
2503,Matthew Dellavedova,G,28.59,48,16.9,35.3,17.2,22.825,52,0.844,112,0.438,130,0.343,0.523,5.9,1.6,5.2,3.8,32.4,0.29,0.05,7.7,0,2018-2019,0
2504,Luol Deng,F,33.99,22,17.8,37.1,15.8,9.5,35,0.714,74,0.608,44,0.318,0.588,7.1,3.3,9.8,0.8,6.5,0.68,0.36,6.0,0,2018-2019,0
2505,DeMar DeRozan,G,29.68,77,34.9,72.7,27.9,11.6,439,0.831,1268,0.492,45,0.156,0.542,21.2,6.0,9.4,6.2,27.6,1.12,0.47,10.6,0,2018-2019,1
2506,Marcus Derrickson,F,23.19,11,6.1,12.7,24.3,7.9,5,0.8,13,0.462,20,0.5,0.653,4.2,1.2,10.3,0.1,2.2,0.0,0.09,5.2,0,2018-2019,0
2507,Cheick Diallo,F,22.57,64,14.0,29.2,16.0,14.0,67,0.746,267,0.625,4,0.25,0.644,6.0,5.2,19.2,0.5,5.1,0.45,0.52,7.1,0,2018-2019,0
2508,Hamidou Diallo,G,20.7,51,10.3,21.5,16.6,10.7,59,0.61,141,0.504,24,0.167,0.497,3.7,1.9,9.5,0.3,4.4,0.41,0.2,5.0,0,2018-2019,0
2509,Gorgui Dieng,C,29.23,76,13.6,28.3,19.6,11.9,106,0.83,321,0.53,56,0.339,0.572,6.4,4.1,16.1,0.9,10.3,0.62,0.54,8.4,0,2018-2019,0
2510,Spencer Dinwiddie,G,26.01,68,28.1,58.6,24.9,13.3,356,0.806,458,0.528,370,0.335,0.58,16.8,2.4,4.6,4.6,25.6,0.59,0.25,8.1,0,2018-2019,0
2511,Donte DiVincenzo,G,22.19,27,15.2,31.7,15.1,12.8,12,0.75,41,0.683,83,0.265,0.507,4.9,2.4,8.0,1.1,9.7,0.48,0.22,6.2,0,2018-2019,0
2512,Luka Doncic,G-F,20.12,72,32.2,67.1,30.5,14.9,485,0.713,672,0.503,515,0.326,0.545,21.2,7.8,13.0,6.0,31.6,1.08,0.35,12.4,0,2018-2019,0
2513,Tyler Dorsey,G,23.15,48,14.6,30.3,19.1,8.706,61,0.621,132,0.466,132,0.304,0.489,6.1,2.3,8.9,1.2,11.4,0.31,0.04,6.8,0,2018-2019,0
2514,Damyean Dotson,G,24.93,73,27.4,57.2,17.3,8.7,98,0.745,356,0.461,342,0.368,0.526,10.7,3.6,6.8,1.8,10.4,0.79,0.14,6.0,0,2018-2019,0
2515,PJ Dozier,G-F,22.46,6,8.5,17.6,18.6,0.0,2,0.5,13,0.462,8,0.25,0.434,3.2,2.8,17.9,0.8,13.8,0.33,0.0,9.1,0,2018-2019,0
2516,Goran Dragic,G,32.93,36,27.5,57.3,23.7,13.0,101,0.782,269,0.454,163,0.35,0.518,13.7,3.1,6.0,4.8,27.3,0.83,0.14,8.6,0,2018-2019,0
2517,Andre Drummond,C,25.67,79,33.5,69.8,23.0,12.4,412,0.59,1016,0.547,38,0.132,0.555,17.3,15.6,25.5,1.4,7.2,1.73,1.76,8.6,0,2018-2019,0
2518,Jared Dudley,F,33.75,59,20.7,43.1,10.4,14.2,46,0.696,88,0.545,151,0.351,0.554,4.9,2.6,6.7,1.4,9.2,0.61,0.27,5.0,0,2018-2019,0
2519,Kris Dunn,G,25.07,46,30.2,62.9,20.1,16.2,69,0.797,410,0.441,96,0.354,0.484,11.3,4.1,7.3,6.0,30.0,1.48,0.46,8.6,0,2018-2019,0
2520,Kevin Durant,F,30.53,78,34.6,72.2,29.0,12.2,506,0.885,995,0.587,388,0.353,0.631,26.0,6.4,9.8,5.9,26.2,0.76,1.08,11.5,1,2018-2019,1
2521,Trevon Duval,G,20.69,3,1.9,3.9,22.4,0.0,0,0.0,2,0.5,1,1.0,0.833,1.7,0.3,9.1,0.7,66.0,0.0,0.0,14.9,0,2018-2019,0
2522,Vincent Edwards,F,23.01,2,7.9,16.4,11.1,0.0,0,0.0,0,0.0,4,0.25,0.375,1.5,1.0,7.0,0.0,0.0,0.0,0.0,0.0,0,2018-2019,0
2523,Henry Ellenson,F,22.24,19,13.7,28.4,19.0,7.695,25,0.766,57,0.386,38,0.447,0.538,6.0,3.5,13.4,0.9,9.6,0.37,0.11,7.6,0,2018-2019,0
2524,Wayne Ellington,G,31.37,53,24.5,51.0,17.1,7.592,49,0.813,85,0.516,372,0.371,0.567,10.3,2.0,4.5,1.4,8.2,1.02,0.11,4.9,0,2018-2019,0
2525,Joel Embiid,F-C,25.07,64,33.7,70.1,33.3,13.3,649,0.804,936,0.535,263,0.3,0.593,27.5,13.6,21.4,3.7,18.4,0.72,1.91,13.2,1,2018-2019,1
2526,James Ennis III,F,28.78,58,21.2,44.2,13.0,9.634,81,0.715,138,0.606,156,0.348,0.587,6.7,3.1,8.5,0.7,4.9,0.71,0.41,4.9,0,2018-2019,0
2527,Drew Eubanks,F,22.19,23,4.9,10.3,15.4,20.1,13,0.846,26,0.577,0,0.0,0.646,1.8,1.5,16.3,0.3,8.3,0.09,0.22,7.6,0,2018-2019,0
2528,Jacob Evans,G,21.81,30,6.8,14.1,13.5,17.1,1,0.0,38,0.368,15,0.267,0.374,1.3,0.8,6.6,0.8,13.7,0.17,0.1,5.5,0,2018-2019,0
2529,Jawun Evans,G,22.71,8,8.0,16.8,19.7,27.65,0,0.0,11,0.239,3,0.0,0.202,0.8,1.5,9.1,1.2,17.6,0.38,0.0,5.0,0,2018-2019,0
2530,Tyreke Evans,G,29.56,69,20.3,42.3,26.5,14.0,160,0.719,444,0.405,216,0.356,0.483,10.2,2.9,8.0,2.4,17.5,0.83,0.28,8.2,0,2018-2019,0
2531,Dante Exum,G,23.75,42,15.8,32.9,21.2,15.8,86,0.791,177,0.469,62,0.29,0.52,6.9,1.6,5.5,2.6,24.1,0.33,0.12,7.8,0,2018-2019,0
2532,Kenneth Faried,F-C,29.39,37,19.7,41.0,20.1,9.886,99,0.643,240,0.623,25,0.301,0.622,10.4,6.8,19.1,0.5,4.2,0.46,0.62,6.7,0,2018-2019,0
2533,Derrick Favors,F-C,27.74,76,23.2,48.4,19.4,10.5,228,0.675,541,0.64,78,0.218,0.624,11.8,7.4,17.2,1.2,8.0,0.74,1.39,8.1,0,2018-2019,0
2534,Cristiano Felicio,F-C,26.76,60,12.4,25.9,14.3,13.9,73,0.685,175,0.543,4,0.0,0.568,4.0,3.7,15.9,0.6,7.2,0.18,0.12,6.7,0,2018-2019,0
2535,Raymond Felton,G,34.79,33,11.5,24.0,16.6,9.0,13,0.923,74,0.473,61,0.328,0.505,4.3,1.0,4.6,1.6,18.6,0.3,0.18,6.6,0,2018-2019,0
2536,Terrance Ferguson,G,20.9,74,26.1,54.4,10.6,9.6,51,0.725,141,0.56,290,0.366,0.566,6.9,1.9,3.8,1.0,4.8,0.54,0.22,3.6,0,2018-2019,0
2537,Yogi Ferrell,G,25.92,71,15.0,31.3,16.2,9.3,67,0.896,202,0.49,149,0.362,0.552,5.9,1.5,5.2,1.9,17.0,0.51,0.06,6.8,0,2018-2019,0
2538,Dorian Finney-Smith,F,25.94,81,24.5,51.1,14.0,11.4,103,0.709,274,0.544,254,0.311,0.53,7.5,4.8,10.5,1.2,6.9,0.86,0.46,5.7,0,2018-2019,0
2539,Bryn Forbes,G,25.72,82,28.0,58.2,17.4,8.8,78,0.885,379,0.488,413,0.426,0.585,11.8,2.9,5.7,2.1,10.6,0.55,0.05,5.9,0,2018-2019,0
2540,Evan Fournier,G-F,26.45,81,31.5,65.7,22.1,11.9,170,0.806,619,0.509,450,0.34,0.536,15.1,3.2,5.4,3.6,17.6,0.89,0.15,7.1,0,2018-2019,0
2541,De'Aaron Fox,G,21.31,81,31.4,65.5,24.5,15.0,417,0.727,870,0.482,232,0.371,0.544,17.3,3.8,6.2,7.3,33.2,1.64,0.56,10.0,0,2018-2019,0
2542,Melvin Frazier Jr.,G-F,22.61,10,4.4,9.3,23.3,4.2,4,0.25,15,0.467,6,0.0,0.33,1.5,0.5,6.0,0.1,3.3,0.1,0.0,3.8,0,2018-2019,0
2543,Tim Frazier,G,28.44,59,19.0,39.5,13.3,20.988,54,0.762,160,0.499,101,0.364,0.546,5.3,2.8,7.7,4.2,27.6,0.51,0.09,8.4,0,2018-2019,0
2544,Jimmer Fredette,G,30.12,6,10.8,22.5,24.3,13.6,6,1.0,16,0.5,13,0.0,0.348,3.7,1.2,6.0,1.3,17.5,0.5,0.0,6.6,0,2018-2019,0
2545,Channing Frye,F-C,35.9,36,9.5,19.7,17.5,9.5,14,0.786,38,0.289,79,0.405,0.524,3.6,1.4,8.5,0.6,8.6,0.17,0.14,6.1,0,2018-2019,0
2546,Markelle Fultz,G,20.87,19,22.5,46.8,19.3,12.7,37,0.568,141,0.433,14,0.286,0.452,8.2,3.6,8.6,3.1,19.5,0.95,0.26,8.0,0,2018-2019,0
2547,Danilo Gallinari,F,30.67,68,30.3,63.1,23.8,8.4,406,0.904,511,0.485,373,0.432,0.633,19.8,6.1,10.8,2.6,13.2,0.72,0.34,9.0,0,2018-2019,0
2548,Langston Galloway,G,27.34,80,21.8,45.5,16.1,3.7,96,0.844,206,0.451,381,0.354,0.534,8.4,2.1,5.3,1.1,7.3,0.46,0.1,4.9,0,2018-2019,0
2549,Billy Garrett,G,24.49,4,15.9,33.0,20.7,6.5,4,1.0,19,0.579,8,0.0,0.452,6.5,0.8,2.5,1.8,17.8,0.25,0.25,5.3,0,2018-2019,0
2550,Marc Gasol,C,34.2,79,30.8,64.2,20.3,13.795,253,0.76,597,0.485,273,0.376,0.549,13.5,8.0,14.3,4.4,22.1,1.06,1.1,10.1,0,2018-2019,0
2551,Pau Gasol,C-F,38.76,30,12.0,25.1,15.4,12.87,40,0.69,81,0.416,13,0.483,0.519,3.9,4.6,20.6,1.8,18.9,0.17,0.5,10.5,0,2018-2019,0
2552,Rudy Gay,F,32.65,69,26.7,55.6,22.1,12.2,147,0.816,562,0.537,184,0.402,0.583,13.7,6.8,13.9,2.6,14.7,0.78,0.49,9.3,0,2018-2019,0
2553,Paul George,F,28.94,77,36.9,76.9,29.5,10.0,539,0.84,856,0.485,757,0.386,0.583,28.0,8.1,11.4,4.1,17.7,2.21,0.44,10.6,1,2018-2019,1
2554,Taj Gibson,F,33.8,70,24.1,50.2,17.1,10.6,177,0.757,503,0.583,34,0.324,0.612,10.8,6.5,14.5,1.2,7.3,0.76,0.56,7.3,0,2018-2019,0
2555,Harry Giles III,F-C,20.97,58,14.1,29.5,23.2,15.8,91,0.637,342,0.512,6,0.0,0.526,7.0,3.8,14.0,1.5,15.2,0.53,0.38,9.7,0,2018-2019,0
2556,Shai Gilgeous-Alexander,G,20.75,82,26.5,55.2,18.3,15.0,195,0.8,577,0.503,139,0.367,0.554,10.8,2.8,5.6,3.3,17.8,1.18,0.55,7.0,0,2018-2019,0
2557,Rudy Gobert,C,26.79,81,31.8,66.3,17.8,12.1,522,0.636,712,0.669,0,0.0,0.682,15.9,12.8,21.8,2.0,9.6,0.81,2.3,9.3,1,2018-2019,0
2558,Brandon Goodwin,G,23.52,16,3.6,7.4,23.1,9.7,11,0.818,17,0.235,6,0.333,0.413,1.4,0.2,2.8,0.9,32.0,0.0,0.0,7.0,0,2018-2019,0
2559,Aaron Gordon,F,23.57,78,33.8,70.3,21.8,12.3,253,0.731,699,0.499,347,0.349,0.538,16.0,7.3,11.7,3.7,16.6,0.73,0.72,8.9,0,2018-2019,0
2560,Eric Gordon,G,30.29,68,31.7,66.1,22.0,8.2,152,0.783,338,0.497,600,0.36,0.549,16.2,2.2,3.8,1.9,9.4,0.6,0.4,5.1,0,2018-2019,0
2561,Marcin Gortat,C,35.15,47,16.0,33.3,14.5,19.4,48,0.729,186,0.532,0,0.0,0.562,5.0,5.6,18.5,1.4,12.0,0.13,0.51,8.5,0,2018-2019,0
2562,Devonte' Graham,G,24.13,46,14.7,30.6,17.0,11.3,46,0.761,95,0.421,121,0.281,0.459,4.7,1.4,5.0,2.6,24.6,0.5,0.04,7.0,0,2018-2019,0
2563,Treveon Graham,F,25.45,35,20.4,42.6,12.8,7.8,22,0.818,63,0.413,128,0.297,0.458,5.3,3.0,7.8,1.0,6.5,0.37,0.2,4.9,0,2018-2019,0
2564,Donte Grantham,F,24.06,3,0.8,1.7,33.9,0.0,0,0.0,0,0.0,2,0.0,0.0,0.0,0.0,0.0,0.0,0.0,0.0,0.0,0.0,0,2018-2019,0
2565,Jerami Grant,F,25.08,80,32.7,68.0,15.4,6.8,221,0.71,530,0.555,293,0.392,0.592,13.6,5.2,8.2,1.0,4.2,0.76,1.25,5.1,0,2018-2019,0
2566,Jerian Grant,G,26.5,60,15.6,32.6,13.4,17.7,40,0.65,110,0.473,110,0.364,0.526,4.2,1.7,5.6,2.6,22.4,0.73,0.1,6.8,0,2018-2019,0
2567,Danny Green,G-F,31.8,80,27.7,57.7,14.0,10.4,44,0.841,195,0.487,434,0.456,0.633,10.3,4.0,7.7,1.6,7.7,0.91,0.66,5.8,0,2018-2019,0
2568,Draymond Green,F,29.1,66,31.3,65.2,13.1,26.8,91,0.692,257,0.549,165,0.285,0.526,7.4,7.3,12.4,6.9,26.8,1.44,1.08,9.2,0,2018-2019,0
2569,Gerald Green,G-F,33.21,73,20.2,42.0,19.5,8.2,68,0.838,137,0.547,441,0.354,0.555,9.2,2.5,6.8,0.5,4.1,0.45,0.37,4.5,0,2018-2019,0
2570,JaMychal Green,F,28.81,65,21.1,43.9,19.4,14.16,101,0.796,300,0.532,176,0.402,0.587,9.4,6.3,16.5,0.8,5.7,0.67,0.52,6.8,0,2018-2019,0
2571,Jeff Green,F,32.62,77,27.2,56.7,17.8,11.5,206,0.888,367,0.586,320,0.347,0.608,12.3,4.0,8.0,1.8,9.2,0.56,0.52,6.6,0,2018-2019,0
2572,Blake Griffin,F,30.07,75,35.0,72.8,30.2,13.8,550,0.753,819,0.525,522,0.362,0.581,24.5,7.5,11.8,5.4,27.1,0.69,0.37,11.4,1,2018-2019,0
2573,Daniel Hamilton,G-F,23.67,19,10.7,22.4,15.7,20.3,6,0.5,37,0.405,23,0.348,0.455,3.0,2.5,12.1,1.2,14.5,0.32,0.05,7.8,0,2018-2019,0
2574,Dusty Hannahs,G,25.61,2,13.0,27.0,23.9,7.2,2,1.0,7,0.429,5,0.0,0.311,4.0,0.5,2.2,2.5,28.9,0.5,0.0,5.3,0,2018-2019,0
2575,Tim Hardaway Jr.,G,27.07,65,31.6,65.9,25.3,8.549,276,0.829,516,0.445,477,0.339,0.526,18.0,3.4,5.7,2.5,12.7,0.81,0.12,6.7,0,2018-2019,0
2576,James Harden,G,29.63,78,36.8,76.6,40.5,14.5,858,0.879,881,0.528,1028,0.368,0.616,36.1,6.6,10.0,7.5,39.5,2.05,0.73,13.2,1,2018-2019,1
2577,Maurice Harkless,F,25.92,60,23.6,49.1,13.9,9.7,73,0.671,268,0.582,120,0.275,0.547,7.7,4.5,10.1,1.2,7.1,1.12,0.92,5.9,0,2018-2019,0
2578,Montrezl Harrell,F-C,25.21,82,26.3,54.8,23.5,11.0,414,0.643,871,0.623,17,0.176,0.636,16.6,6.5,13.2,2.0,12.5,0.85,1.34,9.1,0,2018-2019,0
2579,Devin Harris,G,36.12,68,15.7,32.8,18.5,12.1,134,0.761,147,0.476,200,0.31,0.527,6.3,1.6,5.6,1.8,16.7,0.51,0.24,6.7,0,2018-2019,0
2580,Gary Harris,G,24.57,57,28.8,59.9,20.0,8.7,144,0.799,394,0.477,242,0.339,0.527,12.9,2.8,5.2,2.2,11.0,0.96,0.33,6.0,0,2018-2019,0
2581,Joe Harris,G-F,27.59,76,30.2,62.9,17.0,13.0,133,0.827,363,0.526,386,0.474,0.645,13.7,3.9,6.7,2.4,11.9,0.49,0.22,6.7,0,2018-2019,0
2582,Andrew Harrison,G,24.47,17,11.0,22.7,16.9,15.2,18,0.765,28,0.447,25,0.197,0.427,3.2,1.2,5.9,1.4,17.6,0.23,0.12,6.2,0,2018-2019,0
2583,Shaquille Harrison,G,25.51,73,19.6,40.8,16.5,11.1,123,0.667,337,0.475,89,0.27,0.494,6.5,3.0,8.4,1.9,14.1,1.22,0.41,6.8,0,2018-2019,0
2584,Tobias Harris,F,26.74,82,34.7,72.4,22.8,9.806,307,0.865,860,0.529,393,0.398,0.592,20.0,7.8,12.0,2.8,12.5,0.62,0.45,8.7,0,2018-2019,0
2585,Isaiah Hartenstein,F-C,20.93,28,7.9,16.5,11.8,21.6,14,0.786,35,0.514,6,0.333,0.562,1.9,1.7,11.7,0.5,9.4,0.25,0.43,5.9,0,2018-2019,0
2586,Josh Hart,G,24.1,67,25.6,53.3,13.5,10.4,80,0.688,190,0.511,274,0.336,0.526,7.8,3.7,7.4,1.4,6.9,0.96,0.6,5.4,0,2018-2019,0
2587,Udonis Haslem,F,38.84,10,7.5,15.5,21.7,7.9,4,0.75,21,0.524,12,0.0,0.36,2.5,2.7,19.3,0.2,4.0,0.0,0.0,5.9,0,2018-2019,0
2588,Gordon Hayward,F,29.05,72,25.9,53.9,19.0,12.8,187,0.834,404,0.542,231,0.333,0.575,11.5,4.5,9.3,3.4,18.4,0.82,0.32,8.7,0,2018-2019,0
2589,John Henson,F,28.29,14,13.5,28.0,18.5,14.4,10,0.6,36,0.556,31,0.355,0.553,5.6,5.1,19.1,1.0,10.1,0.5,0.79,9.1,0,2018-2019,0
2590,Juancho Hernangomez,F,23.54,70,19.4,40.4,12.2,9.5,86,0.767,132,0.545,181,0.365,0.581,5.8,3.8,10.6,0.8,5.3,0.39,0.36,5.4,0,2018-2019,0
2591,Willy Hernangomez,C,24.87,58,14.0,29.2,22.2,13.9,144,0.694,257,0.537,39,0.385,0.586,7.3,5.4,20.7,1.0,11.5,0.28,0.36,9.7,0,2018-2019,0
2592,Mario Hezonja,F,24.12,58,20.8,43.3,21.3,14.6,114,0.763,312,0.478,152,0.276,0.497,8.8,4.1,10.4,1.5,11.5,0.98,0.14,7.3,0,2018-2019,0
2593,Isaiah Hicks,F,24.72,3,10.8,22.4,14.8,8.9,5,0.8,8,0.5,0,0.0,0.588,4.0,2.3,11.3,0.7,9.3,0.33,1.0,6.9,0,2018-2019,0
2594,Buddy Hield,G,25.32,82,31.9,66.4,25.2,9.2,193,0.886,709,0.487,651,0.427,0.587,20.7,5.0,8.1,2.5,11.9,0.71,0.39,8.0,0,2018-2019,0
2595,Haywood Highsmith,F,22.34,5,8.0,16.6,12.5,8.4,2,0.0,5,0.6,5,0.2,0.414,1.8,1.0,6.7,0.4,6.6,0.2,0.0,4.5,0,2018-2019,0
2596,George Hill,G,32.94,60,21.7,45.3,15.0,10.548,85,0.823,223,0.551,153,0.32,0.549,7.7,2.5,6.0,2.3,13.9,0.85,0.13,6.4,0,2018-2019,0
2597,Solomon Hill,F,28.07,44,20.0,41.6,10.4,13.9,32,0.719,77,0.468,101,0.317,0.497,4.3,3.0,7.9,1.3,7.6,0.52,0.23,5.1,0,2018-2019,0
2598,Aaron Holiday,G,22.53,50,12.9,26.9,21.9,12.3,50,0.82,135,0.459,127,0.339,0.518,5.9,1.3,5.7,1.7,19.3,0.4,0.26,7.3,0,2018-2019,0
2599,Jrue Holiday,G,28.83,67,35.8,74.7,25.5,14.2,271,0.768,796,0.539,363,0.325,0.555,21.2,5.0,7.2,7.7,31.8,1.64,0.81,10.4,0,2018-2019,0
2600,Justin Holiday,F-G,30.02,82,31.8,66.2,15.8,11.273,106,0.896,312,0.441,465,0.345,0.519,10.5,3.9,6.8,1.8,8.0,1.47,0.45,5.2,0,2018-2019,0
2601,John Holland,G,30.43,1,0.7,1.5,0.0,0.0,0,0.0,0,0.0,0,0.0,0.0,0.0,0.0,0.0,0.0,0.0,0.0,0.0,0.0,0,2018-2019,0
2602,Rondae Hollis-Jefferson,F,24.27,59,20.9,43.6,21.6,10.7,183,0.645,438,0.436,49,0.184,0.464,8.9,5.3,13.2,1.6,11.7,0.75,0.46,8.1,0,2018-2019,0
2603,Richaun Holmes,F-C,25.49,70,16.9,35.2,17.9,10.5,175,0.731,365,0.608,0,0.0,0.647,8.2,4.7,15.5,0.9,7.9,0.6,1.13,7.7,0,2018-2019,0
2604,Rodney Hood,G,26.47,72,26.3,54.7,18.1,7.0,155,0.872,435,0.482,236,0.356,0.545,11.2,2.2,4.5,1.7,9.9,0.83,0.15,5.2,0,2018-2019,0
2605,Al Horford,F-C,32.86,68,29.0,60.4,19.0,11.8,97,0.825,520,0.604,203,0.36,0.605,13.6,6.7,12.4,4.1,21.1,0.85,1.26,9.9,0,2018-2019,0
2606,Danuel House Jr.,F-G,25.84,39,25.1,52.3,14.1,11.0,71,0.789,74,0.595,178,0.416,0.646,9.4,3.6,7.9,1.0,5.9,0.54,0.28,5.2,0,2018-2019,0
2607,Dwight Howard,C,33.34,9,25.5,53.1,19.6,15.1,48,0.604,69,0.623,0,0.0,0.638,12.8,9.2,19.6,0.4,2.6,0.78,0.44,5.7,0,2018-2019,0
2608,Kevin Huerter,G,20.62,75,27.3,56.9,15.7,13.8,56,0.732,304,0.457,354,0.384,0.532,9.7,3.3,6.3,2.9,14.5,0.88,0.33,6.6,0,2018-2019,0
2609,Isaac Humphries,C,21.26,5,11.3,23.5,15.1,0.0,0,0.0,10,0.3,11,0.273,0.357,3.0,2.2,10.2,0.0,0.0,0.2,0.0,0.0,0,2018-2019,0
2610,RJ Hunter,G,25.46,1,25.7,53.5,23.3,0.0,2,0.5,3,0.667,10,0.4,0.612,17.0,3.0,6.2,3.0,18.3,1.0,0.0,8.3,0,2018-2019,0
2611,Chandler Hutchison,F,22.96,44,20.3,42.4,12.2,10.0,38,0.605,159,0.516,50,0.28,0.507,5.2,4.2,11.2,0.8,5.3,0.52,0.14,5.1,0,2018-2019,0
2612,Serge Ibaka,F-C,29.56,74,27.2,56.6,22.8,10.6,177,0.763,708,0.586,169,0.29,0.582,15.0,8.1,16.1,1.3,7.7,0.39,1.38,7.9,0,2018-2019,0
2613,Andre Iguodala,G-F,35.2,68,23.2,48.3,10.4,13.6,67,0.582,158,0.652,144,0.333,0.587,5.7,3.7,8.5,3.2,16.8,0.9,0.75,7.0,0,2018-2019,0
2614,Ersan Ilyasova,F,31.91,67,18.4,38.3,15.7,10.2,74,0.824,221,0.493,160,0.363,0.548,6.8,4.5,12.4,0.8,5.5,0.48,0.3,6.3,0,2018-2019,0
2615,Joe Ingles,F,31.52,82,31.3,65.2,17.5,18.4,123,0.707,319,0.533,483,0.391,0.581,12.1,4.0,7.0,5.7,26.1,1.18,0.24,8.3,0,2018-2019,0
2616,Andre Ingram,G,33.39,4,3.7,7.6,19.9,14.3,0,0.0,3,0.0,3,0.0,0.0,0.0,0.5,7.1,0.0,0.0,0.25,0.0,0.0,0,2018-2019,0
2617,Brandon Ingram,F,21.61,52,33.9,70.5,23.2,13.2,289,0.675,634,0.522,94,0.33,0.555,18.3,5.2,7.9,3.0,12.9,0.54,0.6,7.8,0,2018-2019,0
2618,Kyrie Irving,G,27.05,67,33.0,68.8,29.6,11.3,245,0.873,807,0.533,434,0.401,0.592,23.8,5.0,8.1,6.9,35.0,1.55,0.51,11.4,1,2018-2019,0
2619,Jonathan Isaac,F,21.52,75,26.6,55.5,16.3,10.2,135,0.815,345,0.51,266,0.323,0.537,9.6,5.5,11.0,1.1,5.7,0.79,1.29,5.8,0,2018-2019,0
2620,Wes Iwundu,F,24.31,68,18.1,37.8,12.8,12.1,103,0.816,195,0.431,79,0.367,0.531,5.0,2.7,8.0,1.1,7.9,0.41,0.32,5.4,0,2018-2019,0
2621,Jaren Jackson Jr.,F-C,19.57,58,26.1,54.4,22.8,12.7,197,0.766,448,0.551,142,0.359,0.59,13.8,4.7,10.1,1.1,7.3,0.9,1.41,6.4,0,2018-2019,0
2622,Demetrius Jackson,G,24.59,6,6.6,13.7,18.8,5.6,4,1.0,9,0.667,6,0.333,0.656,3.7,0.5,4.0,0.8,19.2,0.33,0.0,6.9,0,2018-2019,0
2623,Frank Jackson,G,20.94,61,19.2,39.9,18.5,8.9,73,0.74,278,0.507,170,0.312,0.515,8.1,2.2,5.9,1.1,8.0,0.41,0.03,5.6,0,2018-2019,0
2624,Josh Jackson,F,22.16,79,25.2,52.4,23.9,15.6,213,0.671,616,0.445,225,0.324,0.487,11.5,4.4,9.7,2.3,14.1,0.92,0.71,7.7,0,2018-2019,0
2625,Justin Jackson,F,24.04,81,19.9,41.5,14.4,5.354,79,0.786,240,0.537,245,0.355,0.56,7.2,2.6,6.9,1.2,8.1,0.39,0.17,5.7,0,2018-2019,0
2626,Reggie Jackson,G,28.99,82,27.9,58.2,24.5,11.4,236,0.864,576,0.464,471,0.369,0.547,15.4,2.6,5.1,4.2,24.7,0.66,0.11,7.9,0,2018-2019,0
2627,LeBron James,F,34.28,55,35.2,73.4,31.6,13.3,418,0.665,768,0.582,327,0.339,0.588,27.4,8.4,12.3,8.3,39.4,1.31,0.6,14.1,1,2018-2019,1
2628,Amile Jefferson,F,25.93,12,5.7,11.9,13.1,4.9,8,0.875,16,0.625,0,0.0,0.692,2.3,1.8,16.5,0.3,6.3,0.25,0.25,7.5,0,2018-2019,0
2629,John Jenkins,G,28.1,26,12.8,26.7,14.5,6.346,18,0.705,46,0.368,59,0.451,0.669,4.6,1.4,5.6,0.9,9.9,0.0,0.08,5.6,0,2018-2019,0
2630,Jonas Jerebko,F,32.11,73,16.7,34.8,15.2,9.9,80,0.8,167,0.563,188,0.367,0.588,6.3,3.9,12.6,1.3,10.1,0.37,0.25,7.6,0,2018-2019,0
2631,Alize Johnson,F,22.97,14,4.6,9.6,13.2,0.0,8,0.5,14,0.214,2,0.5,0.333,0.9,1.4,16.3,0.1,1.9,0.07,0.21,4.4,0,2018-2019,0
2632,Amir Johnson,C-F,31.95,51,10.4,21.6,17.4,20.5,41,0.756,117,0.573,40,0.3,0.574,3.9,2.9,14.6,1.2,15.9,0.31,0.27,9.2,0,2018-2019,0
2633,BJ Johnson,F,23.31,7,7.0,14.7,17.1,9.086,2,0.857,11,0.571,7,0.429,0.605,3.3,1.1,8.3,0.0,0.0,0.28,0.0,0.0,0,2018-2019,0
2634,James Johnson,F,32.14,55,21.2,44.1,17.8,15.3,70,0.714,230,0.496,149,0.336,0.522,7.8,3.2,8.0,2.5,17.0,0.64,0.49,7.5,0,2018-2019,0
2635,Stanley Johnson,F,22.87,66,18.3,38.1,19.5,15.164,64,0.773,225,0.484,215,0.293,0.486,6.9,3.2,9.6,1.4,11.0,0.91,0.21,6.9,0,2018-2019,0
2636,Tyler Johnson,G,26.93,57,26.8,55.9,18.6,11.702,127,0.734,266,0.481,260,0.346,0.532,10.9,3.0,5.9,2.9,15.7,0.95,0.48,6.8,0,2018-2019,0
2637,Wesley Johnson,F-G,31.75,38,14.1,29.3,12.0,11.079,19,0.677,52,0.378,76,0.333,0.471,3.4,1.9,7.0,0.6,5.3,0.37,0.32,4.5,0,2018-2019,0
2638,Nikola Jokic,C,24.14,80,31.3,65.2,27.4,15.4,352,0.821,936,0.569,270,0.307,0.589,20.1,10.8,18.7,7.3,37.1,1.35,0.69,14.9,1,2018-2019,0
2639,Derrick Jones Jr.,F-G,22.15,60,19.2,40.1,15.6,10.0,122,0.607,234,0.564,91,0.308,0.557,7.0,4.0,11.1,0.6,4.7,0.77,0.7,5.3,0,2018-2019,0
2640,Damian Jones,C,23.78,24,17.1,35.6,11.1,15.1,37,0.649,74,0.716,0,0.0,0.72,5.4,3.1,9.8,1.2,8.7,0.5,1.04,6.4,0,2018-2019,0
2641,Jalen Jones,F,25.87,16,13.4,27.9,16.7,9.8,27,0.704,34,0.471,28,0.357,0.548,5.1,2.1,8.6,0.4,4.8,0.56,0.13,4.8,0,2018-2019,0
2642,Jemerrio Jones,F,24.01,6,23.9,49.7,11.3,12.9,2,0.5,23,0.435,10,0.2,0.398,4.5,8.2,17.7,2.2,11.4,1.17,1.0,7.2,0,2018-2019,0
2643,Terrence Jones,F,27.25,2,2.6,5.3,46.3,18.4,1,0.0,2,0.5,2,0.0,0.225,1.0,2.0,43.4,0.0,0.0,0.0,0.0,0.0,0,2018-2019,0
2644,Tyus Jones,G,22.92,68,22.9,47.8,14.1,9.0,69,0.841,320,0.453,126,0.317,0.491,6.9,2.0,4.6,4.8,28.2,1.19,0.07,7.1,0,2018-2019,0
2645,DeAndre Jordan,C,30.72,69,29.7,61.9,15.1,21.383,264,0.707,446,0.641,0,0.0,0.674,11.0,13.0,23.4,2.3,11.9,0.59,1.06,9.3,0,2018-2019,0
2646,Cory Joseph,G,27.64,82,25.2,52.4,13.7,12.4,43,0.698,377,0.454,171,0.322,0.474,6.5,3.4,7.5,3.9,20.7,1.13,0.27,7.0,0,2018-2019,0
2647,Frank Kaminsky,F-C,26.02,47,16.1,33.5,22.1,10.6,107,0.738,160,0.55,139,0.36,0.585,8.6,3.5,11.7,1.3,12.9,0.26,0.28,8.4,0,2018-2019,0
2648,Enes Kanter,C,26.89,67,24.4,51.0,23.1,13.306,197,0.787,649,0.564,34,0.295,0.595,13.7,9.8,21.1,1.7,12.0,0.48,0.4,10.0,0,2018-2019,0
2649,Luke Kennard,G,22.8,63,22.8,47.5,18.1,9.4,61,0.836,251,0.486,269,0.394,0.56,9.7,2.9,7.0,1.8,12.3,0.41,0.14,6.5,0,2018-2019,0
2650,Michael Kidd-Gilchrist,F,25.54,64,18.4,38.4,15.7,10.0,123,0.772,285,0.498,47,0.34,0.553,6.7,3.8,11.3,1.0,7.4,0.5,0.61,6.4,0,2018-2019,0
2651,George King,F,25.24,1,5.9,12.3,0.0,0.0,0,0.0,0,0.0,0,0.0,0.0,0.0,1.0,9.4,0.0,0.0,0.0,0.0,0.0,0,2018-2019,0
2652,Maxi Kleber,F,27.2,71,21.2,44.1,13.5,11.4,74,0.784,168,0.583,218,0.353,0.579,6.8,4.6,11.7,1.0,6.8,0.51,1.11,5.9,0,2018-2019,0
2653,Brandon Knight,G,27.36,39,18.9,39.3,18.5,9.7,34,0.794,131,0.433,129,0.305,0.463,6.8,1.6,4.4,1.8,13.7,0.54,0.05,5.6,0,2018-2019,0
2654,Kevin Knox,F,19.67,75,28.8,59.9,22.4,10.2,226,0.717,551,0.387,364,0.343,0.475,12.8,4.5,8.2,1.1,6.0,0.56,0.32,5.5,0,2018-2019,0
2655,Furkan Korkmaz,G-F,21.72,48,14.2,29.5,17.9,8.6,44,0.818,101,0.505,144,0.326,0.528,5.8,2.3,8.4,1.1,10.7,0.6,0.04,6.9,0,2018-2019,0
2656,Luke Kornet,F-C,23.74,46,17.0,35.5,17.9,7.6,46,0.826,90,0.411,193,0.363,0.531,7.0,2.9,9.0,1.2,10.5,0.59,0.91,6.8,0,2018-2019,0
2657,Kyle Korver,G-F,38.07,70,19.0,39.7,18.4,10.751,73,0.822,135,0.466,348,0.402,0.588,8.6,2.3,6.6,1.2,8.9,0.36,0.18,6.0,0,2018-2019,0
2658,Kosta Koufos,C,30.13,42,11.9,24.9,15.7,14.2,24,0.417,153,0.477,0,0.0,0.477,3.7,4.2,18.2,0.9,9.5,0.36,0.43,8.1,0,2018-2019,0
2659,Rodions Kurucs,F,21.18,63,20.5,42.8,18.4,13.6,92,0.783,265,0.543,184,0.315,0.545,8.5,3.9,10.0,0.8,6.0,0.67,0.43,5.8,0,2018-2019,0
2660,Kyle Kuzma,F,23.72,70,33.1,68.9,23.8,9.9,250,0.752,665,0.553,422,0.303,0.546,18.7,5.5,8.5,2.5,11.5,0.57,0.37,7.7,0,2018-2019,0
2661,Skal Labissiere,F,23.06,22,8.0,16.7,16.0,16.25,17,0.527,36,0.545,13,0.624,0.598,3.0,1.9,13.0,0.5,8.8,0.22,0.27,7.5,0,2018-2019,0
2662,Jeremy Lamb,G,26.86,79,28.5,59.3,22.5,6.8,260,0.888,648,0.488,330,0.348,0.553,15.3,5.5,10.4,2.2,11.9,1.11,0.41,8.0,0,2018-2019,0
2663,Zach LaVine,G,24.09,63,34.5,71.8,30.5,14.2,375,0.832,814,0.504,321,0.374,0.574,23.7,4.7,7.4,4.5,22.6,0.95,0.41,9.2,0,2018-2019,0
2664,Jake Layman,F,25.1,71,18.7,38.9,15.9,9.2,71,0.704,243,0.646,181,0.326,0.594,7.6,3.1,8.7,0.7,5.6,0.44,0.42,5.4,0,2018-2019,0
2665,TJ Leaf,F,21.95,58,9.0,18.7,17.5,5.8,31,0.613,152,0.599,31,0.258,0.572,3.9,2.2,13.4,0.4,6.9,0.17,0.33,6.7,0,2018-2019,0
2666,Courtney Lee,G,33.52,34,12.6,26.2,15.2,9.247,21,0.689,74,0.498,55,0.293,0.49,4.0,1.6,6.6,1.1,12.7,0.62,0.09,6.0,0,2018-2019,0
2667,Damion Lee,G,26.47,32,11.7,24.4,16.8,7.4,22,0.864,59,0.492,68,0.397,0.578,4.9,2.0,9.1,0.4,4.5,0.41,0.0,5.4,0,2018-2019,0
2668,Walter Lemon Jr.,G,27.71,6,27.9,58.1,26.6,9.8,11,0.727,82,0.439,5,0.4,0.468,14.3,4.5,8.8,5.0,30.3,1.83,0.17,9.8,0,2018-2019,0
2669,Alex Len,C,25.82,77,20.1,41.8,22.1,11.5,216,0.648,444,0.554,204,0.363,0.575,11.1,5.5,14.4,1.1,8.6,0.35,0.9,8.1,0,2018-2019,0
2670,Kawhi Leonard,F,27.78,60,34.0,70.8,30.3,8.4,426,0.854,827,0.542,302,0.371,0.606,26.6,7.3,11.6,3.3,16.4,1.77,0.42,10.1,1,2018-2019,0
2671,Meyers Leonard,F-C,27.12,61,14.4,30.0,14.8,14.0,51,0.843,131,0.626,111,0.45,0.675,5.9,3.8,14.2,1.2,11.8,0.21,0.15,8.3,0,2018-2019,0
2672,Jon Leuer,F,29.91,41,9.8,20.4,16.1,15.3,31,0.742,102,0.637,12,0.083,0.611,3.8,2.4,13.2,0.3,5.5,0.29,0.1,5.7,0,2018-2019,0
2673,Caris LeVert,G,24.63,40,26.6,55.4,24.0,11.4,123,0.691,330,0.482,154,0.312,0.508,13.7,3.8,7.4,3.9,23.2,1.05,0.35,8.8,0,2018-2019,0
2674,Damian Lillard,G,28.74,80,35.5,73.9,29.3,10.8,513,0.912,890,0.499,643,0.369,0.588,25.8,4.6,7.0,6.9,30.6,1.11,0.41,10.5,1,2018-2019,1
2675,Jeremy Lin,G,30.63,74,19.4,40.5,21.7,16.17,210,0.834,354,0.515,187,0.292,0.554,9.5,2.4,6.6,3.1,23.3,0.64,0.18,8.5,0,2018-2019,0
2676,Shaun Livingston,G,33.58,64,15.1,31.5,12.0,14.1,51,0.784,208,0.524,2,0.0,0.555,4.0,1.8,6.5,1.8,14.8,0.48,0.42,6.2,0,2018-2019,0
2677,Zach Lofton,G,26.39,1,3.8,7.9,22.7,50.0,0,0.0,0,0.0,1,0.0,0.0,0.0,0.0,0.0,0.0,0.0,1.0,0.0,0.0,0,2018-2019,0
2678,Kevon Looney,F,23.18,80,18.5,38.6,12.8,11.5,105,0.619,338,0.639,10,0.1,0.634,6.3,5.2,15.1,1.5,10.8,0.56,0.68,7.9,0,2018-2019,0
2679,Brook Lopez,C,31.03,81,28.7,59.7,16.7,9.0,133,0.842,273,0.615,512,0.365,0.598,12.5,4.9,8.7,1.2,5.7,0.6,2.21,5.8,0,2018-2019,0
2680,Robin Lopez,C,31.03,74,21.7,45.2,18.6,14.0,123,0.724,504,0.589,31,0.226,0.598,9.5,3.9,9.6,1.2,8.8,0.15,1.05,6.5,0,2018-2019,0
2681,Kevin Love,F-C,30.59,22,27.2,56.6,27.4,11.2,114,0.904,136,0.412,147,0.361,0.561,17.0,10.9,22.2,2.2,12.8,0.27,0.27,10.9,0,2018-2019,0
2682,Kyle Lowry,G,33.05,65,34.1,70.9,19.6,18.1,194,0.83,286,0.514,453,0.347,0.562,14.2,4.8,7.6,8.7,34.8,1.4,0.48,9.9,0,2018-2019,0
2683,Jordan Loyd,G,25.71,12,4.6,9.5,19.5,8.1,11,0.818,10,0.4,8,0.5,0.635,2.4,0.8,8.8,0.5,15.1,0.0,0.0,8.6,0,2018-2019,0
2684,Kalin Lucas,G,29.88,1,5.6,11.7,14.5,0.0,2,1.0,0,0.0,1,0.0,0.532,2.0,3.0,29.2,1.0,22.3,0.0,0.0,13.0,0,2018-2019,0
2685,Timothe Luwawu-Cabarrot,G-F,23.92,50,13.3,27.9,16.5,7.926,41,0.727,102,0.432,116,0.287,0.46,4.7,1.9,7.8,0.5,5.1,0.38,0.16,4.9,0,2018-2019,0
2686,Tyler Lydon,F,23.0,25,3.7,7.8,10.7,17.2,3,0.333,8,0.625,10,0.4,0.595,0.9,0.7,10.4,0.2,8.3,0.08,0.0,5.4,0,2018-2019,0
2687,Trey Lyles,F,23.43,63,17.8,37.0,23.4,11.1,116,0.698,294,0.531,200,0.255,0.501,8.7,3.9,11.9,1.4,11.3,0.48,0.38,8.1,0,2018-2019,0
2688,Scott Machado,G,28.84,4,4.8,10.0,13.9,0.0,1,1.0,5,0.6,1,1.0,0.776,2.5,0.0,0.0,0.8,23.2,0.25,0.0,0.0,0,2018-2019,0
2689,Shelvin Mack,G,28.97,57,21.9,45.5,18.3,13.179,84,0.696,273,0.422,130,0.334,0.482,7.5,1.8,4.6,3.2,21.9,0.81,0.07,6.2,0,2018-2019,0
2690,Daryl Macon,G,23.37,8,11.2,23.4,17.3,16.6,7,0.571,16,0.313,11,0.455,0.482,3.6,1.5,7.1,0.9,11.2,0.13,0.0,6.0,0,2018-2019,0
2691,J.P. Macura,G,23.85,2,8.4,17.5,23.1,0.0,0,0.0,5,0.6,4,0.0,0.333,3.0,1.5,9.6,1.0,18.2,0.0,0.0,7.9,0,2018-2019,0
2692,Ian Mahinmi,C,32.43,34,14.6,30.5,13.0,13.7,61,0.689,89,0.494,16,0.188,0.527,4.1,3.8,14.1,0.7,6.5,0.74,0.47,6.1,0,2018-2019,0
2693,Thon Maker,F,22.12,64,15.2,31.7,15.1,9.189,84,0.643,115,0.53,153,0.321,0.532,5.1,3.2,11.2,0.7,6.2,0.33,0.8,5.9,0,2018-2019,0
2694,Boban Marjanovic,C,30.65,56,12.2,25.3,23.5,15.721,131,0.744,250,0.623,10,0.196,0.665,7.5,4.7,20.7,1.0,12.4,0.27,0.48,10.3,0,2018-2019,0
2695,Lauri Markkanen,F,21.89,52,32.3,67.4,25.1,8.9,195,0.872,463,0.479,332,0.361,0.553,18.7,9.1,15.3,1.4,7.2,0.71,0.63,7.7,0,2018-2019,0
2696,Jarell Martin,F,24.88,42,7.8,16.3,15.9,9.2,11,0.818,47,0.489,57,0.351,0.528,2.7,1.7,11.9,0.4,7.8,0.07,0.19,6.3,0,2018-2019,0
2697,Frank Mason,G,25.02,38,11.5,23.9,21.8,15.6,57,0.684,105,0.543,64,0.219,0.502,5.1,1.2,5.2,2.2,26.3,0.42,0.11,8.3,0,2018-2019,0
2698,Yante Maten,F,22.66,2,6.5,13.5,13.2,0.0,0,0.0,3,0.333,1,0.0,0.25,1.0,1.5,12.3,0.0,0.0,0.5,0.0,0.0,0,2018-2019,0
2699,Wesley Matthews,G-F,32.49,69,30.3,63.1,17.9,10.623,163,0.812,296,0.433,403,0.371,0.544,12.2,2.5,4.4,2.3,11.2,0.8,0.23,5.4,0,2018-2019,0
2700,Luc Mbah a Moute,F,32.59,4,15.3,31.8,15.4,9.0,5,0.4,12,0.5,6,0.333,0.495,5.0,1.8,6.1,0.5,4.5,0.25,0.25,4.3,0,2018-2019,0
2701,Tahjere McCall,G,24.65,1,8.0,16.7,18.1,0.0,1,0.0,2,1.0,1,0.0,0.581,4.0,1.0,6.6,0.0,0.0,0.0,0.0,0.0,0,2018-2019,0
2702,Patrick McCaw,G,23.46,29,13.7,28.5,9.4,19.441,15,0.777,35,0.499,28,0.324,0.539,2.6,1.6,6.6,1.0,9.3,0.8,0.11,4.7,0,2018-2019,0
2703,CJ McCollum,G,27.56,70,33.9,70.7,25.5,7.4,192,0.828,798,0.506,445,0.375,0.553,21.0,4.0,6.3,3.0,13.8,0.79,0.39,7.5,0,2018-2019,0
2704,T.J. McConnell,G,27.04,76,19.3,40.3,15.0,17.3,37,0.784,377,0.546,43,0.326,0.554,6.4,2.3,6.3,3.4,24.7,1.04,0.21,7.6,0,2018-2019,0
2705,Doug McDermott,F,27.27,77,17.4,36.2,16.3,8.4,79,0.835,217,0.567,206,0.408,0.616,7.3,1.4,4.5,0.9,7.1,0.23,0.1,4.8,0,2018-2019,0
2706,JaVale McGee,C,31.23,75,22.3,46.4,20.2,13.2,152,0.632,629,0.634,12,0.083,0.634,12.0,7.6,17.5,0.7,4.9,0.64,1.96,7.2,0,2018-2019,0
2707,Rodney McGruder,G-F,27.7,66,23.5,48.9,15.4,11.5,72,0.722,236,0.453,227,0.348,0.508,7.6,3.6,8.2,1.7,10.3,0.53,0.2,6.1,0,2018-2019,0
2708,Alfonzo McKinnie,F,26.56,72,13.9,29.0,13.9,9.2,48,0.563,158,0.582,118,0.356,0.567,4.7,3.4,13.2,0.4,4.0,0.26,0.21,5.3,0,2018-2019,0
2709,Ben McLemore,G,26.16,19,8.3,17.3,19.5,6.7,12,0.667,23,0.348,41,0.415,0.541,3.9,0.9,5.6,0.2,3.4,0.32,0.16,4.3,0,2018-2019,0
2710,Jordan McRae,G,28.04,27,12.3,25.7,20.4,9.4,35,0.8,95,0.537,35,0.286,0.55,5.9,1.5,6.5,1.1,13.2,0.48,0.22,6.9,0,2018-2019,0
2711,Jodie Meeks,G,31.64,8,13.0,27.1,17.1,4.8,1,1.0,21,0.619,18,0.444,0.647,6.4,1.5,6.2,1.0,11.5,0.13,0.13,6.5,0,2018-2019,0
2712,Salah Mejri,C,32.82,36,11.1,23.1,15.8,14.3,32,0.625,78,0.564,34,0.324,0.559,3.9,3.6,17.6,1.0,13.2,0.28,0.75,8.7,0,2018-2019,0
2713,De'Anthony Melton,G,20.87,50,19.7,41.0,15.0,21.8,28,0.75,161,0.441,95,0.305,0.466,5.0,2.7,7.5,3.2,22.3,1.36,0.46,7.1,0,2018-2019,0
2714,Chimezie Metu,F,22.06,29,5.0,10.4,24.4,18.6,17,0.765,56,0.339,2,0.0,0.389,1.8,1.2,13.5,0.4,12.0,0.21,0.07,7.6,0,2018-2019,0
2715,Khris Middleton,F,27.66,77,31.1,64.8,25.1,12.1,258,0.837,674,0.485,474,0.378,0.558,18.3,6.0,9.8,4.3,20.1,1.04,0.09,10.0,0,2018-2019,0
2716,CJ Miles,F-G,32.07,53,16.2,33.7,18.7,8.255,58,0.828,108,0.408,203,0.326,0.499,6.4,1.8,6.0,0.7,5.7,0.51,0.27,5.0,0,2018-2019,0
2717,Darius Miller,F,29.06,69,25.5,53.1,13.4,10.3,71,0.789,120,0.467,364,0.365,0.55,8.2,1.8,3.7,2.1,10.4,0.58,0.33,4.9,0,2018-2019,0
2718,Malcolm Miller,F,26.1,10,6.7,14.0,18.4,3.5,4,0.75,5,0.2,21,0.476,0.63,3.5,0.5,4.0,0.1,2.1,0.1,0.1,3.3,0,2018-2019,0
2719,Paul Millsap,F,34.16,70,27.1,56.4,19.6,10.9,249,0.727,507,0.521,159,0.365,0.569,12.6,7.2,14.5,2.0,10.6,1.17,0.77,8.4,0,2018-2019,0
2720,Patty Mills,G,30.66,82,23.3,48.5,18.5,11.7,105,0.848,259,0.475,404,0.394,0.572,9.9,2.2,5.2,3.0,17.6,0.6,0.12,6.9,0,2018-2019,0
2721,Shake Milton,G,22.54,20,13.4,27.9,15.0,6.2,7,0.714,43,0.465,44,0.318,0.483,4.4,1.7,6.7,0.9,9.2,0.4,0.4,5.6,0,2018-2019,0
2722,Nikola Mirotic,F,28.16,46,27.1,56.4,21.3,7.417,124,0.851,224,0.542,318,0.364,0.582,15.1,7.4,13.9,1.2,6.3,0.68,0.74,7.5,0,2018-2019,0
2723,Donovan Mitchell,G,22.59,77,33.7,70.3,31.6,11.3,396,0.806,1010,0.468,520,0.362,0.537,23.8,4.1,6.6,4.2,21.2,1.38,0.4,8.8,0,2018-2019,0
2724,Naz Mitrou-Long,G,25.69,14,6.0,12.5,14.7,27.7,2,1.0,9,0.444,11,0.182,0.383,1.1,0.4,3.9,1.1,23.3,0.07,0.07,5.2,0,2018-2019,0
2725,Malik Monk,G,21.18,73,17.2,35.9,24.5,11.9,102,0.882,256,0.461,330,0.33,0.518,8.9,1.9,5.8,1.6,14.3,0.51,0.26,7.0,0,2018-2019,0
2726,Greg Monroe,C,28.85,43,11.2,23.3,23.5,13.147,72,0.57,184,0.488,5,0.07,0.51,5.3,4.0,20.1,0.5,10.3,0.32,0.19,8.2,0,2018-2019,0
2727,E'Twaun Moore,G,30.12,53,27.6,57.5,17.3,9.6,59,0.763,356,0.506,176,0.432,0.567,11.9,2.4,4.5,1.9,9.5,0.75,0.15,5.5,0,2018-2019,0
2728,Eric Moreland,F-C,27.3,5,8.7,18.0,10.8,33.36,0,0.0,6,0.266,1,0.8,0.4,1.4,4.0,25.8,0.8,10.6,0.2,0.2,6.6,0,2018-2019,0
2729,Jaylen Morris,G,23.56,4,7.1,14.8,17.5,8.4,2,0.5,7,0.429,3,0.333,0.46,2.5,1.3,8.9,1.0,18.5,0.5,0.0,8.3,0,2018-2019,0
2730,Marcus Morris,F,29.61,75,27.9,58.1,20.9,9.1,173,0.844,455,0.508,389,0.375,0.568,13.9,6.1,11.7,1.5,7.5,0.57,0.33,7.2,0,2018-2019,0
2731,Markieff Morris,F,29.61,58,21.9,45.6,18.9,8.438,92,0.763,281,0.478,203,0.335,0.515,9.4,4.6,11.2,1.4,8.4,0.61,0.38,7.1,0,2018-2019,0
2732,Monte Morris,G,23.79,82,24.0,50.1,17.1,6.6,81,0.802,475,0.531,227,0.414,0.577,10.4,2.4,5.3,3.6,21.7,0.89,0.05,7.5,0,2018-2019,0
2733,Donatas Motiejunas,F-C,28.56,3,4.3,8.9,34.0,30.4,2,0.0,6,0.5,0,0.0,0.436,2.0,1.0,12.8,0.3,12.2,0.0,0.33,7.8,0,2018-2019,0
2734,Johnathan Motley,F,23.94,22,7.1,14.8,28.8,15.0,40,0.6,70,0.557,3,0.0,0.563,4.6,2.3,17.3,0.5,11.7,0.23,0.14,9.8,0,2018-2019,0
2735,Emmanuel Mudiay,G,23.1,59,27.2,56.7,25.6,14.6,186,0.774,531,0.492,209,0.33,0.531,14.8,3.3,6.4,3.9,24.2,0.73,0.32,8.5,0,2018-2019,0
2736,Jamal Murray,G,22.13,75,32.6,68.0,24.9,11.1,223,0.848,759,0.476,414,0.367,0.538,18.2,4.2,7.0,4.8,22.3,0.89,0.36,8.8,0,2018-2019,0
2737,Dzanan Musa,G-F,19.93,9,4.4,9.1,28.7,14.9,2,0.0,12,0.667,10,0.1,0.415,2.1,0.6,6.7,0.2,8.5,0.22,0.0,5.7,0,2018-2019,0
2738,Mike Muscala,F-C,27.78,64,20.4,42.5,14.3,10.347,85,0.833,105,0.534,256,0.349,0.565,7.0,3.8,9.8,1.2,7.7,0.34,0.61,6.1,0,2018-2019,0
2739,Svi Mykhailiuk,G,21.84,42,10.5,21.9,16.1,12.4,20,0.557,50,0.344,89,0.331,0.448,3.2,0.8,4.2,0.8,11.4,0.33,0.03,5.0,0,2018-2019,0
2740,Abdel Nader,F,25.54,61,11.4,23.7,15.1,10.1,36,0.75,115,0.513,100,0.32,0.522,4.0,1.9,8.6,0.3,3.8,0.33,0.2,4.6,0,2018-2019,0
2741,Larry Nance Jr.,F,26.27,67,26.8,55.8,15.5,15.3,134,0.716,381,0.567,98,0.337,0.583,9.4,8.2,17.0,3.2,17.8,1.49,0.6,9.4,0,2018-2019,0
2742,Shabazz Napier,G,27.74,56,17.6,36.6,24.0,11.7,138,0.833,207,0.449,228,0.333,0.534,9.4,1.8,5.3,2.6,22.2,0.75,0.29,8.0,0,2018-2019,0
2743,Nene,C-F,36.58,42,13.0,27.1,11.7,7.4,47,0.66,113,0.531,3,0.0,0.552,3.6,2.9,12.5,0.6,6.8,0.43,0.36,5.7,0,2018-2019,0
2744,Raul Neto,G,26.89,37,12.8,26.7,19.0,16.6,33,0.848,101,0.535,60,0.333,0.558,5.3,1.7,7.1,2.5,28.8,0.38,0.11,8.8,0,2018-2019,0
2745,Georges Niang,F,25.82,59,8.8,18.2,17.8,10.7,24,0.833,76,0.566,105,0.41,0.613,4.0,1.5,9.1,0.6,10.1,0.17,0.1,7.0,0,2018-2019,0
2746,Joakim Noah,C,34.12,42,16.5,34.4,20.1,16.1,109,0.716,212,0.519,1,0.0,0.571,7.1,5.7,19.3,2.1,20.6,0.48,0.74,10.7,0,2018-2019,0
2747,Nerlens Noel,F-C,25.0,77,13.7,28.6,13.8,13.4,79,0.684,276,0.587,0,0.0,0.608,4.9,4.2,15.9,0.6,5.9,0.86,1.25,6.7,0,2018-2019,0
2748,Dirk Nowitzki,F,40.81,51,15.6,32.5,22.5,4.3,50,0.78,171,0.415,205,0.312,0.469,7.3,3.1,10.6,0.7,6.9,0.18,0.35,6.4,0,2018-2019,0
2749,Frank Ntilikina,G,20.7,43,21.0,43.8,16.6,15.9,30,0.767,167,0.371,115,0.287,0.417,5.7,2.0,5.0,2.8,19.7,0.7,0.33,6.0,0,2018-2019,0
2750,James Nunnally,F,28.74,15,6.8,14.1,15.5,3.64,4,0.867,9,0.433,25,0.367,0.56,2.4,0.3,3.1,0.5,10.4,0.07,0.0,4.9,0,2018-2019,0
2751,Jusuf Nurkic,C,24.63,72,27.4,57.1,24.7,14.6,365,0.773,797,0.523,29,0.103,0.57,15.6,10.4,20.2,3.2,17.9,0.97,1.43,11.7,0,2018-2019,0
2752,David Nwaba,G,26.24,51,19.3,40.2,14.6,8.8,85,0.682,188,0.543,75,0.32,0.556,6.5,3.2,9.2,1.1,8.1,0.71,0.33,5.9,0,2018-2019,0
2753,Semi Ojeleye,F,24.35,56,10.6,22.1,14.1,9.8,39,0.615,69,0.565,89,0.315,0.531,3.3,1.5,7.7,0.4,5.1,0.18,0.07,4.7,0,2018-2019,0
2754,Jahlil Okafor,C,23.32,59,15.8,33.0,19.9,11.5,89,0.663,357,0.591,5,0.2,0.603,8.2,4.7,15.4,0.7,6.3,0.25,0.68,7.6,0,2018-2019,0
2755,Elie Okobo,G,21.47,53,18.1,37.7,17.0,18.2,47,0.787,158,0.475,132,0.295,0.489,5.7,1.9,5.7,2.4,18.7,0.6,0.13,6.5,0,2018-2019,0
2756,Josh Okogie,G,20.61,74,23.7,49.5,15.4,9.8,162,0.728,293,0.464,215,0.279,0.492,7.7,2.9,6.6,1.2,6.9,1.19,0.45,5.1,0,2018-2019,0
2757,Victor Oladipo,G,26.93,36,31.9,66.4,27.9,11.2,141,0.73,372,0.47,216,0.343,0.519,18.8,5.6,9.8,5.2,25.2,1.67,0.31,10.3,0,2018-2019,1
2758,Kelly Olynyk,F,27.98,79,22.9,47.8,18.0,15.0,185,0.822,245,0.604,319,0.354,0.61,10.0,4.7,11.0,1.8,11.4,0.67,0.46,7.7,0,2018-2019,0
2759,Royce O'Neale,F,25.85,82,20.4,42.5,11.0,16.2,42,0.762,167,0.569,176,0.386,0.589,5.2,3.5,9.2,1.5,10.0,0.66,0.3,5.9,0,2018-2019,0
2760,Kyle O'Quinn,C,29.04,45,8.2,17.2,20.8,17.6,21,0.81,124,0.548,12,0.083,0.537,3.5,2.6,17.6,1.2,22.4,0.2,0.56,10.8,0,2018-2019,0
2761,Cedi Osman,F,24.01,76,32.2,67.0,18.5,11.0,181,0.779,469,0.49,374,0.348,0.537,13.0,4.7,8.1,2.6,12.1,0.78,0.14,6.7,0,2018-2019,0
2762,Kelly Oubre Jr.,F,23.34,69,28.0,58.4,23.1,9.723,244,0.777,503,0.53,338,0.319,0.551,15.2,4.7,9.2,1.2,6.6,1.23,0.86,6.2,0,2018-2019,0
2763,Zaza Pachulia,C,35.16,68,12.9,26.9,15.0,19.0,124,0.782,188,0.452,4,0.0,0.541,3.9,3.9,16.5,1.3,14.7,0.46,0.25,8.4,0,2018-2019,0
2764,Jabari Parker,F,24.07,64,26.9,56.2,24.6,15.389,184,0.713,554,0.558,195,0.314,0.56,14.6,6.6,13.3,2.4,14.1,0.74,0.47,9.1,0,2018-2019,0
2765,Tony Parker,G,36.9,56,17.9,37.3,25.5,12.7,124,0.734,412,0.485,51,0.255,0.512,9.5,1.5,4.5,3.7,33.4,0.38,0.13,8.4,0,2018-2019,0
2766,Chandler Parsons,F,30.46,25,19.8,41.3,20.3,14.2,25,0.88,88,0.443,94,0.309,0.484,7.5,2.8,7.9,1.7,13.4,0.76,0.2,6.7,0,2018-2019,0
2767,Patrick Patterson,F,30.08,63,13.7,28.5,12.0,8.7,30,0.633,82,0.439,137,0.336,0.493,3.6,2.3,8.8,0.5,4.6,0.25,0.21,4.7,0,2018-2019,0
2768,Justin Patton,C,21.83,3,6.9,14.3,16.0,0.0,2,0.5,5,0.4,2,0.0,0.317,1.7,2.0,15.4,1.0,19.1,0.67,0.0,8.7,0,2018-2019,0
2769,Chris Paul,G,33.93,58,32.0,66.7,22.5,15.7,203,0.862,365,0.479,355,0.358,0.56,15.6,4.6,7.9,8.2,39.3,1.97,0.31,10.5,0,2018-2019,0
2770,Cameron Payne,G,24.67,40,17.8,37.1,17.6,15.797,41,0.837,139,0.512,84,0.291,0.515,6.3,1.8,5.5,2.7,21.9,0.7,0.22,7.0,0,2018-2019,0
2771,Gary Payton II,G,26.36,3,5.3,11.0,24.0,11.1,0,0.0,6,0.667,2,0.5,0.688,3.7,0.7,6.8,1.3,45.5,1.0,0.33,11.3,0,2018-2019,0
2772,Elfrid Payton,G,25.13,42,29.8,62.0,18.3,20.1,74,0.743,307,0.476,105,0.314,0.502,10.6,5.3,9.2,7.6,33.6,1.05,0.4,10.1,0,2018-2019,0
2773,Theo Pinson,G-F,23.43,18,11.7,24.5,20.0,17.9,22,0.864,27,0.481,46,0.261,0.49,4.5,2.0,8.9,1.2,14.0,0.33,0.0,7.6,0,2018-2019,0
2774,Mason Plumlee,F-C,29.1,82,21.1,44.0,16.2,19.4,198,0.561,432,0.602,10,0.2,0.602,7.8,6.4,16.4,3.0,19.5,0.79,0.93,10.1,0,2018-2019,0
2775,Miles Plumlee,C,30.61,18,9.6,20.0,16.7,14.0,30,0.533,48,0.667,0,0.0,0.654,4.4,2.2,11.9,0.9,14.7,0.33,0.22,8.6,0,2018-2019,0
2776,Jakob Poeltl,C,23.49,77,16.5,34.4,13.1,12.7,92,0.533,289,0.647,0,0.0,0.642,5.5,5.3,17.6,1.2,10.0,0.38,0.9,7.9,0,2018-2019,0
2777,Quincy Pondexter,F,31.09,53,5.5,11.5,13.5,14.5,42,0.81,40,0.575,18,0.333,0.641,1.8,0.9,8.6,0.5,10.6,0.21,0.02,6.8,0,2018-2019,0
2778,Otto Porter Jr.,F,25.86,56,30.1,62.6,19.0,8.496,96,0.803,387,0.505,256,0.401,0.567,13.9,5.6,10.2,2.2,10.5,1.45,0.56,7.4,0,2018-2019,0
2779,Bobby Portis,F,24.16,50,25.9,54.1,24.7,9.896,97,0.796,437,0.466,191,0.391,0.53,14.2,8.0,16.7,1.4,8.9,0.7,0.42,8.4,0,2018-2019,0
2780,Dwight Powell,F-C,27.73,77,21.6,45.0,17.1,10.0,254,0.772,358,0.701,127,0.307,0.683,10.6,5.3,13.2,1.5,10.7,0.56,0.66,8.1,0,2018-2019,0
2781,Norman Powell,F-G,25.88,60,18.8,39.1,19.0,13.1,75,0.827,230,0.543,170,0.4,0.596,8.6,2.3,6.7,1.5,11.6,0.65,0.22,6.6,0,2018-2019,0
2782,Alex Poythress,F,25.6,21,14.5,30.2,14.2,12.2,29,0.621,58,0.534,23,0.391,0.571,5.1,3.6,13.1,0.8,7.7,0.19,0.48,6.8,0,2018-2019,0
2783,Taurean Prince,F,25.06,55,28.2,58.8,19.5,13.4,116,0.819,279,0.498,315,0.39,0.575,13.5,3.6,6.7,2.1,11.1,0.96,0.35,6.6,0,2018-2019,0
2784,Zhou Qi,F-C,23.23,1,1.0,2.1,43.4,0.0,0,0.0,1,1.0,0,0.0,1.0,2.0,0.0,0.0,0.0,0.0,0.0,0.0,0.0,0,2018-2019,0
2785,Ivan Rabb,F,22.18,49,14.7,30.6,17.2,12.6,69,0.71,197,0.574,15,0.2,0.586,5.8,4.2,16.0,1.1,12.0,0.35,0.29,8.1,0,2018-2019,0
2786,Chasson Randle,G,26.18,49,15.2,31.6,16.4,15.0,62,0.694,102,0.441,115,0.4,0.555,5.5,1.1,4.1,2.0,17.5,0.51,0.06,6.0,0,2018-2019,0
2787,Julius Randle,F,24.37,73,30.6,63.7,27.8,13.8,487,0.731,893,0.564,195,0.344,0.601,21.4,8.7,14.7,3.1,15.8,0.71,0.62,10.9,0,2018-2019,0
2788,JJ Redick,G,34.8,76,31.3,65.2,21.8,8.0,254,0.894,423,0.501,605,0.397,0.601,18.0,2.4,4.1,2.7,12.9,0.42,0.21,6.2,0,2018-2019,0
2789,Davon Reed,G,23.83,10,4.7,9.8,12.1,7.7,0,0.0,8,0.375,4,0.5,0.5,1.2,0.6,7.1,0.3,8.5,0.1,0.0,5.1,0,2018-2019,0
2790,Cameron Reynolds,G,24.17,19,13.7,28.4,14.1,5.7,9,0.889,27,0.444,51,0.412,0.58,5.0,1.6,6.4,0.7,6.8,0.32,0.11,5.2,0,2018-2019,0
2791,Josh Richardson,F,25.57,73,34.8,72.5,20.9,9.1,231,0.861,567,0.457,459,0.357,0.536,16.6,3.6,5.5,4.1,17.9,1.08,0.45,7.2,0,2018-2019,0
2792,Malachi Richardson,G,23.26,22,4.7,9.8,16.3,20.4,5,0.8,4,0.25,25,0.32,0.481,1.4,0.6,6.8,0.0,0.0,0.05,0.0,0.0,0,2018-2019,0
2793,Austin Rivers,G,26.69,76,26.7,55.6,14.5,9.918,95,0.523,245,0.521,327,0.317,0.503,8.1,2.1,4.4,2.2,11.5,0.62,0.3,5.0,0,2018-2019,0
2794,Glenn Robinson III,G-F,25.26,47,13.0,27.0,14.9,8.5,40,0.8,114,0.491,61,0.295,0.514,4.2,1.5,6.4,0.4,5.1,0.3,0.17,4.2,0,2018-2019,0
2795,Devin Robinson,F,24.1,7,13.5,28.1,18.0,5.0,14,0.643,30,0.633,2,0.0,0.616,6.7,2.9,11.5,0.9,9.5,0.57,0.86,7.7,0,2018-2019,0
2796,Duncan Robinson,F,24.97,15,10.7,22.3,14.0,7.6,6,0.667,11,0.727,35,0.286,0.514,3.3,1.3,6.3,0.3,4.4,0.33,0.0,4.1,0,2018-2019,0
2797,Jerome Robinson,G,22.13,33,9.7,20.2,16.6,9.5,9,0.667,53,0.491,57,0.316,0.491,3.4,1.2,6.6,0.6,8.3,0.33,0.09,5.6,0,2018-2019,0
2798,Mitchell Robinson,C,21.03,66,20.6,42.9,12.1,9.1,135,0.6,291,0.694,0,0.0,0.692,7.3,6.4,16.3,0.6,4.2,0.79,2.44,5.9,0,2018-2019,0
2799,Rajon Rondo,G,33.13,46,29.8,62.0,17.4,22.1,36,0.639,290,0.428,142,0.359,0.473,9.2,5.3,9.2,8.0,35.5,1.2,0.15,9.8,0,2018-2019,0
2800,Derrick Rose,G,30.52,51,27.3,56.9,27.3,9.1,160,0.856,607,0.509,146,0.37,0.557,18.0,2.7,5.4,4.3,26.3,0.59,0.24,8.7,0,2018-2019,0
2801,Terrence Ross,G-F,28.18,81,26.5,55.3,23.9,7.5,144,0.875,461,0.484,566,0.383,0.561,15.1,3.5,7.0,1.7,9.9,0.89,0.36,6.8,0,2018-2019,0
2802,Terry Rozier,G,25.07,79,22.7,47.2,18.6,8.9,93,0.785,328,0.424,337,0.353,0.501,9.0,3.9,9.1,2.9,17.7,0.86,0.25,8.2,0,2018-2019,0
2803,Ricky Rubio,G,28.47,68,27.9,58.2,22.7,17.8,228,0.855,476,0.454,254,0.311,0.52,12.7,3.6,6.9,6.1,32.1,1.35,0.15,9.4,0,2018-2019,0
2804,D'Angelo Russell,G,23.13,81,30.2,63.0,31.9,13.6,205,0.78,882,0.482,635,0.369,0.533,21.1,3.9,6.8,7.0,41.3,1.22,0.25,11.0,0,2018-2019,0
2805,Domantas Sabonis,F,22.94,74,24.8,51.8,23.5,16.2,291,0.715,685,0.59,17,0.529,0.628,14.1,9.4,20.9,2.9,18.1,0.68,0.41,11.7,0,2018-2019,0
2806,Brandon Sampson,G,21.95,14,15.3,31.9,15.2,16.1,6,0.667,31,0.548,29,0.379,0.567,5.1,1.1,4.1,0.7,6.8,0.57,0.21,4.1,0,2018-2019,0
2807,JaKarr Sampson,F,26.06,4,31.8,66.3,23.1,5.9,21,0.81,40,0.6,14,0.357,0.633,20.0,8.0,13.7,1.0,5.3,1.0,0.75,6.8,0,2018-2019,0
2808,Dario Saric,F,25.01,81,25.0,52.0,17.8,11.174,150,0.879,372,0.5,324,0.369,0.566,10.6,5.6,12.1,1.6,8.8,0.55,0.14,7.3,0,2018-2019,0
2809,Tomas Satoransky,G-F,27.45,80,27.0,56.3,14.1,16.6,160,0.819,368,0.524,163,0.393,0.589,8.9,3.5,6.9,5.0,24.6,1.04,0.18,8.0,0,2018-2019,0
2810,Dennis Schroder,G,25.57,79,29.3,61.0,24.2,12.4,227,0.819,740,0.45,364,0.341,0.508,15.5,3.6,6.3,4.1,20.4,0.81,0.15,8.3,0,2018-2019,0
2811,Mike Scott,F,30.74,79,17.7,36.8,14.5,9.251,33,0.667,168,0.401,252,0.398,0.526,5.8,3.5,10.9,0.8,6.9,0.33,0.16,5.9,0,2018-2019,0
2812,Thabo Sefolosha,F,34.94,50,12.2,25.4,12.9,13.6,22,0.636,71,0.521,78,0.436,0.599,3.8,2.5,10.9,0.5,6.1,0.86,0.1,5.5,0,2018-2019,0
2813,Wayne Selden,G-F,24.53,75,19.2,40.0,18.6,12.904,92,0.733,308,0.458,175,0.315,0.492,6.9,2.4,6.6,1.4,11.5,0.44,0.17,5.9,0,2018-2019,0
2814,Collin Sexton,G,20.27,82,31.8,66.2,25.2,12.4,255,0.839,910,0.44,296,0.402,0.52,16.7,2.9,5.1,3.0,15.3,0.54,0.07,6.6,0,2018-2019,0
2815,Landry Shamet,G,22.08,79,22.8,47.5,15.0,6.948,93,0.809,161,0.463,396,0.419,0.604,9.1,1.7,3.9,1.5,8.8,0.47,0.13,4.9,0,2018-2019,0
2816,Iman Shumpert,G,28.79,62,23.9,49.8,14.4,9.819,45,0.723,173,0.429,273,0.343,0.493,7.5,3.0,6.6,1.8,9.7,0.94,0.39,5.7,0,2018-2019,0
2817,Pascal Siakam,F,25.03,80,31.8,66.3,20.8,12.4,302,0.785,731,0.602,214,0.369,0.628,16.9,6.9,11.6,3.1,14.6,0.93,0.64,9.0,0,2018-2019,0
2818,Jordan Sibert,G,26.69,1,4.2,8.8,9.7,0.0,0,0.0,0,0.0,1,1.0,1.5,3.0,0.0,0.0,0.0,0.0,0.0,0.0,0.0,0,2018-2019,0
2819,Ben Simmons,G-F,22.72,79,34.2,71.2,22.1,19.3,428,0.6,954,0.566,6,0.0,0.582,16.9,8.8,13.7,7.7,34.2,1.42,0.77,12.2,0,2018-2019,0
2820,Jonathon Simmons,F,29.57,56,19.0,39.6,18.6,14.679,97,0.741,246,0.431,104,0.283,0.474,6.5,2.3,6.4,2.3,17.0,0.5,0.27,6.8,0,2018-2019,0
2821,Kobi Simmons,G,21.77,1,1.8,3.8,0.0,0.0,0,0.0,0,0.0,0,0.0,0.0,0.0,0.0,0.0,0.0,0.0,0.0,0.0,0.0,0,2018-2019,0
2822,Anfernee Simons,G,19.84,20,7.0,14.6,24.4,13.6,16,0.563,34,0.529,29,0.345,0.535,3.8,0.7,4.9,0.7,13.7,0.05,0.0,7.0,0,2018-2019,0
2823,Marcus Smart,G,25.1,80,27.5,57.3,14.6,16.5,129,0.806,221,0.511,346,0.364,0.568,8.9,2.9,5.7,4.0,19.1,1.79,0.35,6.8,0,2018-2019,0
2824,Dennis Smith Jr.,G,21.38,53,28.5,59.3,24.8,17.762,156,0.645,443,0.478,208,0.322,0.504,13.6,2.9,5.5,4.7,27.3,1.27,0.38,8.0,0,2018-2019,0
2825,Ish Smith,G,30.77,56,22.3,46.5,19.9,10.5,62,0.758,355,0.454,135,0.326,0.484,8.9,2.6,6.4,3.6,25.4,0.52,0.2,7.8,0,2018-2019,0
2826,Jason Smith,F-C,33.11,20,9.6,19.8,17.7,17.39,16,0.9,33,0.32,26,0.369,0.493,3.3,2.6,14.4,0.7,8.9,0.14,0.35,7.3,0,2018-2019,0
2827,JR Smith,G-F,33.59,11,20.2,42.1,18.6,11.7,10,0.8,40,0.375,39,0.308,0.444,6.7,1.6,4.5,1.9,13.8,1.0,0.27,5.4,0,2018-2019,0
2828,Zhaire Smith,G,19.85,6,18.4,38.4,16.5,13.8,8,0.75,18,0.444,16,0.375,0.533,6.7,2.2,6.2,1.7,12.3,0.33,0.33,6.4,0,2018-2019,0
2829,Tony Snell,G,27.42,74,17.6,36.7,12.9,5.7,42,0.881,157,0.522,204,0.397,0.585,6.0,2.1,6.1,0.9,6.7,0.35,0.24,5.1,0,2018-2019,0
2830,Ray Spalding,F,22.09,14,10.6,22.0,16.6,13.65,12,0.309,44,0.527,3,0.0,0.479,3.9,3.4,16.8,0.4,4.8,0.64,0.58,6.0,0,2018-2019,0
2831,Omari Spellman,F,21.72,46,17.5,36.4,14.9,10.5,45,0.711,116,0.466,128,0.344,0.516,5.9,4.2,12.7,1.0,8.0,0.54,0.57,6.7,0,2018-2019,0
2832,Nik Stauskas,G,25.51,68,14.9,31.1,17.5,11.988,64,0.89,150,0.43,188,0.374,0.545,5.9,1.9,6.8,1.2,11.0,0.31,0.1,6.3,0,2018-2019,0
2833,DJ Stephens,G-F,28.31,1,6.7,14.0,20.0,33.3,0,0.0,2,0.5,0,0.0,0.5,2.0,0.0,0.0,0.0,0.0,1.0,0.0,0.0,0,2018-2019,0
2834,Lance Stephenson,G,28.6,68,16.5,34.4,20.3,15.5,73,0.685,235,0.472,197,0.371,0.529,7.2,3.2,9.9,2.1,17.4,0.6,0.1,8.8,0,2018-2019,0
2835,Edmond Sumner,G,23.28,23,9.1,19.0,17.6,11.8,24,0.625,37,0.405,27,0.259,0.443,2.9,1.0,6.3,0.4,6.3,0.52,0.22,4.6,0,2018-2019,0
2836,Caleb Swanigan,F,21.98,21,8.5,17.7,17.9,24.171,9,0.735,46,0.367,7,0.171,0.377,2.0,3.1,19.0,0.5,7.5,0.28,0.05,6.7,0,2018-2019,0
2837,Jayson Tatum,F,21.11,79,31.1,64.7,22.1,9.7,226,0.854,725,0.483,311,0.373,0.546,15.7,6.0,10.3,2.1,10.0,1.06,0.73,7.5,0,2018-2019,0
2838,Jeff Teague,G,30.83,42,30.1,62.7,19.3,16.7,153,0.804,311,0.453,105,0.333,0.528,12.1,2.5,4.5,8.2,37.6,1.05,0.43,8.3,0,2018-2019,0
2839,Garrett Temple,G-F,32.93,75,27.2,56.7,12.9,11.573,107,0.747,228,0.517,264,0.333,0.54,7.8,2.9,5.9,1.4,7.6,1.03,0.39,4.7,0,2018-2019,0
2840,Milos Teodosic,G,32.06,15,10.0,20.8,18.0,32.8,7,0.571,13,0.538,27,0.37,0.557,3.2,1.0,5.3,2.1,27.9,0.2,0.07,7.5,0,2018-2019,0
2841,Jared Terrell,G,24.16,14,7.9,16.5,19.2,19.7,6,0.5,21,0.381,17,0.235,0.381,2.2,0.4,2.9,0.9,14.4,0.21,0.14,4.7,0,2018-2019,0
2842,Emanuel Terry,F,23.64,3,7.6,15.8,21.2,15.0,4,0.5,7,0.445,0,0.0,0.525,3.3,2.3,16.7,0.7,17.7,1.0,0.0,9.2,0,2018-2019,0
2843,Daniel Theis,F,27.02,66,13.8,28.6,15.8,9.9,76,0.737,199,0.603,67,0.388,0.624,5.7,3.4,13.2,1.0,10.5,0.32,0.62,7.8,0,2018-2019,0
2844,Isaiah Thomas,G,30.17,12,15.1,31.4,30.4,14.0,27,0.63,56,0.393,43,0.279,0.437,8.1,1.1,3.9,1.9,18.6,0.5,0.08,6.8,0,2018-2019,0
2845,Khyri Thomas,G,22.92,26,7.5,15.7,17.2,5.1,11,0.636,34,0.353,35,0.286,0.413,2.3,0.8,5.6,0.3,5.9,0.27,0.19,4.4,0,2018-2019,0
2846,Lance Thomas,F,30.96,46,17.0,35.5,12.9,10.1,36,0.75,118,0.475,79,0.278,0.482,4.5,2.5,7.8,0.6,5.0,0.37,0.15,4.4,0,2018-2019,0
2847,Klay Thompson,G,29.17,78,34.0,70.8,25.5,7.2,158,0.816,802,0.516,599,0.402,0.571,21.5,3.8,6.0,2.4,10.5,1.06,0.6,6.8,0,2018-2019,0
2848,Tristan Thompson,F-C,28.08,43,27.9,58.0,17.7,12.1,106,0.642,380,0.529,0,0.0,0.551,10.9,10.2,20.4,2.0,11.2,0.63,0.37,8.7,0,2018-2019,0
2849,Sindarius Thornwell,G,24.4,64,4.9,10.2,11.3,23.8,34,0.735,34,0.412,15,0.2,0.485,1.0,0.7,7.4,0.3,7.2,0.22,0.11,4.9,0,2018-2019,0
2850,Anthony Tolliver,F,33.86,65,16.6,34.6,12.5,11.2,60,0.783,44,0.409,215,0.377,0.571,5.0,2.7,8.8,0.7,5.5,0.26,0.32,5.1,0,2018-2019,0
2851,Karl-Anthony Towns,F-C,23.4,77,33.0,68.9,29.0,13.7,450,0.836,960,0.561,355,0.4,0.621,24.4,12.4,20.1,3.4,17.2,0.88,1.62,12.2,0,2018-2019,1
2852,Gary Trent Jr.,G,20.23,15,7.4,15.3,21.8,7.0,7,0.429,29,0.379,21,0.238,0.377,2.7,0.7,5.3,0.3,6.2,0.07,0.13,4.5,0,2018-2019,0
2853,Allonzo Trier,G,23.23,64,22.8,47.5,21.4,15.7,223,0.803,386,0.466,132,0.394,0.564,10.9,3.1,7.0,1.9,12.9,0.44,0.22,7.0,0,2018-2019,0
2854,PJ Tucker,F,33.93,82,34.2,71.2,9.5,10.3,59,0.695,137,0.445,387,0.377,0.546,7.3,5.8,9.4,1.2,4.6,1.62,0.45,4.3,0,2018-2019,0
2855,Evan Turner,G-F,30.45,73,22.0,45.8,15.9,18.9,106,0.708,391,0.494,53,0.208,0.503,6.8,4.5,10.9,3.9,23.6,0.45,0.25,9.0,0,2018-2019,0
2856,Myles Turner,F-C,23.05,74,28.6,59.7,20.0,10.3,201,0.736,585,0.52,196,0.388,0.566,13.3,7.2,13.9,1.6,8.0,0.81,2.69,7.5,0,2018-2019,0
2857,Ekpe Udoh,C-F,31.89,51,6.3,13.1,13.1,13.2,30,0.633,72,0.694,0,0.0,0.698,2.3,1.8,15.4,0.5,12.8,0.18,0.61,8.1,0,2018-2019,0
2858,Tyler Ulis,G,23.26,1,0.8,1.7,0.0,0.0,0,0.0,0,0.0,0,0.0,0.0,0.0,0.0,0.0,0.0,0.0,0.0,0.0,0.0,0,2018-2019,0
2859,Jonas Valanciunas,C,26.93,49,22.3,46.4,28.0,12.576,185,0.8,489,0.594,48,0.291,0.623,15.6,8.6,21.0,1.5,11.3,0.37,1.08,10.2,0,2018-2019,0
2860,Jarred Vanderbilt,F,20.02,16,4.3,9.0,19.4,25.5,10,0.6,18,0.5,1,0.0,0.513,1.5,1.4,18.0,0.2,5.8,0.38,0.06,7.0,0,2018-2019,0
2861,Fred VanVleet,G,25.12,64,27.5,57.3,17.9,11.1,115,0.843,304,0.441,296,0.378,0.539,11.0,2.6,5.1,4.8,23.9,0.89,0.3,7.5,0,2018-2019,0
2862,Noah Vonleh,F,23.63,68,25.3,52.7,14.8,14.7,156,0.712,303,0.531,137,0.336,0.561,8.4,7.8,16.1,1.9,11.1,0.66,0.75,7.9,0,2018-2019,0
2863,Nikola Vucevic,C,28.46,80,31.4,65.4,28.0,9.9,227,0.789,1123,0.549,231,0.364,0.573,20.8,12.0,20.5,3.8,21.9,1.01,1.14,12.5,0,2018-2019,0
2864,Dwyane Wade,G,37.23,72,26.2,54.5,27.9,13.5,233,0.708,698,0.473,261,0.33,0.51,15.0,4.0,8.0,4.2,26.5,0.82,0.53,9.6,0,2018-2019,0
2865,Moritz Wagner,C,21.96,43,10.4,21.6,21.7,16.7,53,0.811,94,0.521,77,0.286,0.533,4.8,2.0,9.8,0.6,7.4,0.23,0.3,6.9,0,2018-2019,0
2866,Dion Waiters,G,27.34,44,25.9,53.9,21.2,11.4,44,0.5,190,0.468,289,0.377,0.529,12.0,2.7,5.5,2.8,16.4,0.66,0.2,6.9,0,2018-2019,0
2867,Lonnie Walker IV,G,20.32,17,6.9,14.4,20.3,7.4,10,0.8,33,0.333,13,0.385,0.446,2.6,1.0,7.9,0.5,10.3,0.41,0.12,6.3,0,2018-2019,0
2868,Kemba Walker,G,28.93,82,34.9,72.7,31.5,10.1,450,0.844,954,0.494,730,0.356,0.558,25.6,4.4,6.8,5.9,29.3,1.24,0.41,10.0,1,2018-2019,0
2869,Tyrone Wallace,G,24.84,62,10.1,21.1,18.7,12.9,57,0.526,198,0.444,19,0.211,0.45,3.5,1.6,8.5,0.7,9.7,0.34,0.11,6.2,0,2018-2019,0
2870,John Wall,G,28.6,32,34.5,71.9,28.8,16.3,175,0.697,382,0.508,169,0.302,0.528,20.7,3.6,5.7,8.7,39.2,1.53,0.91,10.0,0,2018-2019,0
2871,Brad Wanamaker,G,29.71,36,9.5,19.8,17.2,13.9,28,0.857,66,0.515,39,0.41,0.597,3.9,1.1,6.4,1.6,22.5,0.33,0.06,8.0,0,2018-2019,0
2872,T.J. Warren,F,25.6,43,31.6,65.9,22.7,7.2,124,0.815,431,0.51,180,0.428,0.58,18.0,4.0,7.0,1.5,7.7,1.19,0.67,6.0,0,2018-2019,0
2873,Julian Washburn,F-G,27.31,18,14.1,29.4,10.0,12.3,4,0.75,24,0.458,24,0.208,0.402,2.2,2.3,9.1,0.8,7.7,0.72,0.11,4.5,0,2018-2019,0
2874,Yuta Watanabe,G,24.49,15,11.6,24.2,15.7,9.8,10,0.7,35,0.371,16,0.125,0.352,2.6,2.1,10.0,0.5,6.6,0.27,0.07,4.8,0,2018-2019,0
2875,Thomas Welsh,C,23.18,11,3.3,6.9,17.5,6.7,2,0.5,6,0.667,7,0.429,0.648,1.6,0.4,6.0,0.5,20.3,0.0,0.0,8.3,0,2018-2019,0
2876,Russell Westbrook,G,30.41,73,36.0,75.0,30.9,16.2,450,0.658,1062,0.481,411,0.29,0.501,22.9,11.1,15.9,10.7,46.5,1.95,0.45,15.5,1,2018-2019,1
2877,Derrick White,G,24.78,67,25.8,53.7,17.7,14.0,123,0.772,401,0.529,142,0.338,0.555,9.9,3.7,7.8,3.9,21.0,1.0,0.7,8.1,0,2018-2019,0
2878,Okaro White,F,26.66,3,2.1,4.4,13.5,0.0,0,0.0,0,0.0,2,0.0,0.0,0.0,0.7,17.2,0.0,0.0,0.0,0.0,0.0,0,2018-2019,0
2879,Hassan Whiteside,C,29.83,72,23.3,48.4,22.6,10.9,243,0.449,665,0.58,16,0.125,0.563,12.3,11.4,26.0,0.8,5.6,0.64,1.89,8.3,0,2018-2019,0
2880,Andrew Wiggins,G-F,24.13,73,34.8,72.6,24.4,9.4,296,0.699,862,0.441,348,0.339,0.493,18.1,4.8,7.4,2.5,10.9,0.97,0.66,6.9,0,2018-2019,0
2881,Robert Williams III,C-F,21.48,31,9.1,19.0,10.3,14.8,15,0.6,51,0.706,0,0.0,0.703,2.6,2.6,15.3,0.2,3.3,0.29,1.29,4.9,0,2018-2019,0
2882,Alan Williams,F-C,26.2,5,5.1,10.6,26.0,6.3,4,0.5,12,0.667,1,0.0,0.61,3.6,3.8,39.1,0.6,23.0,0.2,0.0,15.8,0,2018-2019,0
2883,C.J. Williams,G,29.18,15,8.5,17.8,13.3,12.4,1,0.0,19,0.632,16,0.313,0.55,2.6,0.5,3.3,0.8,12.9,0.4,0.0,4.8,0,2018-2019,0
2884,Johnathan Williams,F,23.89,24,15.5,32.3,16.4,10.9,48,0.563,108,0.602,2,0.0,0.599,6.5,4.1,13.7,0.5,4.9,0.33,0.29,6.1,0,2018-2019,0
2885,Kenrich Williams,G-F,24.36,46,23.5,48.9,12.3,11.1,19,0.684,123,0.447,156,0.333,0.485,6.1,4.8,10.5,1.8,9.5,0.96,0.41,6.4,0,2018-2019,0
2886,Lou Williams,G,32.46,75,26.6,55.4,32.5,11.8,484,0.876,847,0.447,292,0.36,0.554,20.0,3.0,5.9,5.3,33.0,0.75,0.15,10.3,0,2018-2019,0
2887,Marvin Williams,F,32.81,75,28.4,59.3,14.9,6.3,86,0.767,270,0.5,382,0.366,0.548,10.1,5.4,10.3,1.2,6.1,0.92,0.8,5.7,0,2018-2019,0
2888,Troy Williams,F,24.28,21,14.9,31.0,15.0,7.9,15,0.6,54,0.556,44,0.318,0.531,5.3,2.8,9.7,0.5,4.7,0.48,0.38,5.2,0,2018-2019,0
2889,D.J. Wilson,F,23.14,48,18.4,38.3,14.4,10.5,47,0.553,124,0.468,127,0.362,0.515,5.8,4.6,12.7,1.1,7.6,0.38,0.42,6.7,0,2018-2019,0
2890,Justise Winslow,F,23.04,66,29.7,61.9,20.8,14.9,137,0.628,493,0.462,256,0.375,0.513,12.6,5.4,9.6,4.3,21.9,1.09,0.29,8.9,0,2018-2019,0
2891,Christian Wood,F,23.54,21,11.9,24.9,24.9,9.69,56,0.701,91,0.509,26,0.48,0.596,8.2,3.9,16.8,0.4,4.7,0.34,0.48,8.0,0,2018-2019,0
2892,Delon Wright,G,26.96,75,22.6,47.2,17.8,10.816,150,0.825,390,0.488,168,0.306,0.524,8.7,3.6,8.3,3.3,20.3,1.18,0.4,8.0,0,2018-2019,0
2893,Guerschon Yabusele,F,23.32,41,6.1,12.7,17.5,14.8,22,0.682,49,0.531,28,0.321,0.542,2.3,1.3,11.3,0.4,8.2,0.2,0.17,7.0,0,2018-2019,0
2894,Nick Young,G-F,33.86,4,9.3,19.3,12.7,18.2,0,0.0,1,0.0,8,0.375,0.5,2.3,0.3,1.5,0.5,6.8,0.0,0.25,3.0,0,2018-2019,0
2895,Thaddeus Young,F,30.8,81,30.7,64.0,18.0,12.0,135,0.644,696,0.563,146,0.349,0.568,12.6,6.4,11.6,2.5,12.0,1.52,0.47,7.6,0,2018-2019,0
2896,Trae Young,G,20.56,81,30.9,64.4,28.4,17.6,414,0.829,775,0.476,482,0.324,0.538,19.1,3.7,6.3,8.1,40.5,0.86,0.19,10.7,0,2018-2019,0
2897,Cody Zeller,F-C,26.51,49,25.4,52.8,16.2,13.0,141,0.787,323,0.57,22,0.273,0.611,10.1,6.8,14.4,2.1,12.2,0.78,0.86,8.3,0,2018-2019,0
2898,Tyler Zeller,C,29.23,6,15.5,32.2,17.0,6.667,18,0.519,29,0.381,1,0.0,0.427,7.7,4.0,18.0,0.7,7.8,0.17,0.5,4.5,0,2018-2019,0
2899,Ante Zizic,C,22.27,59,18.3,38.2,18.2,13.8,132,0.705,330,0.555,0,0.0,0.591,7.8,5.4,16.4,0.9,7.7,0.22,0.37,7.3,0,2018-2019,0
2900,Ivica Zubac,C,22.07,59,17.6,36.7,20.3,13.737,126,0.806,379,0.561,0,0.0,0.607,8.9,6.1,18.1,1.1,8.9,0.25,0.86,8.8,0,2018-2019,0
2901,Steven Adams,C,27.07,63,26.7,55.6,17.3,14.4,201,0.582,475,0.594,3,0.333,0.604,10.9,9.3,19.2,2.3,13.2,0.81,1.06,9.2,0,2019-2020,0
2902,Bam Adebayo,C-F,23.08,72,33.6,69.9,21.2,17.5,382,0.691,777,0.564,14,0.143,0.597,15.9,10.2,17.0,5.1,24.2,1.14,1.29,11.2,0,2019-2020,0
2903,LaMarcus Aldridge,F-C,35.07,53,33.1,68.9,23.4,7.8,191,0.827,637,0.518,157,0.389,0.57,18.9,7.4,12.0,2.4,11.4,0.68,1.64,8.4,0,2019-2020,0
2904,Kyle Alexander,F-C,23.81,2,6.7,14.0,9.9,33.3,0,0.0,2,0.5,0,0.0,0.5,1.0,1.5,12.5,0.0,0.0,0.0,0.0,0.0,0,2019-2020,0
2905,Nickeil Alexander-Walker,G,21.95,47,12.6,26.2,23.3,16.1,37,0.676,133,0.391,133,0.346,0.473,5.7,1.8,7.5,1.9,21.1,0.36,0.17,8.5,0,2019-2020,0
2906,Grayson Allen,G,24.85,38,18.9,39.4,17.6,10.9,45,0.867,110,0.545,141,0.404,0.609,8.7,2.2,6.2,1.4,10.0,0.32,0.05,6.3,0,2019-2020,0
2907,Jarrett Allen,C,22.32,70,26.5,55.1,14.9,11.7,270,0.633,459,0.658,6,0.0,0.664,11.1,9.6,18.7,1.6,8.9,0.57,1.31,8.4,0,2019-2020,0
2908,Kadeem Allen,G,27.58,10,11.7,24.4,20.6,14.1,11,0.636,28,0.5,16,0.313,0.512,5.0,0.9,4.1,2.1,27.0,0.5,0.2,7.2,0,2019-2020,0
2909,Al-Farouq Aminu,F,29.9,18,21.1,44.0,13.2,14.7,29,0.655,50,0.32,36,0.25,0.395,4.3,4.9,12.5,1.2,7.4,1.0,0.44,5.6,0,2019-2020,0
2910,Justin Anderson,F-G,26.74,10,10.7,22.4,17.1,9.1,4,0.5,9,0.444,29,0.207,0.352,2.8,2.1,10.1,0.8,10.1,0.0,0.6,6.3,0,2019-2020,0
2911,Kyle Anderson,F-G,26.9,67,19.8,41.4,13.5,15.3,78,0.667,246,0.541,85,0.282,0.534,5.8,4.3,11.3,2.4,15.9,0.78,0.55,7.9,0,2019-2020,0
2912,Ryan Anderson,F,32.27,2,7.0,14.6,23.7,12.5,0,0.0,2,0.5,5,0.2,0.357,2.5,3.5,26.2,1.0,20.4,0.5,0.0,11.8,0,2019-2020,0
2913,Giannis Antetokounmpo,F,25.69,63,30.4,63.4,37.5,13.2,629,0.633,945,0.631,293,0.304,0.613,29.5,13.6,22.1,5.6,34.2,0.98,1.05,17.2,1,2019-2020,1
2914,Kostas Antetokounmpo,F,22.74,5,4.0,8.4,10.2,20.5,2,0.5,3,1.0,0,0.0,0.902,1.4,0.6,8.2,0.4,13.6,0.0,0.0,7.0,0,2019-2020,0
2915,Thanasis Antetokounmpo,F,28.08,20,6.4,13.4,21.6,17.8,17,0.412,38,0.632,10,0.0,0.496,2.8,1.2,9.2,0.8,16.4,0.35,0.1,8.7,0,2019-2020,0
2916,Carmelo Anthony,F,36.21,58,32.8,68.3,21.2,10.5,161,0.845,556,0.448,226,0.385,0.525,15.4,6.3,10.2,1.5,6.4,0.84,0.47,6.4,0,2019-2020,0
2917,OG Anunoby,F,23.08,69,29.9,62.4,14.3,11.5,102,0.706,338,0.583,228,0.39,0.6,10.6,5.3,9.3,1.6,7.5,1.41,0.65,6.0,0,2019-2020,0
2918,Ryan Arcidiacono,G,26.39,58,16.0,33.4,12.5,13.5,38,0.711,82,0.439,138,0.391,0.551,4.5,1.9,6.5,1.7,14.3,0.47,0.05,6.1,0,2019-2020,0
2919,Trevor Ariza,F,35.13,53,28.1,58.7,11.8,13.621,74,0.815,117,0.53,207,0.371,0.583,8.0,4.7,9.3,1.8,8.0,1.3,0.3,5.7,0,2019-2020,0
2920,D.J. Augustin,G,32.76,57,24.9,51.9,19.1,13.7,181,0.89,260,0.438,201,0.348,0.554,10.5,2.1,4.6,4.6,26.8,0.58,0.02,7.5,0,2019-2020,0
2921,Deandre Ayton,C,22.06,38,32.5,67.8,23.6,11.6,89,0.753,555,0.553,13,0.231,0.568,18.2,11.5,19.6,1.9,9.6,0.66,1.53,9.1,0,2019-2020,0
2922,Dwayne Bacon,G-F,24.96,39,17.6,36.7,19.5,12.2,53,0.66,177,0.373,67,0.284,0.419,5.7,2.6,8.0,1.3,11.7,0.59,0.05,6.1,0,2019-2020,0
2923,Marvin Bagley III,F,21.42,13,25.7,53.5,25.8,9.1,31,0.806,145,0.51,22,0.182,0.512,14.2,7.5,16.3,0.8,4.9,0.46,0.92,6.8,0,2019-2020,0
2924,Lonzo Ball,G,22.8,63,32.1,67.0,18.4,21.0,76,0.566,292,0.442,395,0.375,0.517,11.8,6.1,10.0,6.9,28.9,1.41,0.59,9.9,0,2019-2020,0
2925,Mo Bamba,C,22.26,62,14.2,29.5,17.1,12.1,46,0.674,179,0.531,107,0.346,0.542,5.4,4.9,18.6,0.7,7.2,0.37,1.37,7.5,0,2019-2020,0
2926,J.J. Barea,G,36.13,29,15.5,32.3,24.2,14.9,22,0.909,122,0.434,85,0.376,0.512,7.7,1.8,6.2,3.9,37.1,0.17,0.07,9.8,0,2019-2020,0
2927,Harrison Barnes,F,28.21,72,34.5,71.8,17.4,8.8,267,0.801,524,0.502,268,0.381,0.575,14.5,4.9,8.0,2.2,9.3,0.6,0.17,6.2,0,2019-2020,0
2928,RJ Barrett,F-G,20.17,56,30.4,63.4,24.0,12.9,254,0.614,530,0.432,197,0.32,0.479,14.3,5.0,8.8,2.6,12.8,0.95,0.3,7.5,0,2019-2020,0
2929,Will Barton,G,29.61,58,33.0,68.8,20.1,9.9,135,0.77,450,0.498,288,0.375,0.549,15.1,6.3,10.7,3.7,16.0,1.07,0.5,8.6,0,2019-2020,0
2930,Keita Bates-Diop,F,24.56,44,16.9,35.3,15.8,6.061,75,0.723,131,0.504,103,0.33,0.541,6.6,2.9,9.1,0.7,5.6,0.43,0.54,4.9,0,2019-2020,0
2931,Nicolas Batum,G-F,31.67,22,23.0,47.8,9.4,20.5,10,0.9,32,0.438,49,0.286,0.463,3.6,4.5,10.7,3.0,18.0,0.77,0.36,6.3,0,2019-2020,0
2932,Aron Baynes,C-F,33.68,42,22.2,46.3,21.2,10.8,75,0.747,214,0.579,168,0.351,0.58,11.5,5.7,14.3,1.6,10.9,0.21,0.55,8.5,0,2019-2020,0
2933,Kent Bazemore,G-F,31.12,68,24.8,51.7,17.6,13.297,147,0.779,290,0.393,244,0.348,0.496,8.8,4.3,9.5,1.4,7.4,1.09,0.59,6.1,0,2019-2020,0
2934,Darius Bazley,F-G,20.17,61,18.5,38.6,15.2,11.6,62,0.694,176,0.432,141,0.348,0.497,5.6,4.0,12.0,0.7,5.1,0.38,0.67,5.4,0,2019-2020,0
2935,Bradley Beal,G,27.13,57,36.0,75.0,34.4,11.5,458,0.843,822,0.515,481,0.353,0.579,30.6,4.2,6.4,6.1,29.5,1.26,0.4,10.2,0,2019-2020,0
2936,Malik Beasley,G,23.72,55,22.0,45.8,21.4,9.691,66,0.838,258,0.445,276,0.377,0.531,11.2,2.7,6.4,1.4,9.3,0.73,0.15,6.1,0,2019-2020,0
2937,Marco Belinelli,G,34.39,57,15.5,32.3,17.5,5.3,58,0.828,136,0.412,178,0.376,0.532,6.3,1.7,6.0,1.2,10.7,0.21,0.02,6.0,0,2019-2020,0
2938,Jordan Bell,F,25.6,29,8.8,18.4,16.3,20.338,31,0.615,55,0.565,12,0.253,0.574,3.2,2.8,17.0,0.5,8.9,0.1,0.34,7.6,0,2019-2020,0
2939,DeAndre' Bembry,G-F,26.12,43,21.3,44.4,14.0,19.4,48,0.542,163,0.546,65,0.231,0.5,5.8,3.5,8.9,1.9,12.2,1.28,0.44,6.3,0,2019-2020,0
2940,Dragan Bender,F,22.74,16,17.8,37.2,16.7,17.794,14,0.701,49,0.523,43,0.377,0.555,6.7,4.6,13.0,1.8,14.1,0.25,0.56,8.2,0,2019-2020,0
2941,Davis Bertans,F,27.75,54,29.3,61.1,19.0,8.2,122,0.852,138,0.471,472,0.424,0.628,15.4,4.5,8.5,1.7,8.4,0.69,0.61,6.7,0,2019-2020,0
2942,Patrick Beverley,G,32.09,51,26.3,54.8,13.3,15.4,47,0.66,135,0.496,206,0.388,0.56,7.9,5.2,10.3,3.6,18.2,1.06,0.49,8.0,0,2019-2020,0
2943,Khem Birch,C,27.88,48,19.2,40.0,10.2,14.2,101,0.653,142,0.514,1,0.0,0.566,4.4,4.6,12.8,1.0,7.3,0.42,0.48,5.7,0,2019-2020,0
2944,Goga Bitadze,C-F,21.07,54,8.7,18.2,17.8,14.1,33,0.727,108,0.574,42,0.19,0.523,3.2,1.9,12.1,0.4,6.7,0.19,0.69,6.2,0,2019-2020,0
2945,Bismack Biyombo,C,27.96,53,19.4,40.5,16.8,12.2,151,0.603,278,0.543,0,0.0,0.57,7.4,5.8,16.3,0.9,7.8,0.19,0.92,7.0,0,2019-2020,0
2946,Nemanja Bjelica,F,32.27,72,27.9,58.2,17.0,12.4,84,0.821,333,0.541,321,0.417,0.601,11.5,6.3,12.8,2.8,14.7,0.85,0.56,8.4,0,2019-2020,0
2947,Eric Bledsoe,G,30.68,61,27.0,56.2,23.7,15.6,214,0.79,490,0.531,215,0.344,0.57,14.9,4.7,8.6,5.4,28.7,0.92,0.43,10.7,0,2019-2020,0
2948,Bojan Bogdanovic,F,31.33,63,33.1,68.9,25.5,13.1,277,0.903,478,0.479,457,0.414,0.603,20.2,4.1,6.8,2.1,10.0,0.54,0.11,6.7,0,2019-2020,0
2949,Bogdan Bogdanovic,G,27.99,61,28.9,60.3,22.5,11.0,116,0.741,325,0.532,441,0.372,0.565,15.1,3.4,6.6,3.4,18.0,1.07,0.25,7.7,0,2019-2020,0
2950,Bol Bol,C-F,20.75,6,14.5,30.2,21.2,23.6,10,0.8,19,0.526,9,0.444,0.617,6.7,3.2,12.3,1.0,9.8,0.33,1.0,7.7,0,2019-2020,0
2951,Jonah Bolden,F,24.62,7,6.7,14.0,15.0,19.429,4,0.429,7,0.743,4,0.0,0.439,1.4,1.3,8.0,0.0,0.0,0.43,0.29,0.0,0,2019-2020,0
2952,Marques Bolden,C,22.33,1,2.8,5.8,0.0,0.0,0,0.0,0,0.0,0,0.0,0.0,0.0,2.0,39.7,0.0,0.0,1.0,0.0,0.0,0,2019-2020,0
2953,Jordan Bone,G,22.78,10,5.3,11.0,18.1,9.1,0,0.0,10,0.3,10,0.2,0.3,1.2,0.4,4.3,0.8,21.0,0.1,0.0,5.5,0,2019-2020,0
2954,Isaac Bonga,G,20.77,66,18.9,39.4,10.9,17.4,85,0.812,163,0.571,71,0.352,0.608,5.0,3.4,9.7,1.2,7.9,0.68,0.33,5.8,0,2019-2020,0
2955,Devin Booker,G,23.79,70,35.9,74.8,30.0,14.9,509,0.919,885,0.549,398,0.354,0.618,26.6,4.2,6.5,6.5,30.0,0.69,0.26,10.0,0,2019-2020,0
2956,Chris Boucher,F-C,27.59,62,13.2,27.5,19.8,7.4,116,0.784,181,0.569,118,0.322,0.587,6.6,4.5,17.9,0.4,4.8,0.37,1.0,6.9,0,2019-2020,0
2957,Brian Bowen II,F-G,21.87,6,5.2,10.8,15.5,9.1,0,0.0,8,0.375,2,0.0,0.3,1.0,1.2,12.3,0.0,0.0,0.0,0.17,0.0,0,2019-2020,0
2958,Ky Bowman,G,23.16,45,22.6,47.0,17.2,17.1,41,0.829,214,0.472,107,0.308,0.494,7.4,2.7,6.4,2.9,19.4,1.0,0.22,6.8,0,2019-2020,0
2959,Avery Bradley,G,29.72,49,24.2,50.4,15.7,10.7,24,0.833,210,0.51,173,0.364,0.537,8.6,2.3,5.3,1.3,7.2,0.88,0.1,4.9,0,2019-2020,0
2960,Tony Bradley,C-F,22.52,58,11.4,23.8,15.8,12.5,46,0.652,186,0.661,3,1.0,0.681,4.9,4.6,22.2,0.4,5.4,0.24,0.57,7.3,0,2019-2020,0
2961,Jarrell Brantley,F,24.19,9,10.7,22.2,16.3,19.5,2,0.5,15,0.467,13,0.231,0.416,2.7,2.2,11.5,1.2,15.8,0.33,0.56,7.2,0,2019-2020,0
2962,Ignas Brazdeikis,F,21.6,9,5.9,12.3,20.9,7.6,5,0.8,13,0.385,9,0.111,0.351,1.9,0.6,5.0,0.4,10.5,0.0,0.11,5.2,0,2019-2020,0
2963,Corey Brewer,G-F,34.45,5,6.5,13.6,9.7,27.3,3,0.333,3,0.667,1,0.0,0.47,1.0,1.6,13.8,0.4,7.8,0.8,0.0,5.3,0,2019-2020,0
2964,Miles Bridges,F,22.4,65,30.7,64.0,20.0,10.4,131,0.809,453,0.486,300,0.33,0.52,13.0,5.6,9.9,1.8,9.4,0.62,0.74,6.6,0,2019-2020,0
2965,Mikal Bridges,F,23.96,73,28.0,58.3,12.7,12.0,122,0.844,290,0.61,194,0.361,0.62,9.1,4.0,7.9,1.8,8.6,1.44,0.63,5.8,0,2019-2020,0
2966,Oshae Brissett,F-G,22.15,19,7.1,14.8,15.0,14.8,10,0.8,21,0.476,15,0.2,0.458,1.9,1.4,10.2,0.4,7.0,0.21,0.05,5.8,0,2019-2020,0
2967,Ryan Broekhoff,G-F,29.98,17,10.6,22.1,16.2,8.8,8,0.875,8,0.25,51,0.392,0.568,4.2,2.5,12.5,0.6,8.3,0.29,0.24,7.0,0,2019-2020,0
2968,Malcolm Brogdon,G,27.67,54,30.9,64.3,25.2,13.7,186,0.892,515,0.487,230,0.326,0.54,16.5,4.9,8.6,7.1,33.8,0.65,0.19,10.8,0,2019-2020,0
2969,Dillon Brooks,G-F,24.56,73,28.9,60.3,25.2,9.7,203,0.808,655,0.44,412,0.357,0.511,16.2,3.3,6.1,2.1,10.5,0.86,0.37,6.7,0,2019-2020,0
2970,Charles Brown Jr.,G,22.53,10,4.1,8.4,24.8,12.4,5,1.0,10,0.3,9,0.333,0.472,2.0,0.4,5.3,0.2,7.2,0.2,0.2,5.3,0,2019-2020,0
2971,Troy Brown Jr.,G-F,21.05,69,25.8,53.8,17.8,10.4,139,0.784,443,0.479,179,0.341,0.524,10.4,5.6,11.7,2.6,14.1,1.22,0.1,8.3,0,2019-2020,0
2972,Bruce Brown,G-F,24.0,58,28.2,58.7,16.0,16.8,119,0.739,351,0.47,96,0.344,0.518,8.9,4.7,9.5,4.0,20.4,1.09,0.5,7.8,0,2019-2020,0
2973,Jaylen Brown,F-G,23.81,57,33.9,70.7,24.7,11.2,243,0.724,549,0.543,338,0.382,0.583,20.3,6.4,10.1,2.1,9.7,1.16,0.35,7.7,0,2019-2020,0
2974,Moses Brown,C,20.84,9,3.7,7.6,21.3,18.2,8,0.375,10,0.4,0,0.0,0.407,1.2,1.6,22.3,0.1,4.0,0.11,0.11,6.2,0,2019-2020,0
2975,Sterling Brown,G-F,25.51,52,14.7,30.7,17.0,13.3,40,0.8,120,0.425,136,0.324,0.486,5.1,3.5,11.8,1.0,8.6,0.56,0.13,7.1,0,2019-2020,0
2976,Jalen Brunson,G,23.95,57,17.9,37.4,20.3,13.6,75,0.813,268,0.515,120,0.358,0.553,8.2,2.4,6.9,3.3,27.0,0.39,0.07,9.0,0,2019-2020,0
2977,Thomas Bryant,C-F,23.04,46,24.9,51.9,18.9,10.2,115,0.739,327,0.63,91,0.407,0.649,13.2,7.2,15.8,1.8,11.1,0.54,1.07,8.9,0,2019-2020,0
2978,Reggie Bullock,G-F,29.42,29,23.6,49.2,15.6,7.5,21,0.81,113,0.469,111,0.333,0.502,8.1,2.3,5.3,1.4,8.8,0.86,0.1,5.0,0,2019-2020,0
2979,Trey Burke,G,27.75,33,15.7,32.8,19.7,8.491,29,0.767,134,0.468,75,0.424,0.547,7.4,1.5,5.3,2.5,23.8,0.49,0.06,7.8,0,2019-2020,0
2980,Alec Burks,G,29.07,66,26.6,55.4,23.7,9.173,265,0.878,467,0.445,301,0.386,0.563,15.0,4.3,8.7,2.8,17.1,0.92,0.24,8.5,0,2019-2020,0
2981,Deonte Burton,G-F,26.54,39,9.1,19.0,18.5,12.7,14,0.571,72,0.458,53,0.189,0.396,2.7,1.5,8.8,0.4,6.8,0.15,0.26,5.2,0,2019-2020,0
2982,Jimmy Butler,F,30.92,58,33.8,70.4,25.1,11.4,525,0.834,640,0.494,119,0.244,0.584,19.9,6.6,11.0,6.0,28.1,1.78,0.55,10.9,1,2019-2020,0
2983,Bruno Caboclo,F,24.9,30,8.1,17.0,18.4,12.247,9,0.756,56,0.578,33,0.184,0.488,3.0,2.0,13.1,0.4,6.8,0.5,0.57,6.9,0,2019-2020,0
2984,Devontae Cacok,F,23.85,1,8.9,18.5,28.4,0.0,0,0.0,6,0.5,0,0.0,0.5,6.0,5.0,30.7,1.0,20.7,0.0,0.0,14.0,0,2019-2020,0
2985,Kentavious Caldwell-Pope,G,27.49,69,25.5,53.2,14.7,10.1,102,0.775,268,0.541,239,0.385,0.584,9.3,2.1,4.4,1.6,8.5,0.84,0.2,4.9,0,2019-2020,0
2986,Vlatko Cancar,F,23.35,14,3.2,6.8,18.9,15.2,4,1.0,9,0.556,6,0.167,0.507,1.2,0.7,12.3,0.2,9.0,0.07,0.07,6.9,0,2019-2020,0
2987,Clint Capela,C,26.24,39,32.8,68.3,16.1,12.7,104,0.529,388,0.629,0,0.0,0.626,13.9,13.8,22.0,1.2,5.7,0.87,1.79,7.5,0,2019-2020,0
2988,DeMarre Carroll,F,34.05,24,12.1,25.2,15.0,17.938,42,0.665,33,0.477,33,0.238,0.49,3.6,2.3,10.8,1.0,10.9,0.33,0.2,6.7,0,2019-2020,0
2989,Wendell Carter Jr.,C-F,21.33,43,29.2,60.8,16.4,14.9,152,0.737,314,0.564,29,0.207,0.59,11.3,9.4,17.7,1.2,6.0,0.77,0.84,6.9,0,2019-2020,0
2990,Jevon Carter,G,24.92,58,16.3,34.0,12.9,10.8,27,0.852,97,0.402,146,0.425,0.563,4.9,2.0,6.9,1.4,11.9,0.78,0.29,5.9,0,2019-2020,0
2991,Vince Carter,G-F,43.55,60,14.6,30.4,16.6,9.4,29,0.793,102,0.451,202,0.302,0.47,5.0,2.1,7.6,0.8,7.7,0.38,0.42,5.6,0,2019-2020,0
2992,Michael Carter-Williams,G,28.85,45,18.5,38.6,18.3,14.7,95,0.832,185,0.481,75,0.293,0.535,7.2,3.3,9.5,2.4,19.1,1.09,0.49,8.3,0,2019-2020,0
2993,Alex Caruso,G,26.46,64,18.4,38.3,13.8,13.8,94,0.734,171,0.468,120,0.333,0.525,5.5,1.9,5.7,2.0,13.7,1.09,0.28,6.0,0,2019-2020,0
2994,Willie Cauley-Stein,C,26.99,54,20.3,42.4,14.5,10.591,66,0.6,301,0.595,1,0.0,0.6,7.3,5.8,16.0,1.3,9.8,0.93,1.13,7.7,0,2019-2020,0
2995,Tyson Chandler,C,37.87,26,8.4,17.6,6.0,25.2,13,0.462,18,0.778,0,0.0,0.717,1.3,2.5,15.8,0.2,3.5,0.23,0.31,4.1,0,2019-2020,0
2996,Wilson Chandler,F,33.27,35,21.0,43.7,12.9,15.0,23,0.87,62,0.597,121,0.306,0.531,5.9,4.2,10.3,1.1,7.3,0.46,0.34,5.7,0,2019-2020,0
2997,Joe Chealey,G,24.79,4,8.4,17.4,13.0,20.2,2,1.0,3,0.0,4,0.0,0.127,0.5,0.0,0.0,0.3,3.9,1.0,0.0,0.0,0,2019-2020,0
2998,Zylan Cheatham,F,24.74,4,12.8,26.6,10.4,30.8,0,0.0,8,0.75,1,0.0,0.667,3.0,2.3,9.3,0.8,7.7,0.25,0.25,5.5,0,2019-2020,0
2999,Chris Chiozza,G,24.73,28,14.4,29.8,17.9,18.714,5,0.643,68,0.381,72,0.386,0.483,5.1,1.9,7.0,3.0,29.4,0.75,0.14,8.3,0,2019-2020,0
3000,Marquese Chriss,F,23.12,59,20.3,42.2,19.0,14.6,156,0.769,347,0.582,39,0.205,0.603,9.3,6.2,16.6,1.9,15.3,0.66,1.05,9.4,0,2019-2020,0
3001,Brandon Clarke,F-G,23.9,58,22.4,46.7,18.6,9.5,112,0.759,413,0.661,64,0.359,0.665,12.1,5.9,13.9,1.4,9.5,0.57,0.83,8.3,0,2019-2020,0
3002,Gary Clark,F,25.75,42,13.5,28.1,11.1,6.814,10,0.939,22,0.676,111,0.351,0.568,3.7,2.6,10.3,0.4,4.4,0.14,0.53,4.7,0,2019-2020,0
3003,Jordan Clarkson,G,28.19,71,24.0,50.0,26.4,9.345,165,0.825,455,0.53,413,0.368,0.573,15.2,2.6,6.1,1.9,13.4,0.65,0.23,7.1,0,2019-2020,0
3004,Nicolas Claxton,F-C,21.33,15,12.5,26.0,14.8,13.6,21,0.524,41,0.634,7,0.143,0.577,4.4,2.9,12.2,1.1,12.5,0.07,0.53,7.7,0,2019-2020,0
3005,Chris Clemons,G,23.06,33,8.8,18.3,23.6,11.5,11,0.909,35,0.571,107,0.346,0.548,4.9,0.9,5.4,0.8,14.3,0.24,0.15,6.9,0,2019-2020,0
3006,Antonius Cleveland,G,26.54,11,4.2,8.7,17.0,11.0,5,0.6,11,0.364,3,0.0,0.34,1.0,0.6,8.0,0.1,2.8,0.09,0.27,3.7,0,2019-2020,0
3007,Amir Coffey,G-F,23.16,18,8.8,18.4,17.6,12.0,11,0.545,35,0.486,19,0.316,0.493,3.2,0.9,5.2,0.8,12.3,0.28,0.11,6.0,0,2019-2020,0
3008,John Collins,F,22.89,41,33.2,69.3,22.7,10.1,150,0.8,458,0.642,147,0.401,0.659,21.6,10.1,16.4,1.5,7.6,0.76,1.61,8.3,0,2019-2020,0
3009,Zach Collins,F-C,22.74,11,26.4,54.9,12.5,16.4,8,0.75,49,0.51,19,0.368,0.538,7.0,6.3,12.5,1.5,7.2,0.45,0.45,6.1,0,2019-2020,0
3010,Mike Conley,G,32.84,47,29.0,60.4,23.1,12.8,139,0.827,311,0.437,256,0.375,0.537,14.4,3.2,6.1,4.4,23.1,0.79,0.11,8.1,0,2019-2020,0
3011,Pat Connaughton,G,27.61,67,18.6,38.7,12.3,13.8,40,0.775,135,0.607,166,0.331,0.565,5.4,4.2,11.2,1.6,10.9,0.36,0.48,7.1,0,2019-2020,0
3012,Quinn Cook,G,27.4,44,11.5,24.1,21.1,13.0,14,0.786,130,0.462,85,0.365,0.506,5.1,1.2,5.6,1.1,13.8,0.27,0.05,6.6,0,2019-2020,0
3013,Tyler Cook,F,22.89,13,4.2,8.7,15.8,12.485,8,0.859,12,0.669,0,0.0,0.743,1.7,1.1,15.3,0.1,3.8,0.23,0.0,5.7,0,2019-2020,0
3014,Robert Covington,F,29.67,70,30.5,63.6,17.0,11.717,124,0.799,243,0.594,480,0.336,0.559,12.4,6.6,11.3,1.3,6.0,1.62,1.35,6.2,0,2019-2020,0
3015,Allen Crabbe,G-F,28.35,37,17.6,36.7,12.7,8.716,14,0.689,58,0.485,119,0.301,0.466,4.6,2.1,6.2,0.9,6.8,0.41,0.11,4.6,0,2019-2020,0
3016,Torrey Craig,F,29.66,58,18.5,38.5,12.6,8.1,36,0.611,131,0.603,138,0.326,0.553,5.4,3.3,9.9,0.8,5.9,0.4,0.62,5.2,0,2019-2020,0
3017,Jamal Crawford,G,40.4,1,6.0,12.5,27.9,0.0,0,0.0,2,0.5,2,0.5,0.625,5.0,0.0,0.0,3.0,100.3,0.0,0.0,0.0,0,2019-2020,0
3018,Jae Crowder,F,30.11,65,28.9,60.1,15.5,9.946,125,0.772,169,0.547,394,0.34,0.557,10.5,6.0,10.9,2.5,11.4,1.1,0.37,7.4,0,2019-2020,0
3019,Jarrett Culver,G-F,21.48,63,23.9,49.8,19.2,11.7,117,0.462,348,0.471,221,0.299,0.467,9.2,3.4,7.5,1.7,10.8,0.89,0.62,6.3,0,2019-2020,0
3020,Seth Curry,G,29.98,64,24.6,51.3,18.4,9.1,97,0.825,253,0.549,321,0.452,0.643,12.4,2.3,4.8,1.9,11.6,0.59,0.14,6.2,0,2019-2020,0
3021,Stephen Curry,G,32.42,5,27.9,58.0,33.6,14.6,26,1.0,33,0.636,49,0.245,0.557,20.8,5.2,10.1,6.6,42.2,1.0,0.4,12.8,0,2019-2020,1
3022,Troy Daniels,F,29.09,47,11.3,23.6,16.3,5.774,16,0.545,54,0.481,132,0.35,0.519,4.2,1.1,5.4,0.3,4.3,0.24,0.06,4.0,0,2019-2020,0
3023,Anthony Davis,F-C,27.43,62,34.4,71.6,29.3,10.4,525,0.846,878,0.546,218,0.33,0.61,26.1,9.3,14.8,3.2,15.1,1.47,2.31,10.7,1,2019-2020,0
3024,Ed Davis,F,31.2,28,10.8,22.6,9.4,20.0,14,0.5,46,0.478,0,0.0,0.489,1.8,3.8,19.0,0.4,5.2,0.39,0.32,5.2,0,2019-2020,0
3025,Terence Davis,G,23.25,72,16.8,35.0,19.0,14.1,59,0.864,194,0.541,242,0.388,0.588,7.5,3.3,10.3,1.6,14.2,0.54,0.19,8.1,0,2019-2020,0
3026,Dewayne Dedmon,C,31.01,44,17.6,36.6,18.2,18.105,36,0.833,148,0.543,107,0.203,0.474,5.8,5.7,17.7,0.5,4.0,0.57,0.93,5.6,0,2019-2020,0
3027,Matthew Dellavedova,G,29.93,57,14.4,30.0,13.0,23.6,37,0.865,84,0.488,91,0.231,0.463,3.1,1.3,5.1,3.2,29.0,0.37,0.04,6.5,0,2019-2020,0
3028,DeMar DeRozan,F,31.02,68,34.1,71.0,26.3,11.6,450,0.844,1014,0.54,35,0.257,0.603,22.1,5.5,8.8,5.6,26.0,1.03,0.29,10.3,0,2019-2020,0
3029,Cheick Diallo,F-C,23.92,47,10.2,21.2,17.0,16.7,39,0.872,139,0.655,3,0.333,0.688,4.7,2.8,15.2,0.5,6.9,0.23,0.26,7.3,0,2019-2020,0
3030,Hamidou Diallo,G,22.04,46,19.5,40.6,18.4,13.6,63,0.603,239,0.485,57,0.281,0.491,6.9,3.6,10.3,0.8,5.9,0.8,0.2,5.6,0,2019-2020,0
3031,Gorgui Dieng,C,30.57,63,17.4,36.2,17.7,12.835,101,0.781,212,0.53,152,0.347,0.568,7.3,5.7,17.0,1.2,9.8,0.81,0.93,8.4,0,2019-2020,0
3032,Spencer Dinwiddie,G,27.36,64,31.2,64.9,29.2,12.5,446,0.778,620,0.485,400,0.308,0.542,20.6,3.5,5.7,6.8,35.0,0.63,0.33,10.1,0,2019-2020,0
3033,Donte DiVincenzo,G,23.54,66,23.0,48.0,17.3,14.1,86,0.733,263,0.567,247,0.336,0.557,9.2,4.8,10.3,2.3,13.6,1.33,0.32,8.1,0,2019-2020,0
3034,Luka Doncic,G-F,21.46,61,33.6,69.9,36.8,14.8,562,0.758,713,0.575,541,0.316,0.586,28.8,9.4,14.7,8.8,45.7,0.98,0.23,15.9,1,2019-2020,0
3035,Luguentz Dort,G,21.32,36,22.8,47.5,14.2,8.3,53,0.792,118,0.475,101,0.297,0.503,6.8,2.3,5.5,0.8,4.6,0.89,0.11,4.1,0,2019-2020,0
3036,Damyean Dotson,G,26.28,48,17.4,36.3,16.5,6.5,33,0.667,127,0.48,163,0.362,0.527,6.7,1.9,5.8,1.2,10.0,0.48,0.08,5.7,0,2019-2020,0
3037,Sekou Doumbouya,F,19.64,38,19.8,41.3,16.9,12.0,46,0.674,138,0.464,98,0.286,0.474,6.4,3.1,8.9,0.5,3.7,0.53,0.21,4.3,0,2019-2020,0
3038,PJ Dozier,G-F,23.8,29,14.2,29.6,20.8,13.7,29,0.724,108,0.444,49,0.347,0.495,5.8,1.9,7.5,2.2,21.7,0.48,0.21,8.2,0,2019-2020,0
3039,Goran Dragic,G,34.28,59,28.2,58.7,25.9,14.8,246,0.776,386,0.505,338,0.367,0.573,16.2,3.2,6.3,5.1,29.2,0.68,0.17,9.1,0,2019-2020,0
3040,Andre Drummond,C,27.01,57,32.9,68.6,26.0,18.168,294,0.574,749,0.553,35,0.081,0.553,17.8,15.1,26.0,2.7,13.6,1.91,1.63,10.9,0,2019-2020,0
3041,Jared Dudley,F,35.1,45,8.1,16.8,8.0,11.6,2,1.0,18,0.333,42,0.429,0.558,1.5,1.2,7.8,0.6,9.5,0.33,0.07,5.1,0,2019-2020,0
3042,Kris Dunn,G,26.41,51,24.9,51.8,14.6,15.7,54,0.741,230,0.535,112,0.259,0.51,7.3,3.7,8.1,3.4,19.5,1.96,0.35,7.2,0,2019-2020,0
3043,Carsen Edwards,G,22.43,37,9.5,19.7,18.4,9.9,19,0.684,52,0.346,76,0.316,0.444,3.3,1.3,7.2,0.6,9.3,0.32,0.11,5.8,0,2019-2020,0
3044,Henry Ellenson,F-C,23.59,5,3.0,6.3,19.4,0.0,0,0.0,3,0.333,4,0.0,0.143,0.4,1.2,20.6,0.2,8.7,0.0,0.0,6.1,0,2019-2020,0
3045,Wayne Ellington,G,32.71,36,15.5,32.3,15.0,9.1,13,0.846,31,0.355,143,0.35,0.509,5.1,1.8,6.2,1.2,11.0,0.36,0.11,5.7,0,2019-2020,0
3046,Joel Embiid,C-F,26.42,51,29.5,61.5,33.0,13.8,436,0.807,630,0.516,172,0.331,0.59,23.0,11.6,21.7,3.0,16.9,0.86,1.29,12.6,0,2019-2020,1
3047,James Ennis III,F,30.12,69,18.3,38.2,15.7,11.962,98,0.802,190,0.547,169,0.331,0.565,6.6,3.6,10.6,0.9,7.1,0.49,0.34,6.1,0,2019-2020,0
3048,Drew Eubanks,F-C,23.53,22,12.4,25.8,15.8,21.1,26,0.769,66,0.636,1,1.0,0.682,4.9,3.9,16.8,0.7,7.7,0.23,0.77,7.7,0,2019-2020,0
3049,Jacob Evans,G-F,23.16,29,14.4,30.0,17.0,13.593,29,0.803,95,0.314,39,0.318,0.409,4.4,1.4,5.0,1.0,10.1,0.38,0.41,4.8,0,2019-2020,0
3050,Dante Exum,G,25.09,35,13.9,28.9,15.5,19.969,43,0.816,76,0.531,43,0.345,0.564,4.5,1.9,7.8,1.1,11.5,0.34,0.23,6.1,0,2019-2020,0
3051,Tacko Fall,C,24.68,7,4.6,9.7,24.0,16.4,3,0.333,14,0.786,0,0.0,0.751,3.3,2.1,24.7,0.1,6.0,0.29,0.57,7.7,0,2019-2020,0
3052,Derrick Favors,F,29.09,51,24.4,50.8,14.0,13.0,71,0.563,331,0.628,7,0.143,0.622,9.0,9.8,21.3,1.6,9.2,0.59,0.9,8.5,0,2019-2020,0
3053,Cristiano Felicio,F-C,28.1,22,17.5,36.5,9.1,21.9,23,0.783,52,0.654,2,0.0,0.671,3.9,4.6,14.6,0.7,5.7,0.45,0.09,5.3,0,2019-2020,0
3054,Terrance Ferguson,G,22.25,56,22.5,46.8,9.1,11.9,20,0.75,52,0.558,168,0.292,0.481,3.9,1.3,3.3,0.9,5.3,0.46,0.3,2.9,0,2019-2020,0
3055,Bruno Fernando,F-C,22.0,56,12.7,26.5,15.3,15.9,51,0.569,162,0.605,37,0.135,0.542,4.3,3.5,15.0,0.9,9.9,0.32,0.3,7.5,0,2019-2020,0
3056,Yogi Ferrell,G,27.27,50,10.6,22.1,19.2,11.9,42,0.857,109,0.505,79,0.304,0.528,4.4,1.0,5.2,1.4,18.8,0.36,0.08,6.9,0,2019-2020,0
3057,Dorian Finney-Smith,F,27.28,71,29.9,62.2,12.9,10.8,108,0.722,219,0.589,303,0.376,0.595,9.5,5.7,10.0,1.6,7.2,0.63,0.55,5.9,0,2019-2020,0
3058,Bryn Forbes,G,27.06,63,25.1,52.2,18.5,8.4,90,0.833,200,0.47,381,0.388,0.57,11.2,2.0,4.3,1.7,9.5,0.52,0.0,5.4,0,2019-2020,0
3059,Evan Fournier,G-F,27.79,66,31.4,65.5,24.0,10.8,220,0.818,496,0.526,434,0.399,0.595,18.5,2.6,4.4,3.2,16.6,1.08,0.23,6.8,0,2019-2020,0
3060,De'Aaron Fox,G,22.65,51,32.0,66.8,29.8,14.1,342,0.705,630,0.535,185,0.292,0.558,21.1,3.8,6.7,6.8,35.2,1.45,0.49,10.2,0,2019-2020,0
3061,Melvin Frazier Jr.,G-F,23.96,19,6.6,13.8,14.0,12.3,4,0.5,18,0.389,16,0.5,0.559,2.1,0.5,4.3,0.2,3.4,0.47,0.11,3.6,0,2019-2020,0
3062,Michael Frazier,G,26.44,13,11.1,23.2,11.5,12.5,14,0.643,6,0.5,23,0.174,0.384,2.1,0.8,3.6,0.2,1.7,0.15,0.0,2.5,0,2019-2020,0
3063,Tim Frazier,G,29.79,27,13.1,27.4,17.3,25.6,24,0.792,64,0.375,30,0.333,0.464,3.6,1.2,5.3,3.4,36.6,0.52,0.11,7.5,0,2019-2020,0
3064,Markelle Fultz,G,22.21,72,27.7,57.8,21.4,14.9,159,0.73,637,0.507,135,0.267,0.517,12.1,3.3,6.4,5.1,29.0,1.25,0.17,8.5,0,2019-2020,0
3065,Wenyen Gabriel,F,23.39,30,7.8,16.3,14.1,21.687,22,0.695,28,0.537,20,0.31,0.547,2.1,1.7,11.4,0.3,4.7,0.36,0.23,5.2,0,2019-2020,0
3066,Daniel Gafford,F-C,21.87,43,14.2,29.5,13.3,15.3,60,0.533,134,0.701,0,0.0,0.686,5.1,2.5,9.6,0.5,5.2,0.3,1.3,5.2,0,2019-2020,0
3067,Danilo Gallinari,F,32.02,62,29.6,61.6,24.6,7.4,298,0.893,378,0.476,439,0.405,0.612,18.7,5.2,9.6,1.9,10.3,0.68,0.08,7.7,0,2019-2020,0
3068,Langston Galloway,G,28.68,66,25.8,53.7,15.9,6.5,84,0.857,211,0.493,331,0.399,0.584,10.2,2.2,4.9,1.5,8.8,0.73,0.15,5.0,0,2019-2020,0
3069,Darius Garland,G,20.55,59,30.9,64.4,20.6,17.1,72,0.875,402,0.435,296,0.355,0.499,12.3,1.9,3.3,3.9,18.5,0.69,0.07,5.8,0,2019-2020,0
3070,Marc Gasol,C,35.54,44,26.4,55.0,13.2,16.4,49,0.735,131,0.473,148,0.385,0.551,7.5,6.2,12.5,3.3,17.3,0.77,0.86,8.1,0,2019-2020,0
3071,Rudy Gay,F-G,34.0,67,21.8,45.4,22.0,11.8,136,0.882,376,0.511,220,0.336,0.553,10.8,5.4,13.4,1.7,11.3,0.52,0.49,8.5,0,2019-2020,0
3072,Paul George,F,30.29,48,29.6,61.6,29.6,12.5,217,0.876,401,0.464,381,0.412,0.589,21.5,5.7,10.0,3.9,21.1,1.4,0.42,10.6,0,2019-2020,1
3073,Taj Gibson,F,35.14,62,16.5,34.4,14.8,12.9,56,0.732,272,0.599,14,0.286,0.61,6.1,4.3,13.9,0.8,7.6,0.44,0.48,6.7,0,2019-2020,0
3074,Harry Giles III,F-C,22.32,46,14.5,30.2,20.6,13.9,49,0.776,249,0.558,2,0.0,0.58,6.9,4.1,15.9,1.3,14.2,0.48,0.39,9.2,0,2019-2020,0
3075,Shai Gilgeous-Alexander,G-F,22.09,70,34.7,72.3,23.6,10.3,357,0.807,762,0.513,251,0.347,0.569,19.0,5.9,9.4,3.3,15.2,1.13,0.67,8.3,0,2019-2020,0
3076,Rudy Gobert,C,28.13,68,34.3,71.5,16.2,15.0,403,0.63,557,0.693,0,0.0,0.699,15.1,13.5,21.7,1.5,6.6,0.72,1.97,7.9,1,2019-2020,1
3077,Brandon Goodwin,G,24.87,34,12.7,26.4,22.4,12.5,30,0.933,103,0.485,87,0.299,0.507,6.1,2.1,9.0,1.5,18.0,0.35,0.12,8.4,0,2019-2020,0
3078,Aaron Gordon,F,24.91,62,32.5,67.8,20.7,10.4,224,0.674,530,0.494,237,0.308,0.516,14.4,7.7,12.7,3.7,17.4,0.82,0.63,9.1,0,2019-2020,0
3079,Eric Gordon,G,31.64,36,28.2,58.8,22.5,7.8,107,0.766,160,0.469,303,0.317,0.51,14.4,2.0,3.7,1.5,7.9,0.64,0.33,5.0,0,2019-2020,0
3080,Devonte' Graham,G,25.48,63,35.1,73.1,24.8,14.5,233,0.82,378,0.397,585,0.373,0.537,18.2,3.3,5.2,7.5,35.4,0.98,0.24,8.7,0,2019-2020,0
3081,Treveon Graham,G-F,26.8,55,16.9,35.2,13.2,10.08,56,0.628,123,0.431,120,0.285,0.458,4.4,2.8,8.8,0.8,6.7,0.44,0.11,5.3,0,2019-2020,0
3082,Jerami Grant,F,26.43,71,26.6,55.5,18.0,8.1,194,0.747,381,0.538,252,0.389,0.591,12.0,3.5,7.3,1.2,6.6,0.7,0.8,5.6,0,2019-2020,0
3083,Jerian Grant,G,27.85,6,13.4,27.9,17.1,9.1,7,0.714,19,0.421,8,0.25,0.449,4.5,1.0,4.1,1.5,15.2,0.17,0.17,5.6,0,2019-2020,0
3084,Josh Gray,G,26.93,2,11.4,23.6,12.6,71.4,0,0.0,2,0.5,0,0.0,0.5,1.0,1.0,4.7,1.0,10.5,0.0,0.0,3.5,0,2019-2020,0
3085,Danny Green,G,33.15,68,24.8,51.7,13.9,11.3,48,0.688,147,0.524,327,0.367,0.552,8.0,3.3,7.3,1.3,7.1,1.24,0.46,5.2,0,2019-2020,0
3086,Draymond Green,F,30.45,43,28.4,59.2,15.7,21.8,83,0.759,186,0.468,129,0.279,0.491,8.0,6.2,11.8,6.2,31.2,1.37,0.77,9.5,0,2019-2020,0
3087,JaMychal Green,F-C,30.15,63,20.7,43.2,13.7,12.6,48,0.75,114,0.518,238,0.387,0.576,6.8,6.2,15.4,0.8,5.0,0.46,0.38,6.2,0,2019-2020,0
3088,Javonte Green,G-F,27.06,48,9.7,20.3,15.3,13.7,42,0.667,93,0.581,33,0.273,0.564,3.4,1.9,10.6,0.5,7.7,0.5,0.17,6.1,0,2019-2020,0
3089,Jeff Green,F,33.97,48,20.0,41.7,19.0,9.938,91,0.808,161,0.582,183,0.337,0.583,9.5,2.8,7.6,1.1,7.6,0.56,0.39,5.9,0,2019-2020,0
3090,Blake Griffin,F,31.42,18,28.5,59.3,28.4,12.0,98,0.776,139,0.439,111,0.243,0.476,15.5,4.7,9.3,3.3,18.0,0.39,0.39,8.7,0,2019-2020,1
3091,Marko Guduric,G,25.44,44,11.0,22.9,17.6,17.6,26,0.923,74,0.5,83,0.301,0.514,3.9,1.7,7.9,1.0,12.3,0.27,0.18,6.8,0,2019-2020,0
3092,Kyle Guy,G,23.01,3,3.2,6.7,22.6,0.0,0,0.0,2,1.0,3,0.0,0.4,1.3,0.3,5.9,0.3,16.4,0.0,0.0,6.1,0,2019-2020,0
3093,Rui Hachimura,F,22.52,48,30.1,62.7,19.0,8.0,140,0.829,458,0.5,87,0.287,0.535,13.5,6.1,11.1,1.8,8.8,0.77,0.17,7.0,0,2019-2020,0
3094,Devon Hall,G,25.11,11,7.3,15.3,21.0,13.0,8,0.5,13,0.154,17,0.235,0.298,1.8,0.6,4.8,1.2,21.4,0.36,0.09,6.0,0,2019-2020,0
3095,Donta Hall,F,23.02,9,14.8,30.8,10.7,16.6,18,0.528,22,0.543,0,0.0,0.595,4.3,4.2,15.6,0.4,4.3,0.33,0.67,5.1,0,2019-2020,0
3096,Dusty Hannahs,G,26.95,2,6.7,14.0,30.7,0.0,2,1.0,6,0.333,3,0.667,0.607,6.0,0.5,3.9,0.0,0.0,0.0,0.0,0.0,0,2019-2020,0
3097,Tim Hardaway Jr.,G,28.41,71,29.5,61.4,21.1,6.7,182,0.819,371,0.485,513,0.398,0.581,15.8,3.3,5.8,1.9,9.7,0.61,0.07,6.3,0,2019-2020,0
3098,James Harden,G,30.97,68,36.5,76.1,36.2,14.0,800,0.865,671,0.556,843,0.355,0.626,34.3,6.5,9.4,7.5,35.9,1.84,0.88,13.0,1,2019-2020,1
3099,Maurice Harkless,F-G,27.26,62,23.0,47.9,10.7,14.771,66,0.581,185,0.584,98,0.353,0.575,5.8,3.9,8.8,1.1,6.3,0.92,0.53,5.1,0,2019-2020,0
3100,Jared Harper,G,22.92,3,2.6,5.5,21.5,0.0,0,0.0,2,0.5,2,0.0,0.25,0.7,0.0,0.0,0.0,0.0,0.0,0.0,0.0,0,2019-2020,0
3101,Montrezl Harrell,F-C,26.55,63,27.8,57.8,25.7,10.0,351,0.658,795,0.592,18,0.0,0.606,18.6,7.1,13.2,1.7,10.4,0.63,1.11,8.7,0,2019-2020,0
3102,Gary Harris,G,25.92,56,31.8,66.2,15.1,9.7,92,0.815,309,0.479,210,0.333,0.519,10.4,2.9,5.1,2.1,8.9,1.36,0.25,5.0,0,2019-2020,0
3103,Joe Harris,G-F,28.94,69,30.8,64.1,18.3,11.3,89,0.719,378,0.553,406,0.424,0.606,14.5,4.3,7.3,2.1,10.4,0.59,0.25,6.6,0,2019-2020,0
3104,Shaquille Harrison,G,26.86,43,11.3,23.5,18.1,9.2,50,0.78,123,0.496,42,0.381,0.559,4.9,2.0,9.7,1.1,15.3,0.81,0.44,7.8,0,2019-2020,0
3105,Tobias Harris,F,28.08,72,34.3,71.4,23.9,7.6,215,0.805,816,0.517,357,0.367,0.556,19.6,6.9,11.1,3.2,14.6,0.72,0.56,8.8,0,2019-2020,0
3106,Isaiah Hartenstein,C-F,22.28,23,11.6,24.1,14.8,16.8,28,0.679,62,0.71,5,0.0,0.674,4.7,3.9,17.7,0.8,10.0,0.39,0.52,8.4,0,2019-2020,0
3107,Josh Hart,G,25.44,65,27.0,56.3,15.3,11.4,115,0.739,178,0.584,354,0.342,0.563,10.1,6.6,12.9,1.7,8.4,0.97,0.35,7.2,0,2019-2020,0
3108,Udonis Haslem,F,40.18,4,11.0,23.0,13.7,7.3,4,0.75,8,0.375,3,0.333,0.47,3.0,4.0,20.3,0.3,3.1,0.0,0.0,5.6,0,2019-2020,0
3109,Jaxson Hayes,C-F,20.23,64,16.9,35.1,15.0,13.4,190,0.647,256,0.676,4,0.25,0.687,7.4,4.1,12.8,0.9,7.2,0.41,0.88,7.1,0,2019-2020,0
3110,Gordon Hayward,F,30.4,52,33.5,69.7,21.1,11.2,145,0.855,478,0.554,222,0.383,0.595,17.5,6.7,10.7,4.1,18.8,0.73,0.42,9.4,0,2019-2020,0
3111,John Henson,F-C,29.63,40,15.0,31.3,16.3,15.535,46,0.5,135,0.639,36,0.251,0.575,5.5,4.0,15.2,1.4,13.6,0.6,1.05,8.3,0,2019-2020,0
3112,Dewan Hernandez,C-F,23.68,6,4.7,9.8,29.1,15.6,5,0.6,12,0.333,2,0.5,0.432,2.3,2.3,26.2,0.5,16.2,0.17,0.0,11.8,0,2019-2020,0
3113,Juancho Hernangomez,F,24.88,48,17.4,36.2,15.1,11.354,71,0.631,118,0.467,129,0.3,0.481,6.0,4.1,12.7,0.8,6.6,0.4,0.19,5.9,0,2019-2020,0
3114,Willy Hernangomez,C-F,26.22,31,12.1,25.2,22.9,15.4,59,0.627,117,0.59,22,0.227,0.576,6.1,4.4,19.6,0.9,13.5,0.32,0.23,9.6,0,2019-2020,0
3115,Tyler Herro,G,20.57,55,27.4,57.1,22.2,11.4,100,0.87,333,0.462,298,0.389,0.55,13.5,4.1,8.3,2.2,12.7,0.62,0.16,7.2,0,2019-2020,0
3116,Kevin Hervey,F,24.1,10,5.2,10.9,22.8,0.0,0,0.0,7,0.571,20,0.15,0.315,1.7,1.2,12.7,0.5,13.9,0.1,0.1,7.7,0,2019-2020,0
3117,Mario Hezonja,F-G,25.47,53,16.4,34.3,13.9,14.7,59,0.814,140,0.486,78,0.308,0.525,4.8,3.5,11.1,0.9,7.5,0.68,0.17,6.0,0,2019-2020,0
3118,Buddy Hield,G,26.66,72,30.8,64.1,27.2,12.1,136,0.846,475,0.478,688,0.394,0.565,19.2,4.6,8.3,3.0,15.5,0.93,0.24,8.3,0,2019-2020,0
3119,George Hill,G,34.28,59,21.5,44.9,15.5,11.9,101,0.842,200,0.565,176,0.46,0.659,9.4,3.0,6.9,3.1,19.0,0.8,0.08,8.3,0,2019-2020,0
3120,Solomon Hill,F,29.41,59,18.5,38.4,13.6,14.553,54,0.72,107,0.44,170,0.367,0.536,5.5,2.8,8.0,1.8,12.3,0.73,0.21,6.5,0,2019-2020,0
3121,Jaylen Hoard,F,21.38,13,7.9,16.5,17.2,9.6,13,0.615,29,0.517,3,0.0,0.504,2.9,2.5,16.3,0.3,5.3,0.38,0.0,6.6,0,2019-2020,0
3122,Aaron Holiday,G,23.87,66,24.5,51.1,18.7,12.6,87,0.851,342,0.427,221,0.394,0.521,9.5,2.3,5.3,3.4,19.1,0.85,0.24,6.9,0,2019-2020,0
3123,Jrue Holiday,G,30.18,61,34.7,72.3,24.6,14.7,182,0.709,660,0.509,346,0.353,0.537,19.1,4.8,7.4,6.7,29.1,1.62,0.8,9.8,0,2019-2020,0
3124,Justin Holiday,F-G,31.36,73,25.0,52.1,13.4,7.7,67,0.791,154,0.481,331,0.405,0.586,8.3,3.3,7.1,1.3,6.7,1.19,0.63,5.3,0,2019-2020,0
3125,Rondae Hollis-Jefferson,F,25.61,60,18.7,39.0,17.2,12.9,143,0.734,306,0.497,23,0.13,0.533,7.0,4.7,13.4,1.8,13.6,0.77,0.38,8.3,0,2019-2020,0
3126,Richaun Holmes,F,26.83,44,28.2,58.8,15.7,11.6,118,0.788,345,0.646,0,0.0,0.679,12.3,8.1,16.2,1.0,5.1,0.93,1.27,6.6,0,2019-2020,0
3127,Rodney Hood,G-F,27.82,21,29.5,61.4,13.9,9.4,27,0.778,101,0.515,71,0.493,0.625,11.0,3.4,6.1,1.5,7.0,0.81,0.19,5.2,0,2019-2020,0
3128,Al Horford,C-F,34.2,67,30.2,63.0,17.5,9.7,80,0.763,426,0.516,283,0.35,0.536,11.9,6.8,12.4,4.0,19.2,0.81,0.91,9.1,0,2019-2020,0
3129,Talen Horton-Tucker,G,19.72,6,13.5,28.2,19.6,15.9,4,0.5,17,0.588,13,0.308,0.535,5.7,1.2,4.7,1.0,10.5,1.33,0.17,5.6,0,2019-2020,0
3130,Danuel House Jr.,F-G,27.19,63,30.4,63.3,13.7,8.5,90,0.811,184,0.549,355,0.363,0.572,10.5,4.2,7.3,1.3,6.1,1.06,0.54,5.1,0,2019-2020,0
3131,Dwight Howard,C-F,34.69,69,18.9,39.4,14.7,18.6,214,0.514,272,0.732,5,0.6,0.696,7.5,7.3,21.2,0.7,4.8,0.46,1.14,7.1,0,2019-2020,0
3132,William Howard,F-G,26.81,2,6.7,13.9,15.6,20.0,0,0.0,0,0.0,4,0.0,0.0,0.0,1.0,7.9,0.5,8.9,0.0,0.0,0.0,0,2019-2020,0
3133,Kevin Huerter,G-F,21.97,56,31.4,65.5,17.1,12.0,64,0.828,276,0.453,334,0.38,0.536,12.2,4.1,7.0,3.8,17.5,0.91,0.48,7.3,0,2019-2020,0
3134,De'Andre Hunter,F-G,22.7,63,32.0,66.7,17.5,12.1,144,0.764,379,0.454,304,0.355,0.521,12.3,4.5,7.6,1.8,7.9,0.7,0.29,5.8,0,2019-2020,0
3135,Chandler Hutchison,F-G,24.3,28,18.8,39.2,19.1,11.4,78,0.59,137,0.496,38,0.316,0.521,7.8,3.9,11.3,0.9,7.4,0.96,0.25,6.4,0,2019-2020,0
3136,Serge Ibaka,F,30.91,55,27.0,56.2,24.0,13.1,124,0.718,488,0.559,182,0.385,0.583,15.4,8.2,16.1,1.4,8.6,0.51,0.84,8.3,0,2019-2020,0
3137,Andre Iguodala,G-F,36.55,21,19.9,41.5,12.8,22.2,15,0.4,41,0.585,47,0.298,0.507,4.6,3.7,10.4,2.4,16.9,0.67,1.0,6.9,0,2019-2020,0
3138,Ersan Ilyasova,F,33.25,63,15.7,32.6,16.1,8.8,87,0.828,176,0.545,137,0.365,0.589,6.6,4.8,15.1,0.8,6.6,0.37,0.27,7.5,0,2019-2020,0
3139,Joe Ingles,F-G,32.87,72,29.7,61.8,15.0,19.2,94,0.787,200,0.525,353,0.399,0.595,9.8,3.9,7.2,5.2,24.3,0.9,0.15,7.9,0,2019-2020,0
3140,Brandon Ingram,F,22.95,62,33.9,70.7,28.1,13.0,368,0.851,712,0.501,384,0.391,0.587,23.8,6.1,9.5,4.2,19.3,0.98,0.6,10.0,0,2019-2020,0
3141,Kyrie Irving,G,28.39,20,32.9,68.5,32.6,10.1,102,0.922,274,0.522,142,0.394,0.595,27.4,5.2,8.1,6.4,36.7,1.35,0.5,11.8,0,2019-2020,1
3142,Jonathan Isaac,F,22.87,34,28.8,60.0,18.3,11.8,77,0.779,238,0.521,94,0.34,0.552,11.9,6.8,12.7,1.4,7.4,1.56,2.29,6.7,0,2019-2020,0
3143,Wes Iwundu,F,25.65,52,18.3,38.2,13.7,8.9,97,0.804,150,0.46,82,0.341,0.546,5.8,2.5,7.4,1.2,8.8,0.48,0.25,5.7,0,2019-2020,0
3144,Jaren Jackson Jr.,F-C,20.92,57,28.5,59.3,24.0,10.6,186,0.747,385,0.54,368,0.394,0.593,17.4,4.6,8.5,1.4,7.2,0.68,1.61,6.8,0,2019-2020,0
3145,Frank Jackson,G,22.28,59,13.5,28.1,21.2,11.9,75,0.747,187,0.465,144,0.326,0.51,6.3,1.4,5.5,1.0,10.8,0.29,0.07,6.1,0,2019-2020,0
3146,Josh Jackson,G-F,23.51,22,17.3,36.1,22.8,13.4,50,0.7,87,0.54,72,0.319,0.547,9.0,3.0,9.1,1.6,13.1,0.82,0.41,8.1,0,2019-2020,0
3147,Justin Jackson,F,25.38,65,16.1,33.5,15.4,3.7,50,0.84,178,0.489,163,0.294,0.496,5.5,2.4,7.7,0.8,6.8,0.23,0.15,5.5,0,2019-2020,0
3148,Reggie Jackson,G,30.33,31,24.0,49.9,22.7,13.694,54,0.852,181,0.445,145,0.397,0.544,11.9,3.0,6.8,4.1,25.6,0.42,0.16,8.7,0,2019-2020,0
3149,Justin James,G-F,23.56,35,6.6,13.8,18.7,7.0,21,0.476,55,0.473,29,0.31,0.477,2.5,0.9,7.7,0.5,11.2,0.17,0.26,6.3,0,2019-2020,0
3150,LeBron James,F,35.62,67,34.6,72.0,31.5,15.1,381,0.693,878,0.564,425,0.348,0.577,25.3,7.8,12.3,10.2,49.1,1.16,0.54,14.6,1,2019-2020,1
3151,Amile Jefferson,F,27.27,18,4.1,8.6,13.4,13.0,14,0.357,14,0.357,0,0.0,0.372,0.8,1.3,16.6,0.2,7.2,0.06,0.17,5.8,0,2019-2020,0
3152,DaQuan Jeffries,G-F,22.96,13,10.9,22.6,13.7,4.5,6,0.833,22,0.682,18,0.278,0.586,3.8,1.4,7.2,0.5,7.1,0.31,0.08,5.1,0,2019-2020,0
3153,Ty Jerome,G-F,23.11,31,10.6,22.0,17.9,13.0,16,0.75,63,0.381,50,0.28,0.425,3.3,1.5,7.8,1.4,18.2,0.48,0.1,7.2,0,2019-2020,0
3154,Alize Johnson,F,24.31,17,6.9,14.4,15.1,17.3,10,0.7,21,0.429,8,0.375,0.509,2.0,2.9,22.8,0.4,7.7,0.18,0.12,7.7,0,2019-2020,0
3155,BJ Johnson,F,24.65,10,8.3,17.2,22.2,14.2,10,0.9,23,0.261,9,0.333,0.412,3.0,1.5,9.8,0.3,5.1,0.3,0.0,5.3,0,2019-2020,0
3156,Cameron Johnson,F,24.45,57,22.0,45.9,15.7,6.9,57,0.807,133,0.526,272,0.39,0.586,8.8,3.3,8.3,1.2,7.7,0.61,0.35,5.9,0,2019-2020,0
3157,James Johnson,F,33.48,32,19.4,40.3,18.9,16.044,48,0.617,124,0.559,91,0.362,0.565,8.5,3.7,10.3,2.3,16.9,0.75,1.03,8.2,0,2019-2020,0
3158,Keldon Johnson,F-G,20.84,17,17.7,36.8,17.4,10.7,44,0.795,67,0.597,22,0.591,0.711,9.1,3.4,10.2,0.9,7.2,0.82,0.12,6.8,0,2019-2020,0
3159,Stanley Johnson,F-G,24.21,25,6.0,12.5,23.1,18.5,16,0.563,35,0.429,24,0.292,0.454,2.4,1.5,13.0,0.8,19.4,0.24,0.16,9.5,0,2019-2020,0
3160,Tyler Johnson,G,28.27,39,18.2,37.9,17.8,10.249,50,0.801,131,0.456,119,0.31,0.496,7.0,2.0,5.8,1.9,14.4,0.41,0.23,6.4,0,2019-2020,0
3161,Nikola Jokic,C,25.49,73,32.0,66.6,26.6,15.8,301,0.817,816,0.594,255,0.314,0.605,19.9,9.7,17.1,7.0,35.2,1.16,0.6,13.8,1,2019-2020,1
3162,Derrick Jones Jr.,F,23.5,59,23.3,48.6,13.9,6.9,123,0.772,217,0.677,132,0.28,0.62,8.5,3.9,9.5,1.1,6.7,1.0,0.63,5.7,0,2019-2020,0
3163,Damian Jones,C,25.13,55,16.1,33.6,11.4,11.5,84,0.738,169,0.704,9,0.222,0.712,5.6,3.7,12.5,0.6,5.6,0.47,0.73,5.8,0,2019-2020,0
3164,Tyus Jones,G,24.26,65,19.0,39.5,17.2,10.8,58,0.741,305,0.492,124,0.379,0.532,7.4,1.6,4.4,4.4,32.0,0.91,0.09,7.9,0,2019-2020,0
3165,DeAndre Jordan,C,32.07,56,22.0,45.9,14.1,17.8,122,0.68,287,0.666,0,0.0,0.682,8.3,10.0,23.5,1.9,12.6,0.32,0.93,9.8,0,2019-2020,0
3166,Cory Joseph,G,28.99,72,24.4,50.9,12.9,15.3,70,0.857,253,0.455,159,0.352,0.517,6.4,2.6,6.0,3.5,19.1,0.74,0.29,6.4,0,2019-2020,0
3167,Mfiondu Kabengele,F-C,23.0,12,5.4,11.2,23.5,5.5,5,1.0,12,0.417,20,0.45,0.614,3.5,0.9,8.9,0.2,4.8,0.17,0.17,6.4,0,2019-2020,0
3168,Frank Kaminsky,F-C,27.36,39,19.9,41.5,21.0,9.6,90,0.678,183,0.53,124,0.331,0.545,9.7,4.5,12.6,1.9,14.3,0.38,0.26,8.8,0,2019-2020,0
3169,Enes Kanter,C,28.24,58,17.0,35.3,19.4,12.5,99,0.707,341,0.581,7,0.143,0.599,8.1,7.4,23.5,1.0,8.8,0.4,0.71,9.2,0,2019-2020,0
3170,Luke Kennard,G,24.14,28,32.9,68.6,19.8,10.3,75,0.893,159,0.491,183,0.399,0.589,15.8,3.5,6.0,4.1,19.2,0.43,0.21,7.4,0,2019-2020,0
3171,Michael Kidd-Gilchrist,F,26.89,25,11.2,23.4,12.9,24.576,14,0.789,46,0.381,20,0.141,0.407,2.4,2.7,13.0,0.5,6.6,0.08,0.24,5.0,0,2019-2020,0
3172,Stanton Kidd,F,28.41,4,3.8,8.0,14.3,40.0,0,0.0,2,0.0,1,0.0,0.0,0.0,0.8,10.8,0.3,7.9,0.0,0.0,0.0,0,2019-2020,0
3173,Louis King,F,21.36,10,6.2,13.0,17.1,8.2,3,0.0,10,0.4,11,0.364,0.448,2.0,1.0,9.1,0.5,11.8,0.2,0.0,6.5,0,2019-2020,0
3174,Maxi Kleber,F,28.54,74,25.5,53.2,13.9,9.5,93,0.849,195,0.605,319,0.373,0.605,9.1,5.3,10.8,1.2,6.3,0.34,1.14,6.1,0,2019-2020,0
3175,Brandon Knight,G,28.7,25,18.5,38.5,20.2,16.592,34,0.471,36,0.39,131,0.33,0.483,7.3,1.7,4.9,2.7,20.7,0.4,0.12,6.7,0,2019-2020,0
3176,Kevin Knox II,F,21.01,65,17.9,37.4,17.9,9.2,101,0.653,202,0.391,199,0.327,0.47,6.4,2.8,8.4,0.9,7.4,0.35,0.43,5.6,0,2019-2020,0
3177,John Konchar,G,24.4,19,9.5,19.9,10.3,15.6,2,0.5,27,0.704,10,0.5,0.713,2.8,2.5,13.7,1.2,16.2,0.37,0.16,8.6,0,2019-2020,0
3178,Furkan Korkmaz,G-F,23.06,72,21.7,45.1,18.4,8.8,102,0.755,208,0.476,356,0.402,0.578,9.8,2.3,5.9,1.1,7.3,0.57,0.22,5.4,0,2019-2020,0
3179,Luke Kornet,C-F,25.09,36,15.5,32.3,16.3,6.6,28,0.714,79,0.646,108,0.287,0.539,6.0,2.3,8.3,0.9,8.5,0.31,0.72,6.0,0,2019-2020,0
3180,Kyle Korver,G-F,39.41,58,16.6,34.5,15.5,13.6,41,0.854,56,0.482,237,0.418,0.62,6.7,2.1,6.3,1.2,9.2,0.43,0.21,6.2,0,2019-2020,0
3181,Rodions Kurucs,F,22.52,47,14.5,30.3,14.7,19.2,38,0.632,87,0.529,90,0.367,0.555,4.6,2.9,10.4,1.1,10.4,0.53,0.11,6.8,0,2019-2020,0
3182,Kyle Kuzma,F,25.06,61,25.0,52.1,22.8,11.0,155,0.735,396,0.518,272,0.316,0.531,12.8,4.5,9.8,1.3,7.6,0.46,0.43,6.7,0,2019-2020,0
3183,Skal Labissiere,F-C,24.41,33,17.2,35.8,14.3,15.7,33,0.758,134,0.582,13,0.231,0.588,5.8,5.1,15.6,1.3,10.1,0.21,0.94,7.8,0,2019-2020,0
3184,Jeremy Lamb,G-F,28.21,46,28.1,58.5,19.6,8.7,110,0.836,321,0.508,158,0.335,0.547,12.5,4.3,8.4,2.1,10.5,1.17,0.48,6.9,0,2019-2020,0
3185,Romeo Langford,G-F,20.81,32,11.6,24.1,11.8,10.8,25,0.72,53,0.434,27,0.185,0.434,2.5,1.3,5.9,0.4,4.5,0.22,0.25,3.8,0,2019-2020,0
3186,Zach LaVine,G-F,25.43,60,34.8,72.4,31.7,13.3,334,0.802,716,0.496,484,0.38,0.568,25.5,4.8,7.7,4.2,21.7,1.45,0.47,9.2,0,2019-2020,0
3187,Vic Law,F,24.66,8,7.7,16.1,15.8,8.8,6,0.333,11,0.455,7,0.143,0.363,1.9,1.4,9.6,0.4,6.7,0.25,0.0,5.3,0,2019-2020,0
3188,Jake Layman,F,26.44,23,22.0,45.8,17.7,11.1,32,0.75,107,0.533,72,0.333,0.544,9.1,2.5,5.9,0.7,4.4,0.74,0.39,4.6,0,2019-2020,0
3189,TJ Leaf,F,23.29,28,7.9,16.5,20.0,7.9,16,0.438,68,0.456,18,0.278,0.451,3.0,2.5,17.3,0.3,5.7,0.36,0.14,6.6,0,2019-2020,0
3190,Jalen Lecque,G,20.17,5,6.3,13.2,17.3,15.5,2,1.0,6,0.667,4,0.0,0.46,2.0,0.4,3.5,0.4,8.7,0.0,0.0,4.3,0,2019-2020,0
3191,Courtney Lee,G,34.87,24,14.4,30.0,11.9,11.4,7,0.857,35,0.543,47,0.447,0.629,4.5,1.3,4.9,0.5,4.7,0.75,0.25,4.0,0,2019-2020,0
3192,Damion Lee,G-F,27.81,49,29.0,60.5,19.0,10.6,126,0.873,272,0.471,239,0.356,0.548,12.7,4.9,9.1,2.7,14.4,1.02,0.12,7.6,0,2019-2020,0
3193,Alex Len,C,27.16,55,17.6,36.8,18.2,13.755,105,0.651,261,0.614,59,0.364,0.602,7.9,5.9,18.3,0.9,7.7,0.42,0.88,7.9,0,2019-2020,0
3194,Kawhi Leonard,F,29.13,57,32.4,67.5,33.0,10.2,402,0.886,808,0.506,325,0.378,0.589,27.1,7.1,11.3,4.9,26.5,1.81,0.58,12.1,1,2019-2020,1
3195,Meyers Leonard,C,28.46,51,20.3,42.2,12.1,13.7,28,0.643,106,0.623,128,0.414,0.627,6.1,5.1,13.9,1.1,7.6,0.27,0.29,6.4,0,2019-2020,0
3196,Caris LeVert,G,25.97,45,29.6,61.6,29.4,12.5,197,0.711,512,0.451,220,0.364,0.514,18.7,4.2,7.3,4.4,25.0,1.18,0.22,9.5,0,2019-2020,0
3197,Damian Lillard,G,30.09,66,37.5,78.1,30.3,11.0,518,0.888,674,0.525,674,0.401,0.628,30.0,4.3,6.0,8.0,34.4,1.06,0.33,10.8,1,2019-2020,1
3198,Nassir Little,F-G,20.51,48,11.9,24.8,13.7,8.1,44,0.636,92,0.554,59,0.237,0.505,3.6,2.3,9.9,0.5,5.0,0.27,0.31,5.4,0,2019-2020,0
3199,Kevon Looney,F,24.52,20,13.1,27.3,15.9,13.4,12,0.75,65,0.431,14,0.071,0.403,3.4,3.3,13.7,1.0,11.1,0.6,0.3,6.8,0,2019-2020,0
3200,Brook Lopez,C,32.37,68,26.7,55.7,18.3,8.7,152,0.836,346,0.549,325,0.314,0.551,12.0,4.6,8.5,1.5,7.4,0.68,2.4,6.5,0,2019-2020,0
3201,Robin Lopez,C,32.37,66,14.5,30.2,16.6,16.4,53,0.528,194,0.577,105,0.333,0.554,5.4,2.4,8.3,0.7,6.3,0.15,0.68,5.8,0,2019-2020,0
3202,Kevin Love,F,31.94,56,31.8,66.2,23.2,14.6,219,0.854,337,0.537,390,0.374,0.599,17.6,9.8,17.1,3.2,15.4,0.59,0.34,10.3,0,2019-2020,0
3203,Kyle Lowry,G,34.39,58,36.2,75.4,23.1,15.7,343,0.857,337,0.504,466,0.352,0.59,19.4,5.0,7.3,7.5,30.6,1.41,0.45,9.9,0,2019-2020,0
3204,Timothe Luwawu-Cabarrot,G-F,25.27,47,18.1,37.8,16.8,10.8,81,0.852,109,0.505,160,0.388,0.599,7.8,2.7,7.7,0.6,4.9,0.38,0.13,5.1,0,2019-2020,0
3205,Trey Lyles,F,24.78,63,20.2,42.0,13.6,9.7,45,0.733,175,0.503,168,0.387,0.557,6.4,5.7,15.3,1.1,7.2,0.44,0.44,6.8,0,2019-2020,0
3206,Daryl Macon,G,24.71,4,3.5,7.3,15.6,40.0,0,0.0,1,0.0,2,0.5,0.5,0.8,0.0,0.0,0.3,9.6,0.0,0.0,0.0,0,2019-2020,0
3207,J.P. Macura,G,25.2,1,0.6,1.3,0.0,0.0,0,0.0,0,0.0,0,0.0,0.0,0.0,0.0,0.0,0.0,0.0,0.0,0.0,0.0,0,2019-2020,0
3208,Josh Magette,G,30.71,8,4.7,9.9,23.8,23.9,2,0.5,11,0.364,4,0.25,0.378,1.5,0.8,8.5,0.6,19.3,0.38,0.13,7.6,0,2019-2020,0
3209,Ian Mahinmi,C,33.78,38,21.3,44.3,15.7,14.7,113,0.619,185,0.535,26,0.192,0.543,7.4,5.8,14.8,1.3,8.3,0.82,1.16,7.2,0,2019-2020,0
3210,Thon Maker,F-C,23.47,60,12.9,26.9,16.1,15.7,110,0.664,129,0.55,64,0.344,0.582,4.7,2.8,12.2,0.7,8.0,0.42,0.65,6.5,0,2019-2020,0
3211,Terance Mann,G-F,23.82,41,8.8,18.4,12.6,16.5,27,0.667,59,0.508,20,0.35,0.545,2.4,1.3,7.9,1.3,19.3,0.27,0.12,7.2,0,2019-2020,0
3212,Boban Marjanovic,C,32.0,42,10.0,20.9,26.9,11.7,57,0.754,193,0.606,17,0.235,0.615,6.9,4.7,24.5,0.5,8.3,0.19,0.24,10.1,0,2019-2020,0
3213,Lauri Markkanen,F-C,23.23,50,29.8,62.2,21.1,11.0,153,0.824,274,0.518,317,0.344,0.56,14.7,6.3,11.6,1.5,7.6,0.84,0.48,7.0,0,2019-2020,0
3214,Caleb Martin,F,24.88,18,17.6,36.7,15.0,13.9,21,0.81,47,0.362,37,0.541,0.595,6.2,2.1,6.6,1.3,11.1,0.67,0.39,5.8,0,2019-2020,0
3215,Cody Martin,F,24.88,48,18.8,39.2,13.6,15.7,65,0.646,130,0.546,77,0.234,0.505,5.0,3.3,9.6,2.0,15.8,0.81,0.19,6.8,0,2019-2020,0
3216,Jeremiah Martin,G,24.15,9,11.0,22.9,26.7,6.3,14,0.786,35,0.543,18,0.278,0.541,7.1,1.1,5.2,2.0,30.8,0.78,0.22,9.1,0,2019-2020,0
3217,Kelan Martin,F,25.03,31,16.0,33.3,17.9,9.3,31,0.968,85,0.541,96,0.26,0.506,6.4,3.1,10.2,0.7,6.8,0.23,0.29,6.0,0,2019-2020,0
3218,Frank Mason,G,26.37,9,13.1,27.3,24.3,15.8,17,0.588,30,0.567,21,0.286,0.53,6.9,2.1,8.0,3.2,35.0,0.56,0.11,11.0,0,2019-2020,0
3219,Garrison Mathews,G,23.81,18,12.6,26.3,14.4,10.1,34,0.912,10,0.5,46,0.413,0.691,5.4,1.3,5.8,0.6,5.8,0.44,0.06,5.1,0,2019-2020,0
3220,Wesley Matthews,G,33.84,67,24.4,50.8,12.5,8.7,68,0.765,125,0.472,297,0.364,0.547,7.4,2.5,5.0,1.4,7.1,0.55,0.13,4.9,0,2019-2020,0
3221,Luc Mbah a Moute,F,33.93,3,8.2,17.1,11.6,14.5,2,0.5,3,0.667,2,0.0,0.425,1.7,0.7,4.3,0.0,0.0,0.67,0.0,0.0,0,2019-2020,0
3222,Patrick McCaw,G,24.81,37,24.5,51.1,9.4,14.6,18,0.722,91,0.484,71,0.324,0.5,4.6,2.3,5.0,2.1,11.5,1.05,0.11,4.6,0,2019-2020,0
3223,CJ McCollum,G,28.9,70,36.5,76.1,25.9,8.1,185,0.757,844,0.494,512,0.379,0.541,22.2,4.3,6.1,4.4,19.1,0.77,0.6,8.2,0,2019-2020,0
3224,T.J. McConnell,G,28.39,71,18.7,38.9,17.5,18.9,42,0.833,395,0.524,17,0.294,0.539,6.5,2.7,7.9,5.0,37.6,0.8,0.15,9.5,0,2019-2020,0
3225,Jalen McDaniels,F-C,22.54,16,18.3,38.2,13.4,13.4,17,0.824,46,0.522,24,0.375,0.574,5.6,4.1,12.1,0.8,6.7,0.5,0.19,5.8,0,2019-2020,0
3226,Doug McDermott,F,28.61,69,19.9,41.4,19.6,6.8,58,0.828,253,0.549,294,0.435,0.62,10.3,2.5,6.9,1.1,8.4,0.17,0.09,6.1,0,2019-2020,0
3227,JaVale McGee,C-F,32.57,68,16.6,34.6,14.8,13.9,82,0.646,300,0.64,6,0.5,0.652,6.6,5.8,18.9,0.5,4.6,0.53,1.37,6.4,0,2019-2020,0
3228,Rodney McGruder,G,29.05,56,15.6,32.4,10.6,10.9,34,0.559,92,0.522,89,0.27,0.477,3.3,2.7,9.0,0.7,5.5,0.46,0.14,4.7,0,2019-2020,0
3229,Alfonzo McKinnie,F,27.91,40,14.8,30.9,15.2,12.3,31,0.71,106,0.557,65,0.215,0.493,4.6,2.8,10.6,0.4,3.3,0.58,0.2,4.7,0,2019-2020,0
3230,Jordan McLaughlin,G,24.35,30,19.7,41.0,15.8,13.7,39,0.667,102,0.569,76,0.382,0.587,7.6,1.6,4.4,4.2,31.0,1.13,0.13,7.5,0,2019-2020,0
3231,Ben McLemore,G,27.51,71,22.8,47.5,16.0,8.0,67,0.746,93,0.656,452,0.4,0.622,10.1,2.2,5.0,0.8,5.2,0.65,0.23,4.6,0,2019-2020,0
3232,Jordan McRae,G,29.38,37,21.2,44.2,23.5,8.543,109,0.764,240,0.39,126,0.37,0.521,11.5,3.4,8.7,2.5,17.8,0.57,0.44,8.6,0,2019-2020,0
3233,Nicolo Melli,F-C,29.55,60,17.4,36.2,15.7,11.5,73,0.74,117,0.573,206,0.335,0.556,6.6,3.0,9.2,1.4,10.5,0.57,0.38,7.0,0,2019-2020,0
3234,De'Anthony Melton,G,22.22,60,19.5,40.5,19.2,15.6,121,0.769,261,0.464,140,0.286,0.501,7.6,3.7,9.9,2.9,20.1,1.27,0.33,8.9,0,2019-2020,0
3235,Chimezie Metu,F-C,23.4,18,5.9,12.2,23.7,17.3,13,0.769,40,0.6,2,0.0,0.608,3.2,1.8,16.9,0.6,14.8,0.17,0.33,10.3,0,2019-2020,0
3236,Khris Middleton,F,29.01,62,29.9,62.3,26.3,11.5,227,0.916,593,0.546,354,0.415,0.619,20.9,6.2,10.2,4.3,22.2,0.85,0.11,11.0,0,2019-2020,0
3237,Eric Mika,C,25.61,1,19.1,39.8,8.8,0.0,2,1.0,3,0.667,0,0.0,0.773,6.0,7.0,20.6,0.0,0.0,0.0,0.0,0.0,0,2019-2020,0
3238,CJ Miles,G,33.41,10,16.1,33.5,18.6,5.6,20,0.75,24,0.333,35,0.314,0.472,6.4,1.2,4.1,1.2,10.0,1.0,0.4,5.2,0,2019-2020,0
3239,Malcolm Miller,G-F,27.44,28,5.8,12.0,9.6,11.0,8,0.375,7,0.571,22,0.364,0.538,1.3,0.6,5.2,0.4,8.9,0.18,0.07,4.7,0,2019-2020,0
3240,Paul Millsap,F,35.51,51,24.3,50.7,20.0,12.3,141,0.816,314,0.5,124,0.435,0.591,11.6,5.7,13.2,1.6,9.6,0.86,0.59,7.8,0,2019-2020,0
3241,Patty Mills,G,32.01,66,22.5,46.9,20.4,7.7,112,0.866,195,0.533,403,0.382,0.592,11.6,1.6,3.9,1.8,11.4,0.8,0.09,5.7,0,2019-2020,0
3242,Shake Milton,G-F,23.88,40,20.1,41.9,18.8,13.3,65,0.785,142,0.535,135,0.43,0.617,9.4,2.2,6.0,2.6,18.8,0.48,0.18,7.5,0,2019-2020,0
3243,Donovan Mitchell,G,23.94,69,34.3,71.4,30.8,11.0,322,0.863,869,0.494,473,0.366,0.558,24.0,4.4,7.1,4.3,21.6,1.01,0.2,9.0,0,2019-2020,0
3244,Naz Mitrou-Long,G,27.03,5,9.4,19.5,18.7,15.0,0,0.0,5,0.8,12,0.167,0.412,2.8,1.4,8.2,1.6,22.9,0.2,0.2,7.8,0,2019-2020,0
3245,Adam Mokoka,G,22.08,11,10.2,21.2,12.1,6.3,4,0.5,13,0.462,15,0.4,0.538,2.9,0.9,4.9,0.4,5.0,0.36,0.0,4.0,0,2019-2020,0
3246,Malik Monk,G,22.53,55,21.3,44.3,22.9,12.6,100,0.82,284,0.542,204,0.284,0.53,10.3,2.9,7.3,2.1,16.6,0.45,0.29,7.5,0,2019-2020,0
3247,Matt Mooney,G,23.52,4,4.7,9.8,9.1,0.0,0,0.0,2,0.5,2,0.0,0.25,0.5,0.8,8.9,0.3,6.8,0.5,0.25,4.2,0,2019-2020,0
3248,E'Twaun Moore,G,31.47,56,18.2,37.9,19.9,8.1,45,0.689,270,0.456,167,0.377,0.51,8.3,2.3,6.8,1.4,11.0,0.57,0.2,6.6,0,2019-2020,0
3249,Ja Morant,G,21.01,67,31.0,64.5,25.9,17.0,308,0.776,758,0.511,179,0.335,0.556,17.8,3.9,6.5,7.3,35.2,0.88,0.27,10.3,0,2019-2020,0
3250,Juwan Morgan,F,23.33,21,6.4,13.3,11.0,17.8,4,0.75,18,0.667,8,0.375,0.648,1.7,1.4,11.9,0.3,6.2,0.05,0.1,5.6,0,2019-2020,0
3251,Marcus Morris Sr.,F,30.95,62,31.3,65.1,21.8,9.935,220,0.821,462,0.471,348,0.399,0.564,16.7,5.0,8.5,1.4,6.8,0.74,0.49,6.2,0,2019-2020,0
3252,Markieff Morris,F,30.95,58,20.5,42.7,20.5,12.607,85,0.787,230,0.5,229,0.38,0.558,9.6,3.7,10.5,1.4,9.6,0.53,0.28,7.0,0,2019-2020,0
3253,Monte Morris,G,25.13,73,22.4,46.7,17.5,8.2,89,0.843,394,0.495,172,0.378,0.545,9.0,1.9,4.7,3.5,22.1,0.75,0.23,7.0,0,2019-2020,0
3254,Johnathan Motley,F,25.28,13,3.2,6.6,23.5,21.7,7,0.714,14,0.714,1,1.0,0.774,2.2,0.8,12.6,0.5,28.7,0.23,0.0,12.0,0,2019-2020,0
3255,Emmanuel Mudiay,G,24.44,54,15.7,32.8,22.6,17.3,83,0.759,239,0.506,87,0.345,0.545,7.3,2.3,8.2,2.1,20.9,0.44,0.19,8.4,0,2019-2020,0
3256,Mychal Mulder,G,26.18,7,29.1,60.6,16.2,6.5,12,0.75,15,0.667,52,0.308,0.533,11.0,3.3,6.1,1.1,5.9,0.29,0.14,4.7,0,2019-2020,0
3257,Dejounte Murray,G,23.9,66,25.6,53.2,20.8,15.4,114,0.798,526,0.481,111,0.369,0.524,10.9,5.8,12.3,4.1,23.1,1.68,0.26,10.0,0,2019-2020,0
3258,Jamal Murray,G,23.47,59,32.3,67.2,25.2,11.5,185,0.881,570,0.519,324,0.346,0.559,18.5,4.0,6.9,4.8,22.9,1.14,0.29,8.8,0,2019-2020,0
3259,Dzanan Musa,G-F,21.27,40,12.2,25.4,20.1,15.4,60,0.75,94,0.479,78,0.244,0.484,4.8,2.2,9.1,1.1,12.6,0.38,0.03,7.4,0,2019-2020,0
3260,Mike Muscala,F-C,29.12,47,12.2,25.3,16.6,7.9,22,0.818,46,0.5,143,0.378,0.569,4.8,2.3,10.4,0.9,10.1,0.19,0.26,7.0,0,2019-2020,0
3261,Svi Mykhailiuk,G-F,23.18,56,22.6,47.1,17.1,12.3,70,0.814,120,0.425,285,0.404,0.578,9.0,1.9,4.7,1.9,12.3,0.73,0.07,5.6,0,2019-2020,0
3262,Abdel Nader,F,26.89,55,15.8,32.8,17.0,12.8,66,0.773,135,0.556,128,0.375,0.591,6.3,1.8,6.4,0.7,6.4,0.42,0.36,5.1,0,2019-2020,0
3263,Larry Nance Jr.,F-C,27.62,56,26.3,54.8,15.2,11.5,74,0.676,272,0.636,159,0.352,0.608,10.1,7.3,15.4,2.2,12.3,0.98,0.39,8.3,0,2019-2020,0
3264,Shabazz Napier,G,29.09,56,24.0,50.1,20.0,19.6,153,0.823,216,0.522,240,0.318,0.551,10.3,2.9,6.3,4.7,27.8,1.25,0.19,8.6,0,2019-2020,0
3265,Raul Neto,G,28.24,54,12.4,25.8,18.6,16.3,47,0.83,133,0.504,88,0.386,0.569,5.1,1.1,5.0,1.8,20.3,0.44,0.11,7.0,0,2019-2020,0
3266,Malik Newman,G,23.48,1,3.7,7.7,44.8,25.8,2,1.0,1,0.0,1,0.0,0.347,2.0,0.0,0.0,0.0,0.0,0.0,0.0,0.0,0,2019-2020,0
3267,Georges Niang,F,27.16,66,14.0,29.1,17.2,8.3,24,0.833,97,0.526,225,0.4,0.589,5.9,1.9,7.6,0.7,6.9,0.27,0.08,5.7,0,2019-2020,0
3268,Joakim Noah,F-C,35.47,5,10.0,20.9,14.6,34.2,8,0.75,8,0.5,0,0.0,0.608,2.8,3.2,16.5,1.4,17.9,0.2,0.2,9.3,0,2019-2020,0
3269,Nerlens Noel,C-F,26.35,61,18.5,38.5,14.9,17.3,106,0.755,266,0.688,3,0.333,0.711,7.4,4.9,14.7,0.9,7.6,0.97,1.49,6.9,0,2019-2020,0
3270,Zach Norvell Jr.,G-F,22.68,5,8.2,17.0,13.7,12.48,1,0.6,4,0.0,8,0.225,0.262,2.0,1.2,9.0,0.6,7.0,0.4,0.0,3.5,0,2019-2020,0
3271,Jaylen Nowell,G,21.35,15,10.1,21.0,17.3,4.7,17,0.941,27,0.593,26,0.115,0.471,3.8,0.9,4.5,1.3,17.8,0.2,0.0,6.5,0,2019-2020,0
3272,Frank Ntilikina,G,22.05,57,20.8,43.4,15.4,16.5,59,0.864,196,0.444,137,0.321,0.497,6.3,2.1,5.4,3.0,20.2,0.95,0.28,6.6,0,2019-2020,0
3273,Kendrick Nunn,G,25.03,67,29.3,61.0,24.0,10.6,100,0.85,523,0.505,391,0.35,0.534,15.3,2.7,5.1,3.3,18.5,0.84,0.22,7.0,0,2019-2020,0
3274,Jusuf Nurkic,C,25.98,8,31.7,65.9,24.0,13.2,35,0.886,99,0.525,10,0.2,0.567,17.6,10.3,17.0,4.0,19.1,1.38,2.0,11.3,0,2019-2020,0
3275,David Nwaba,G-F,27.58,20,13.4,28.0,14.2,8.8,27,0.667,43,0.581,28,0.429,0.627,5.2,2.3,8.7,0.4,4.3,0.55,0.6,5.0,0,2019-2020,0
3276,Semi Ojeleye,F,25.69,69,14.6,30.5,9.7,8.3,32,0.875,69,0.464,127,0.378,0.562,3.4,2.1,7.7,0.5,4.7,0.3,0.07,4.2,0,2019-2020,0
3277,Jahlil Okafor,C-F,24.67,30,15.6,32.4,19.9,16.7,62,0.645,159,0.629,3,0.333,0.642,8.1,4.2,14.4,1.2,12.0,0.23,0.73,8.8,0,2019-2020,0
3278,Elie Okobo,F-G,22.81,55,13.1,27.2,14.8,15.2,71,0.704,110,0.427,71,0.352,0.516,4.0,1.6,7.0,2.1,21.2,0.45,0.07,7.3,0,2019-2020,0
3279,Josh Okogie,G,21.95,62,25.0,52.0,15.1,15.1,191,0.796,244,0.529,154,0.266,0.553,8.6,4.3,9.1,1.6,8.9,1.1,0.42,6.2,0,2019-2020,0
3280,KZ Okpala,F-G,21.3,5,5.2,10.8,11.6,14.5,2,0.5,4,0.75,1,0.0,0.595,1.4,1.0,10.7,0.2,5.5,0.4,0.2,5.0,0,2019-2020,0
3281,Victor Oladipo,G,28.28,19,27.8,57.9,26.5,14.7,59,0.814,142,0.451,104,0.317,0.506,14.5,3.9,7.8,2.9,15.4,0.89,0.21,7.9,0,2019-2020,0
3282,Kelly Olynyk,C,29.32,67,19.4,40.4,17.4,13.8,100,0.86,164,0.543,234,0.406,0.621,8.2,4.6,13.1,1.7,13.3,0.67,0.34,8.3,0,2019-2020,0
3283,Royce O'Neale,F,27.2,71,28.9,60.1,9.6,13.5,55,0.764,121,0.545,244,0.377,0.578,6.3,5.5,10.4,2.5,11.6,0.83,0.45,6.1,0,2019-2020,0
3284,Miye Oni,G-F,23.03,10,10.9,22.7,15.3,10.5,5,0.8,13,0.385,19,0.368,0.512,3.5,1.7,8.6,0.4,5.1,0.4,0.2,4.9,0,2019-2020,0
3285,Kyle O'Quinn,C-F,30.39,29,10.8,22.5,15.7,17.6,20,0.55,58,0.603,27,0.259,0.544,3.5,4.0,20.5,1.8,22.7,0.24,0.83,10.9,0,2019-2020,0
3286,Cedi Osman,F,25.35,65,29.4,61.2,16.6,12.3,94,0.67,288,0.497,321,0.383,0.552,11.0,3.6,6.7,2.4,11.6,0.83,0.25,6.2,0,2019-2020,0
3287,Kelly Oubre Jr.,F-G,24.68,56,34.5,71.9,22.4,8.2,246,0.78,519,0.511,307,0.352,0.56,18.7,6.5,10.4,1.5,6.6,1.25,0.71,6.6,0,2019-2020,0
3288,Tariq Owens,F,25.13,3,5.1,10.7,16.2,0.0,2,1.0,3,0.333,2,0.0,0.34,1.3,1.0,10.8,0.0,0.0,0.33,0.0,0.0,0,2019-2020,0
3289,Jeremy Pargo,G,34.44,3,14.8,30.8,25.5,15.1,1,0.0,15,0.533,7,0.429,0.557,8.3,1.0,3.7,2.7,32.8,0.33,0.0,7.6,0,2019-2020,0
3290,Jabari Parker,F,25.42,38,24.2,50.3,24.0,11.879,81,0.76,310,0.605,119,0.267,0.577,14.0,5.7,12.9,1.8,13.0,1.18,0.42,8.8,0,2019-2020,0
3291,Chandler Parsons,F,31.8,5,10.8,22.6,16.1,14.3,0,0.0,4,0.25,14,0.286,0.389,2.8,1.4,7.0,0.6,7.4,0.8,0.2,4.9,0,2019-2020,0
3292,Eric Paschall,F,23.78,60,27.6,57.4,21.4,11.3,212,0.774,512,0.549,129,0.287,0.57,14.0,4.6,9.0,2.1,12.7,0.53,0.22,7.4,0,2019-2020,0
3293,Anzejs Pasecniks,C,24.65,26,16.8,35.0,15.8,14.5,58,0.586,113,0.54,3,0.0,0.551,6.0,4.1,13.4,0.7,5.7,0.35,0.46,6.1,0,2019-2020,0
3294,Patrick Patterson,F,31.42,59,13.2,27.4,14.7,7.7,43,0.814,61,0.459,172,0.39,0.58,4.9,2.6,10.1,0.7,7.2,0.12,0.05,6.3,0,2019-2020,0
3295,Justin Patton,C,23.17,5,4.8,10.1,21.8,16.7,0,0.0,6,0.5,4,0.25,0.45,1.8,1.0,11.4,0.4,12.5,0.0,0.0,7.5,0,2019-2020,0
3296,Chris Paul,G,35.28,70,31.5,65.7,23.3,13.8,279,0.907,583,0.554,304,0.365,0.61,17.6,5.0,8.8,6.7,34.0,1.59,0.16,10.6,1,2019-2020,0
3297,Cameron Payne,G,26.02,8,22.9,47.7,19.1,13.4,7,0.857,39,0.462,29,0.517,0.612,10.9,3.9,9.4,3.0,19.4,1.0,0.25,8.8,0,2019-2020,0
3298,Gary Payton II,G,27.7,29,14.9,31.0,13.4,14.3,8,0.5,70,0.5,46,0.283,0.473,3.9,2.8,10.1,1.7,14.8,1.14,0.24,7.1,0,2019-2020,0
3299,Elfrid Payton,G,26.48,45,27.7,57.7,19.5,16.6,86,0.57,371,0.482,69,0.203,0.47,10.0,4.7,9.0,7.2,38.6,1.58,0.38,10.1,0,2019-2020,0
3300,Norvel Pelle,F,27.53,24,9.7,20.1,13.4,24.9,14,0.5,47,0.532,1,0.0,0.526,2.4,3.0,17.2,0.3,4.6,0.13,1.25,5.3,0,2019-2020,0
3301,Theo Pinson,G-F,24.78,33,11.1,23.1,22.3,16.9,16,0.938,75,0.4,80,0.188,0.37,3.6,1.6,7.6,1.7,21.6,0.52,0.12,7.7,0,2019-2020,0
3302,Mason Plumlee,F-C,30.45,61,17.3,36.1,18.0,18.5,155,0.535,283,0.625,5,0.0,0.613,7.2,5.2,16.7,2.5,20.9,0.52,0.61,10.5,0,2019-2020,0
3303,Jakob Poeltl,C,24.83,66,17.7,37.0,13.1,14.9,86,0.465,266,0.624,0,0.0,0.612,5.6,5.7,17.2,1.8,13.7,0.56,1.45,8.7,0,2019-2020,0
3304,Vincent Poirier,C-F,26.8,22,5.9,12.3,15.4,17.0,7,0.857,34,0.471,2,0.5,0.525,1.9,2.0,17.7,0.4,8.5,0.09,0.41,7.8,0,2019-2020,0
3305,Shamorie Ponds,G,19.2,4,2.7,5.5,23.7,0.0,2,1.0,3,0.667,2,0.5,0.765,2.3,0.3,5.0,0.5,34.3,0.0,0.25,10.4,0,2019-2020,0
3306,Jordan Poole,G,21.16,57,22.3,46.6,21.0,11.5,119,0.798,237,0.392,265,0.279,0.454,8.8,2.1,5.0,2.4,15.8,0.6,0.18,6.3,0,2019-2020,0
3307,Kevin Porter Jr.,G-F,20.28,50,23.2,48.4,20.6,16.7,101,0.723,263,0.506,158,0.335,0.535,10.0,3.2,7.7,2.2,13.9,0.92,0.28,7.1,0,2019-2020,0
3308,Michael Porter Jr.,F,22.13,55,16.4,34.2,22.3,10.6,72,0.833,236,0.564,147,0.422,0.617,9.3,4.7,16.1,0.8,7.8,0.49,0.45,8.0,0,2019-2020,0
3309,Otto Porter Jr.,F,27.2,14,23.6,49.2,21.0,6.8,27,0.704,78,0.487,62,0.387,0.55,11.9,3.4,8.0,1.8,11.9,1.07,0.43,7.1,0,2019-2020,0
3310,Bobby Portis,F,25.51,66,21.1,44.0,21.4,10.4,93,0.763,402,0.493,187,0.358,0.53,10.1,5.1,12.9,1.5,11.1,0.5,0.27,8.1,0,2019-2020,0
3311,Kristaps Porzingis,F-C,25.04,57,31.8,66.3,27.0,8.0,283,0.799,529,0.484,403,0.352,0.551,20.4,9.5,15.6,1.8,8.8,0.72,2.02,8.9,0,2019-2020,0
3312,Dwight Powell,F-C,29.07,40,26.5,55.2,12.7,11.8,111,0.667,190,0.716,39,0.256,0.677,9.4,5.7,11.3,1.5,7.7,0.88,0.53,6.5,0,2019-2020,0
3313,Norman Powell,G,27.23,52,28.4,59.2,21.4,10.5,153,0.843,323,0.579,273,0.399,0.626,16.0,3.6,6.7,1.8,9.7,1.15,0.4,6.6,0,2019-2020,0
3314,Taurean Prince,F,26.4,64,29.0,60.5,20.4,14.0,89,0.798,308,0.429,431,0.339,0.497,12.1,6.0,10.6,1.8,9.2,0.89,0.39,7.0,0,2019-2020,0
3315,Chasson Randle,G,27.52,3,13.5,28.1,7.0,0.0,6,0.833,2,0.0,2,0.0,0.377,1.7,0.7,2.7,1.7,15.5,0.67,0.0,3.7,0,2019-2020,0
3316,Julius Randle,C-F,25.71,64,32.5,67.7,27.6,14.3,352,0.733,774,0.516,231,0.277,0.538,19.5,9.7,16.0,3.1,15.8,0.8,0.34,10.3,0,2019-2020,0
3317,Josh Reaves,G-F,23.2,4,7.1,14.7,14.9,0.0,2,1.0,7,0.429,2,0.0,0.405,2.0,0.8,5.6,0.8,14.1,0.0,0.0,6.1,0,2019-2020,0
3318,Cam Reddish,F-G,20.95,58,26.7,55.7,18.9,13.5,126,0.802,304,0.428,250,0.332,0.5,10.5,3.7,7.5,1.5,8.0,1.07,0.48,5.8,0,2019-2020,0
3319,JJ Redick,G,36.14,60,26.4,54.9,20.4,9.5,185,0.892,234,0.453,397,0.453,0.644,15.3,2.5,5.1,2.0,10.8,0.33,0.18,6.4,0,2019-2020,0
3320,Naz Reid,C-F,20.97,30,16.5,34.4,24.0,7.6,53,0.698,146,0.466,97,0.33,0.505,9.0,4.1,13.2,1.2,11.2,0.63,0.73,8.6,0,2019-2020,0
3321,Josh Richardson,G,26.92,55,30.8,64.1,20.6,12.8,141,0.809,397,0.486,249,0.341,0.533,13.7,3.2,5.7,2.9,13.9,0.95,0.65,6.5,0,2019-2020,0
3322,Austin Rivers,G,28.04,68,23.4,48.8,15.6,8.3,111,0.703,231,0.498,270,0.356,0.542,8.8,2.6,5.7,1.7,10.0,0.72,0.16,5.8,0,2019-2020,0
3323,Andre Roberson,G-F,28.7,7,12.4,25.9,16.1,6.3,2,0.5,15,0.333,14,0.214,0.335,2.9,3.9,17.1,0.6,6.3,0.14,0.43,6.1,0,2019-2020,0
3324,Glenn Robinson III,F,26.6,62,28.8,60.0,16.3,7.91,86,0.866,394,0.542,197,0.385,0.58,11.7,4.3,8.2,1.6,8.1,0.89,0.26,5.9,0,2019-2020,0
3325,Duncan Robinson,F,26.32,73,29.7,61.8,16.0,8.8,72,0.931,81,0.654,606,0.446,0.684,13.5,3.2,6.0,1.4,7.1,0.48,0.26,5.3,0,2019-2020,0
3326,Jerome Robinson,G,23.48,63,15.5,32.4,15.9,13.8,57,0.64,157,0.408,153,0.306,0.454,5.1,2.0,6.8,1.4,12.2,0.44,0.27,6.1,0,2019-2020,0
3327,Justin Robinson,G,22.84,9,5.4,11.3,12.8,20.0,0,0.0,7,0.286,5,0.6,0.542,1.4,0.6,5.6,0.8,18.9,0.0,0.11,6.5,0,2019-2020,0
3328,Mitchell Robinson,C-F,22.37,61,23.2,48.2,13.3,8.3,148,0.568,341,0.742,0,0.0,0.726,9.7,7.0,16.2,0.6,3.9,0.85,1.95,5.9,0,2019-2020,0
3329,Isaiah Roby,F,22.53,3,3.8,7.9,7.7,50.0,0,0.0,1,0.0,0,0.0,0.0,0.0,0.7,9.7,0.0,0.0,0.0,0.0,0.0,0,2019-2020,0
3330,Rajon Rondo,G,34.48,48,20.5,42.7,18.7,20.9,41,0.659,202,0.475,125,0.328,0.496,7.1,3.0,7.9,5.0,32.8,0.81,0.04,9.2,0,2019-2020,0
3331,Derrick Rose,G,31.86,50,26.0,54.1,31.6,13.4,139,0.871,606,0.535,147,0.306,0.555,18.1,2.4,5.3,5.6,40.5,0.8,0.34,9.6,0,2019-2020,0
3332,Terrence Ross,G-F,29.52,69,27.4,57.0,22.8,7.0,184,0.853,342,0.48,504,0.351,0.548,14.7,3.2,6.3,1.2,6.8,1.12,0.35,5.6,0,2019-2020,0
3333,Terry Rozier,G,26.41,63,34.4,71.6,23.8,12.1,191,0.869,518,0.436,425,0.405,0.552,18.0,4.4,7.0,4.1,20.3,0.95,0.16,8.0,0,2019-2020,0
3334,Ricky Rubio,G,29.82,65,31.0,64.6,20.4,17.9,226,0.863,476,0.439,216,0.361,0.535,13.0,4.7,8.4,8.8,39.7,1.45,0.17,10.5,0,2019-2020,0
3335,D'Angelo Russell,G,24.47,45,32.2,67.2,31.5,13.693,199,0.808,414,0.488,431,0.366,0.557,23.1,3.9,6.5,6.3,35.2,1.05,0.29,10.3,0,2019-2020,0
3336,Domantas Sabonis,F-C,24.28,62,34.8,72.5,23.3,14.9,296,0.723,780,0.565,67,0.254,0.587,18.5,12.4,19.6,5.0,21.7,0.73,0.48,12.0,0,2019-2020,0
3337,Luka Samanic,F,20.6,3,16.1,33.6,17.6,10.1,4,0.75,8,0.25,8,0.375,0.45,5.3,3.3,11.1,2.0,16.2,0.0,0.67,8.1,0,2019-2020,0
3338,JaKarr Sampson,F,27.41,34,13.8,28.8,13.2,10.6,27,0.667,102,0.647,13,0.154,0.615,4.6,2.6,10.2,0.6,6.1,0.47,0.35,5.6,0,2019-2020,0
3339,Dario Saric,F,26.35,66,24.7,51.5,17.8,12.9,128,0.844,303,0.568,235,0.357,0.592,10.7,6.2,13.8,1.9,10.8,0.56,0.24,8.1,0,2019-2020,0
3340,Tomas Satoransky,G,28.79,65,28.9,60.2,16.7,17.7,121,0.876,352,0.491,199,0.322,0.533,9.9,3.9,7.5,5.4,27.1,1.23,0.11,8.2,0,2019-2020,0
3341,Admiral Schofield,G-F,23.38,33,11.2,23.3,11.8,6.7,15,0.667,31,0.516,60,0.317,0.507,3.0,1.4,7.0,0.5,5.3,0.24,0.12,4.6,0,2019-2020,0
3342,Dennis Schroder,G,26.92,65,30.8,64.1,27.2,13.4,236,0.839,640,0.513,325,0.385,0.575,18.9,3.6,6.5,4.0,21.9,0.71,0.22,8.4,0,2019-2020,0
3343,Mike Scott,F,32.08,68,17.8,37.0,14.0,6.6,37,0.811,133,0.519,217,0.369,0.557,6.0,3.7,11.4,0.8,6.4,0.32,0.07,5.9,0,2019-2020,0
3344,Thabo Sefolosha,F-G,36.29,41,10.6,22.1,10.4,13.7,8,0.375,37,0.595,54,0.278,0.487,2.2,2.3,11.2,0.6,7.6,0.59,0.29,5.5,0,2019-2020,0
3345,Collin Sexton,G,21.61,65,33.0,68.7,27.2,11.6,267,0.846,832,0.5,255,0.38,0.56,20.8,3.2,5.3,3.0,15.1,1.02,0.11,7.1,0,2019-2020,0
3346,Landry Shamet,G,23.43,53,27.4,57.1,13.4,9.0,76,0.855,95,0.495,296,0.375,0.58,9.3,1.9,3.6,1.9,9.1,0.38,0.19,4.7,0,2019-2020,0
3347,Marial Shayok,G-F,25.06,4,7.0,14.5,25.9,17.9,4,0.75,6,0.167,6,0.333,0.4,2.8,1.8,13.9,0.3,4.8,0.0,0.25,6.6,0,2019-2020,0
3348,Iman Shumpert,G,30.14,13,18.5,38.6,13.4,13.0,7,0.571,31,0.419,33,0.242,0.403,4.2,2.6,7.3,0.9,6.7,0.92,0.15,4.6,0,2019-2020,0
3349,Pascal Siakam,F,26.37,60,35.2,73.3,28.1,10.7,303,0.792,739,0.499,365,0.359,0.554,22.9,7.3,11.0,3.5,16.4,1.02,0.88,9.5,1,2019-2020,0
3350,Chris Silva,F,23.9,44,7.9,16.4,17.2,24.4,55,0.673,75,0.64,3,0.0,0.651,3.0,2.9,20.3,0.5,9.9,0.18,0.48,8.3,0,2019-2020,0
3351,Ben Simmons,F,24.07,57,35.4,73.7,20.9,20.4,298,0.621,641,0.582,7,0.286,0.601,16.4,7.8,12.2,8.0,33.8,2.11,0.58,11.4,1,2019-2020,0
3352,Anfernee Simons,G,21.19,70,20.7,43.1,18.7,9.6,92,0.826,311,0.447,226,0.332,0.501,8.3,2.2,5.5,1.4,9.2,0.37,0.14,5.7,0,2019-2020,0
3353,Alen Smailagic,F,19.99,14,9.9,20.7,18.3,18.5,19,0.842,27,0.63,13,0.231,0.61,4.2,1.9,10.5,0.9,14.3,0.21,0.29,7.8,0,2019-2020,0
3354,Marcus Smart,G,26.44,60,32.0,66.6,18.9,12.2,152,0.836,287,0.415,395,0.347,0.518,12.9,3.8,6.3,4.9,21.1,1.67,0.48,7.8,0,2019-2020,0
3355,Dennis Smith Jr.,G,22.72,34,15.8,32.9,23.1,19.8,53,0.509,157,0.357,54,0.296,0.399,5.5,2.3,7.7,2.9,26.3,0.82,0.24,8.4,0,2019-2020,0
3356,Ish Smith,G,32.11,68,26.3,54.7,19.1,11.6,86,0.721,520,0.473,169,0.367,0.509,10.9,3.2,6.7,4.9,27.1,0.88,0.44,8.4,0,2019-2020,0
3357,JR Smith,G,34.93,6,13.2,27.4,14.4,14.9,2,1.0,11,0.545,11,0.091,0.372,2.8,0.8,3.5,0.5,4.8,0.17,0.0,3.1,0,2019-2020,0
3358,Zhaire Smith,G,21.2,7,4.6,9.6,19.7,13.6,4,0.5,8,0.375,3,0.0,0.313,1.1,0.3,3.4,0.3,8.2,0.43,0.0,4.0,0,2019-2020,0
3359,Tony Snell,G,28.76,59,27.8,57.9,11.4,7.3,32,1.0,128,0.531,254,0.402,0.598,8.0,1.9,3.8,2.2,10.9,0.54,0.25,4.6,0,2019-2020,0
3360,Omari Spellman,F,23.07,49,18.1,37.7,18.7,13.6,92,0.793,185,0.454,110,0.391,0.551,7.6,4.4,13.3,1.0,8.1,0.67,0.49,7.1,0,2019-2020,0
3361,Max Strus,G-F,24.38,2,3.1,6.5,23.6,0.0,1,1.0,2,1.0,1,0.0,0.727,2.5,0.5,8.9,0.0,0.0,0.0,0.0,0.0,0,2019-2020,0
3362,Edmond Sumner,G,24.62,31,14.4,30.0,17.3,11.9,29,0.552,89,0.528,53,0.264,0.491,4.9,1.5,5.5,1.8,16.7,0.48,0.29,6.6,0,2019-2020,0
3363,Caleb Swanigan,F,23.33,27,10.7,22.2,14.9,42.804,17,0.524,45,0.599,2,0.0,0.581,2.4,3.7,18.1,1.2,13.5,0.11,0.26,8.0,0,2019-2020,0
3364,Jayson Tatum,F-G,22.45,66,34.3,71.5,28.6,10.1,313,0.812,758,0.479,469,0.403,0.567,23.4,7.0,10.9,3.0,14.5,1.42,0.86,9.2,1,2019-2020,0
3365,Jeff Teague,G,32.18,59,24.8,51.7,19.4,16.866,197,0.876,373,0.454,117,0.36,0.549,10.9,2.4,5.2,5.2,30.3,0.75,0.32,8.2,0,2019-2020,0
3366,Garrett Temple,G-F,34.27,62,27.9,58.1,16.6,9.0,87,0.805,201,0.473,386,0.329,0.513,10.3,3.5,6.5,2.5,12.8,0.79,0.47,6.4,0,2019-2020,0
3367,Daniel Theis,F,28.36,65,24.1,50.2,14.4,10.2,114,0.763,330,0.633,96,0.333,0.631,9.2,6.5,14.5,1.7,10.1,0.57,1.29,7.7,0,2019-2020,0
3368,Isaiah Thomas,G,31.52,40,23.1,48.2,24.1,14.2,76,0.816,237,0.405,189,0.413,0.531,12.2,1.7,4.0,3.7,23.5,0.33,0.15,7.4,0,2019-2020,0
3369,Khyri Thomas,G,24.27,8,7.7,15.9,15.5,13.8,4,0.5,3,0.0,14,0.357,0.453,2.1,0.1,0.9,0.4,6.7,0.38,0.0,2.3,0,2019-2020,0
3370,Lance Thomas,F,32.31,7,14.0,29.1,13.2,19.5,4,1.0,10,0.4,13,0.308,0.485,3.4,1.9,6.9,0.9,8.2,0.0,0.0,5.1,0,2019-2020,0
3371,Matt Thomas,G,26.03,41,10.7,22.4,16.6,9.3,12,0.75,51,0.51,99,0.475,0.65,4.9,1.5,7.3,0.5,7.5,0.24,0.02,5.8,0,2019-2020,0
3372,Tristan Thompson,C-F,29.43,57,30.2,62.9,18.3,14.0,161,0.615,538,0.519,23,0.391,0.541,12.0,10.1,18.6,2.1,10.5,0.56,0.88,8.4,0,2019-2020,0
3373,Sindarius Thornwell,G,25.75,2,17.8,37.0,17.0,13.6,4,0.5,7,0.571,4,0.5,0.627,8.0,2.0,6.0,2.0,15.9,0.5,0.5,7.1,0,2019-2020,0
3374,Matisse Thybulle,G-F,23.45,65,19.8,41.3,11.2,15.3,41,0.61,108,0.519,157,0.357,0.539,4.7,1.6,4.6,1.2,8.0,1.43,0.72,4.2,0,2019-2020,0
3375,Anthony Tolliver,F,35.21,55,15.8,33.0,11.2,15.096,29,0.699,37,0.428,145,0.322,0.493,3.7,2.7,9.2,0.8,6.0,0.34,0.2,4.9,0,2019-2020,0
3376,Juan Toscano-Anderson,F,27.35,13,20.9,43.6,12.7,19.7,5,0.6,40,0.525,23,0.348,0.529,5.3,4.0,10.4,2.0,13.8,1.0,0.38,6.7,0,2019-2020,0
3377,Karl-Anthony Towns,C-F,24.75,35,33.9,70.7,28.8,13.2,226,0.796,345,0.586,277,0.412,0.642,26.5,10.8,16.8,4.4,22.8,0.94,1.2,12.7,0,2019-2020,0
3378,Gary Trent Jr.,G-F,21.57,61,21.8,45.5,15.3,4.4,45,0.822,173,0.486,268,0.418,0.587,8.9,1.6,3.9,1.0,6.3,0.79,0.26,4.4,0,2019-2020,0
3379,Allonzo Trier,G,24.58,24,12.1,25.2,21.6,15.5,43,0.791,53,0.604,53,0.358,0.62,6.5,1.3,5.5,1.2,14.8,0.13,0.17,7.2,0,2019-2020,0
3380,P.J. Tucker,F,35.28,72,34.3,71.4,8.7,13.9,48,0.813,127,0.551,299,0.358,0.559,6.9,6.6,10.1,1.6,6.0,1.08,0.53,4.9,0,2019-2020,0
3381,Rayjon Tucker,G,22.89,19,8.5,17.7,16.5,13.1,23,0.826,26,0.654,17,0.176,0.584,3.3,1.1,6.8,0.3,4.4,0.05,0.05,4.8,0,2019-2020,0
3382,Evan Turner,G-F,31.8,19,13.2,27.6,16.4,26.2,14,0.857,62,0.403,5,0.0,0.424,3.3,2.0,8.1,2.0,20.5,0.47,0.42,7.2,0,2019-2020,0
3383,Myles Turner,C-F,24.39,62,29.4,61.4,17.9,11.4,169,0.751,337,0.54,250,0.344,0.566,12.1,6.6,12.3,1.2,5.4,0.74,2.13,6.2,0,2019-2020,0
3384,Jarrod Uthoff,F,27.24,7,7.6,15.9,18.6,0.0,2,0.571,9,0.405,9,0.257,0.437,2.7,0.9,5.1,0.0,0.0,0.14,0.0,0.0,0,2019-2020,0
3385,Jonas Valanciunas,C,28.27,70,26.4,54.9,21.6,13.3,200,0.74,650,0.615,91,0.352,0.63,14.9,11.3,22.6,1.9,10.9,0.44,1.1,10.4,0,2019-2020,0
3386,Denzel Valentine,G,26.75,36,13.6,28.2,23.3,9.8,8,0.75,100,0.51,137,0.336,0.511,6.8,2.1,8.4,1.2,14.2,0.72,0.17,7.6,0,2019-2020,0
3387,Jarred Vanderbilt,F,21.37,11,4.2,8.8,14.8,40.909,2,0.182,7,0.584,1,0.0,0.681,1.1,0.8,10.7,0.2,5.3,0.27,0.09,4.2,0,2019-2020,0
3388,Fred VanVleet,G,26.47,54,35.7,74.4,21.7,12.2,198,0.848,399,0.434,374,0.39,0.553,17.6,3.8,5.6,6.6,27.7,1.8,0.31,8.5,0,2019-2020,0
3389,Gabe Vincent,G,24.17,9,9.2,19.2,20.2,2.6,0,0.0,10,0.2,27,0.222,0.297,2.4,0.6,3.4,0.7,10.1,0.56,0.0,4.4,0,2019-2020,0
3390,Noah Vonleh,F,24.98,36,10.5,21.9,13.8,16.472,32,0.759,77,0.659,15,0.31,0.65,3.7,3.4,17.1,0.8,10.5,0.31,0.17,8.2,0,2019-2020,0
3391,Nikola Vucevic,C,29.81,62,32.2,67.1,25.8,7.4,167,0.784,744,0.531,289,0.339,0.549,19.6,10.8,18.0,3.6,19.5,0.87,0.76,11.3,0,2019-2020,0
3392,Dean Wade,F-C,23.73,12,6.0,12.4,9.8,18.2,1,0.0,9,0.778,4,0.5,0.744,1.7,1.6,14.8,0.2,4.0,0.17,0.33,5.4,0,2019-2020,0
3393,Moritz Wagner,F-C,23.3,45,18.6,38.7,18.6,17.7,95,0.821,186,0.645,80,0.313,0.638,8.7,4.9,14.3,1.2,9.7,0.62,0.42,8.0,0,2019-2020,0
3394,Dion Waiters,G,28.68,10,20.7,43.2,25.8,12.86,17,0.613,52,0.457,47,0.304,0.522,11.1,2.4,7.4,2.0,14.2,0.4,0.6,7.3,0,2019-2020,0
3395,Lonnie Walker IV,G-F,21.67,61,16.2,33.8,18.8,10.5,62,0.726,257,0.432,101,0.406,0.506,6.4,2.3,7.6,1.1,9.6,0.52,0.23,6.2,0,2019-2020,0
3396,Kemba Walker,G,30.27,56,31.1,64.8,27.2,10.5,242,0.864,416,0.476,473,0.381,0.575,20.4,3.9,6.7,4.8,24.2,0.86,0.5,9.3,0,2019-2020,1
3397,Tyrone Wallace,G,26.18,14,11.5,23.9,15.9,16.3,17,0.647,29,0.448,15,0.067,0.389,2.9,1.6,7.4,0.9,10.8,0.5,0.07,5.6,0,2019-2020,0
3398,Derrick Walton Jr.,G,25.37,26,9.5,19.9,8.1,10.935,9,0.688,15,0.472,24,0.418,0.611,2.1,0.7,3.3,1.1,14.0,0.27,0.0,4.7,0,2019-2020,0
3399,Brad Wanamaker,G,31.06,71,19.3,40.2,15.5,15.3,136,0.926,260,0.481,102,0.363,0.577,6.9,2.0,5.6,2.5,17.8,0.85,0.21,6.7,0,2019-2020,0
3400,T.J. Warren,F,26.94,67,32.9,68.5,23.4,7.3,204,0.819,771,0.575,226,0.403,0.61,19.8,4.2,6.9,1.5,7.1,1.16,0.51,6.1,0,2019-2020,0
3401,P.J. Washington,F,21.98,58,30.3,63.2,18.6,12.5,135,0.652,359,0.507,230,0.374,0.548,12.2,5.4,9.8,2.1,11.3,0.9,0.78,6.8,0,2019-2020,0
3402,Yuta Watanabe,G-F,25.84,18,5.8,12.1,15.7,5.1,8,0.375,26,0.462,8,0.375,0.48,2.0,1.1,10.0,0.3,6.4,0.22,0.06,6.0,0,2019-2020,0
3403,Tremont Waters,G,22.59,11,10.8,22.5,24.3,22.2,8,1.0,25,0.4,24,0.167,0.381,3.6,1.1,5.4,1.5,18.4,0.91,0.18,6.7,0,2019-2020,0
3404,Paul Watson,G,25.63,10,8.7,18.2,16.0,9.28,9,0.622,14,0.48,12,0.355,0.54,3.1,1.7,10.4,0.8,12.4,0.4,0.1,6.1,0,2019-2020,0
3405,Quinndary Weatherspoon,G,23.93,11,7.1,14.7,12.7,21.9,2,0.5,12,0.333,5,0.2,0.336,1.1,0.6,4.9,1.0,17.6,0.27,0.09,4.9,0,2019-2020,0
3406,Russell Westbrook,G,31.75,57,36.0,74.9,34.4,15.0,380,0.763,1068,0.514,213,0.258,0.536,27.2,7.9,11.5,7.0,35.6,1.65,0.35,12.7,1,2019-2020,1
3407,Coby White,G,20.49,65,25.8,53.7,24.4,11.4,129,0.791,416,0.43,376,0.354,0.506,13.2,3.6,7.6,2.7,16.6,0.75,0.09,7.8,0,2019-2020,0
3408,Derrick White,G,26.12,68,24.7,51.4,18.9,12.1,211,0.853,336,0.518,216,0.366,0.593,11.3,3.3,7.1,3.5,20.0,0.66,0.85,8.2,0,2019-2020,0
3409,Hassan Whiteside,C,31.17,67,30.0,62.4,19.6,12.9,239,0.686,695,0.622,7,0.571,0.644,15.5,13.5,23.6,1.2,5.9,0.39,2.93,8.4,0,2019-2020,0
3410,Andrew Wiggins,F,25.47,54,34.5,71.7,27.3,10.633,268,0.709,644,0.507,334,0.333,0.537,21.7,5.1,7.8,3.7,18.1,0.83,0.96,8.6,0,2019-2020,0
3411,Robert Williams III,C-F,22.83,29,13.4,27.9,13.5,16.3,34,0.647,88,0.727,0,0.0,0.728,5.2,4.4,17.7,0.9,10.1,0.79,1.21,8.2,0,2019-2020,0
3412,Nigel Williams-Goss,G,25.91,10,5.0,10.4,17.4,15.1,2,1.0,9,0.333,7,0.286,0.415,1.4,0.6,6.6,0.6,16.5,0.3,0.1,6.4,0,2019-2020,0
3413,Grant Williams,F,21.71,69,15.1,31.5,11.6,17.6,54,0.722,115,0.548,96,0.25,0.505,3.4,2.6,9.1,1.0,8.4,0.43,0.52,5.5,0,2019-2020,0
3414,Johnathan Williams,F,25.23,15,12.0,25.0,10.3,11.2,13,0.538,32,0.594,2,0.0,0.566,3.0,4.3,19.4,0.5,5.9,0.07,0.53,6.2,0,2019-2020,0
3415,Kenrich Williams,G-F,25.7,39,21.3,44.4,8.9,12.2,26,0.346,50,0.52,97,0.258,0.429,3.5,4.8,11.9,1.5,8.4,0.69,0.54,5.5,0,2019-2020,0
3416,Lou Williams,G,33.8,65,28.7,59.7,28.4,14.4,339,0.861,621,0.451,315,0.352,0.546,18.2,3.1,5.6,5.6,30.1,0.66,0.18,9.5,0,2019-2020,0
3417,Marvin Williams,F,34.16,58,19.5,40.5,12.4,10.316,57,0.859,111,0.592,156,0.356,0.585,5.9,3.2,8.6,1.0,7.6,0.6,0.53,5.4,0,2019-2020,0
3418,Zion Williamson,F,20.11,24,27.8,58.0,30.5,11.9,178,0.64,346,0.59,14,0.429,0.616,22.5,6.3,11.9,2.1,13.2,0.67,0.38,9.6,0,2019-2020,0
3419,D.J. Wilson,F-C,24.49,37,9.8,20.4,18.1,12.0,18,0.611,59,0.576,73,0.247,0.475,3.6,2.5,12.5,0.7,9.1,0.08,0.14,7.5,0,2019-2020,0
3420,Justise Winslow,G-F,24.39,11,32.0,66.7,20.6,14.6,27,0.667,102,0.431,27,0.222,0.44,11.3,6.6,11.6,4.0,18.7,0.73,0.45,8.4,0,2019-2020,0
3421,Christian Wood,F,24.88,62,21.4,44.5,23.0,12.0,243,0.745,368,0.636,140,0.386,0.659,13.1,6.3,16.7,1.0,7.6,0.55,0.89,8.1,0,2019-2020,0
3422,Delon Wright,G,28.3,73,21.5,44.8,14.4,13.8,100,0.77,284,0.504,128,0.367,0.553,6.9,3.8,9.4,3.3,21.1,1.15,0.3,8.2,0,2019-2020,0
3423,Justin Wright-Foreman,G,22.8,4,11.3,23.5,23.9,12.1,4,0.75,10,0.5,10,0.2,0.437,4.8,1.3,6.1,1.8,22.9,0.5,0.0,7.9,0,2019-2020,0
3424,Thaddeus Young,F,32.15,64,24.9,51.8,19.7,13.9,72,0.583,379,0.501,223,0.354,0.52,10.3,4.9,10.9,1.8,11.3,1.44,0.36,7.2,0,2019-2020,0
3425,Trae Young,G,21.9,60,35.3,73.6,34.9,16.2,559,0.86,681,0.501,568,0.361,0.595,29.6,4.2,6.4,9.3,45.6,1.08,0.13,11.9,0,2019-2020,0
3426,Cody Zeller,C,27.86,58,23.1,48.2,20.8,11.8,179,0.682,405,0.575,75,0.24,0.574,11.1,7.1,16.8,1.5,11.3,0.69,0.43,8.5,0,2019-2020,0
3427,Tyler Zeller,F-C,30.58,2,2.0,4.1,44.3,0.0,0,0.0,4,0.25,0,0.0,0.25,1.0,2.0,55.3,0.0,0.0,0.0,0.0,0.0,0,2019-2020,0
3428,Ante Zizic,C,23.61,22,10.0,20.9,17.5,11.1,19,0.737,72,0.569,0,0.0,0.597,4.4,3.0,16.4,0.3,4.2,0.32,0.23,6.3,0,2019-2020,0
3429,Ivica Zubac,C,23.41,72,18.4,38.4,16.4,11.7,166,0.747,385,0.613,2,0.0,0.648,8.3,7.6,21.3,1.1,9.1,0.22,0.92,8.9,0,2019-2020,0
3430,Precious Achiuwa,F,21.66,61,12.1,25.2,19.5,13.5,110,0.509,227,0.546,1,0.0,0.55,5.0,3.4,16.1,0.5,6.1,0.33,0.46,6.7,0,2020-2021,0
3431,Jaylen Adams,G,25.03,7,2.6,5.4,18.5,0.0,0,0.0,6,0.167,2,0.0,0.125,0.3,0.4,8.7,0.3,12.6,0.0,0.0,5.1,0,2020-2021,0
3432,Steven Adams,C,27.83,58,27.7,57.6,11.7,17.7,135,0.444,305,0.62,3,0.0,0.596,7.6,8.9,17.4,1.9,9.1,0.93,0.66,7.3,0,2020-2021,0
3433,Bam Adebayo,C-F,23.83,64,33.5,69.7,23.7,15.0,354,0.799,792,0.573,8,0.25,0.626,18.7,9.0,15.3,5.4,26.9,1.17,1.03,11.6,0,2020-2021,0
3434,LaMarcus Aldridge,C-F,35.83,26,25.9,54.1,22.2,7.923,47,0.869,216,0.505,80,0.445,0.558,13.5,4.6,9.4,1.9,11.0,0.42,1.12,7.5,0,2020-2021,0
3435,Ty-Shon Alexander,G,22.84,15,3.2,6.6,14.9,18.9,2,0.5,3,0.333,9,0.222,0.349,0.6,0.7,11.9,0.4,15.2,0.0,0.07,6.9,0,2020-2021,0
3436,Nickeil Alexander-Walker,G,22.7,46,21.9,45.6,23.2,12.4,66,0.727,239,0.485,219,0.347,0.522,11.0,3.1,7.8,2.2,14.7,1.02,0.48,7.7,0,2020-2021,0
3437,Grayson Allen,G,25.61,50,25.2,52.5,16.8,9.6,91,0.868,140,0.471,274,0.391,0.586,10.6,3.2,6.7,2.2,11.5,0.92,0.16,6.7,0,2020-2021,0
3438,Jarrett Allen,C,23.07,63,29.6,61.7,16.6,14.281,290,0.702,463,0.633,19,0.256,0.664,12.8,10.0,18.9,1.7,8.7,0.49,1.44,8.2,0,2020-2021,0
3439,Al-Farouq Aminu,F,30.65,23,18.9,39.3,13.1,20.365,22,0.818,62,0.435,37,0.211,0.453,4.5,4.8,13.6,1.3,9.3,0.83,0.39,6.1,0,2020-2021,0
3440,Kyle Anderson,F-G,27.66,69,27.4,57.0,18.5,10.4,184,0.783,397,0.539,261,0.36,0.578,12.4,5.7,11.1,3.6,18.3,1.22,0.83,9.3,0,2020-2021,0
3441,Giannis Antetokounmpo,F,26.44,61,33.0,68.7,32.5,13.2,581,0.685,879,0.636,221,0.303,0.633,28.1,11.0,17.5,5.9,28.7,1.18,1.21,14.8,1,2020-2021,1
3442,Kostas Antetokounmpo,F,23.49,15,3.7,7.8,20.8,41.2,13,0.462,10,0.3,0,0.0,0.382,0.8,1.3,19.1,0.1,2.3,0.13,0.27,5.1,0,2020-2021,0
3443,Thanasis Antetokounmpo,F,28.83,57,9.7,20.1,15.3,21.3,49,0.51,108,0.556,29,0.241,0.523,2.9,2.2,11.8,0.8,10.3,0.39,0.18,7.1,0,2020-2021,0
3444,Carmelo Anthony,F,36.97,69,24.5,51.0,23.1,6.7,156,0.891,452,0.429,325,0.409,0.548,13.4,3.1,6.8,1.5,9.2,0.67,0.55,6.5,0,2020-2021,0
3445,Cole Anthony,G,21.0,47,27.1,56.4,24.3,14.8,131,0.832,380,0.424,172,0.337,0.496,12.9,4.7,9.0,4.1,24.2,0.64,0.38,9.3,0,2020-2021,0
3446,OG Anunoby,F,23.83,43,33.3,69.4,19.2,11.8,102,0.784,257,0.564,261,0.398,0.606,15.9,5.5,9.1,2.2,10.1,1.53,0.72,6.9,0,2020-2021,0
3447,Ryan Arcidiacono,G,27.14,44,10.2,21.3,13.1,7.4,20,0.65,50,0.48,67,0.373,0.541,3.1,1.5,8.2,1.3,16.3,0.2,0.0,7.1,0,2020-2021,0
3448,Trevor Ariza,F,35.88,30,28.0,58.4,15.1,7.5,44,0.773,98,0.5,143,0.35,0.542,9.4,4.8,9.8,1.8,9.4,1.0,0.6,6.2,0,2020-2021,0
3449,D.J. Augustin,G,33.52,57,19.8,41.3,16.7,14.386,94,0.902,126,0.394,217,0.382,0.564,7.7,1.7,4.4,3.3,22.0,0.49,0.02,7.0,0,2020-2021,0
3450,Deni Avdija,F,20.37,54,23.3,48.5,12.0,9.0,45,0.644,144,0.535,168,0.315,0.515,6.3,4.8,11.0,1.2,6.3,0.59,0.28,5.7,0,2020-2021,0
3451,Deandre Ayton,C,22.82,69,30.6,63.8,18.2,11.8,173,0.769,667,0.639,20,0.2,0.653,14.4,10.5,19.5,1.4,6.8,0.59,1.17,7.8,0,2020-2021,0
3452,Udoka Azubuike,C-F,21.66,15,3.8,7.9,12.4,18.3,10,0.8,9,0.444,0,0.0,0.597,1.1,0.9,12.1,0.0,0.0,0.07,0.27,0.0,0,2020-2021,0
3453,Dwayne Bacon,G-F,25.71,72,25.7,53.6,19.8,5.3,176,0.824,519,0.449,207,0.285,0.49,10.9,3.1,6.3,1.3,7.9,0.61,0.07,5.5,0,2020-2021,0
3454,Marvin Bagley III,F,22.18,43,25.9,53.9,23.5,9.7,134,0.575,382,0.55,108,0.343,0.554,14.1,7.4,15.9,1.0,5.8,0.49,0.49,7.3,0,2020-2021,0
3455,LaMelo Ball,G,19.74,51,28.8,60.0,26.1,16.3,165,0.758,411,0.489,261,0.352,0.539,15.7,5.9,11.1,6.1,33.9,1.59,0.35,11.5,0,2020-2021,0
3456,Lonzo Ball,G,23.55,55,31.8,66.2,20.5,14.5,64,0.781,245,0.482,455,0.378,0.551,14.6,4.8,8.2,5.7,25.4,1.49,0.56,9.3,0,2020-2021,0
3457,Mo Bamba,C,23.01,46,15.8,32.8,21.9,10.1,66,0.682,183,0.568,118,0.322,0.556,8.0,5.8,19.0,0.8,8.1,0.3,1.26,8.4,0,2020-2021,0
3458,Desmond Bane,G,22.89,68,22.3,46.5,16.1,10.2,49,0.816,228,0.513,271,0.432,0.6,9.2,3.1,7.3,1.7,10.6,0.62,0.24,6.5,0,2020-2021,0
3459,Harrison Barnes,F,28.96,58,36.3,75.5,17.2,11.1,235,0.83,386,0.567,256,0.391,0.626,16.1,6.6,10.2,3.5,13.0,0.74,0.19,7.9,0,2020-2021,0
3460,RJ Barrett,F-G,20.92,72,34.9,72.7,23.4,10.5,276,0.746,750,0.457,309,0.401,0.535,17.6,5.8,8.9,3.0,13.8,0.74,0.28,7.7,0,2020-2021,0
3461,Will Barton,G,30.36,56,31.0,64.6,19.0,12.7,121,0.785,351,0.459,257,0.381,0.538,12.7,4.0,7.4,3.2,14.1,0.89,0.41,7.0,0,2020-2021,0
3462,Keita Bates-Diop,F,25.31,30,8.2,17.0,14.8,8.4,21,0.667,50,0.5,17,0.294,0.518,2.6,1.6,10.7,0.4,6.6,0.37,0.17,5.8,0,2020-2021,0
3463,Nicolas Batum,G-F,32.42,67,27.4,57.1,11.8,10.8,58,0.828,141,0.574,271,0.406,0.617,8.1,4.7,9.7,2.2,10.5,1.03,0.55,6.4,0,2020-2021,0
3464,Aron Baynes,C-F,34.44,53,18.5,38.5,16.2,12.5,41,0.707,200,0.535,103,0.262,0.505,6.1,5.2,15.3,0.9,7.0,0.3,0.43,6.6,0,2020-2021,0
3465,Kent Bazemore,G-F,31.88,67,19.9,41.5,16.3,16.1,78,0.692,208,0.486,184,0.408,0.564,7.2,3.4,9.1,1.6,11.1,1.03,0.49,6.8,0,2020-2021,0
3466,Darius Bazley,F-G,20.93,55,31.2,64.9,22.0,13.7,178,0.702,404,0.47,286,0.29,0.491,13.7,7.2,12.0,1.8,8.9,0.53,0.45,7.2,0,2020-2021,0
3467,Bradley Beal,G,27.89,60,35.8,74.5,34.1,10.6,459,0.889,1009,0.535,373,0.349,0.593,31.3,4.7,7.0,4.4,21.3,1.15,0.37,9.7,1,2020-2021,0
3468,Malik Beasley,G,24.47,37,32.8,68.4,24.0,8.6,80,0.85,279,0.487,321,0.399,0.57,19.6,4.4,7.2,2.4,11.6,0.81,0.19,7.2,0,2020-2021,0
3469,Jordan Bell,F,26.36,6,13.6,28.4,13.7,15.133,2,0.083,20,0.324,2,0.0,0.321,2.5,4.0,15.5,1.2,10.5,0.5,0.83,6.5,0,2020-2021,0
3470,DeAndre' Bembry,G-F,26.87,51,19.1,39.7,14.6,21.6,66,0.682,175,0.589,53,0.264,0.57,5.7,2.9,8.3,2.1,15.5,1.04,0.35,6.8,0,2020-2021,0
3471,Davis Bertans,F,28.51,57,25.7,53.5,15.9,5.9,115,0.87,50,0.48,428,0.395,0.62,11.5,3.0,6.1,0.9,4.4,0.58,0.23,4.9,0,2020-2021,0
3472,Patrick Beverley,G,32.84,37,22.5,46.9,14.6,12.4,45,0.8,79,0.468,141,0.397,0.58,7.5,3.2,8.0,2.1,12.0,0.76,0.76,6.6,0,2020-2021,0
3473,Saddiq Bey,F,22.1,70,27.3,56.8,18.7,7.3,147,0.844,232,0.448,460,0.38,0.566,12.2,4.6,9.3,1.4,7.6,0.74,0.2,6.3,0,2020-2021,0
3474,Tyler Bey,F,23.26,18,3.9,8.2,16.9,11.0,5,0.6,18,0.333,4,0.25,0.372,1.0,1.0,14.0,0.2,5.6,0.0,0.06,6.0,0,2020-2021,0
3475,Khem Birch,C,28.63,67,22.8,47.5,13.2,8.897,129,0.711,328,0.517,52,0.218,0.539,7.2,5.8,13.3,1.3,8.4,0.73,0.74,6.6,0,2020-2021,0
3476,Goga Bitadze,C-F,21.83,45,12.5,26.0,18.0,7.1,61,0.738,115,0.548,79,0.253,0.523,5.1,3.3,14.5,0.8,8.9,0.2,1.33,7.6,0,2020-2021,0
3477,Bismack Biyombo,C,28.72,66,20.4,42.6,11.5,19.8,105,0.448,241,0.589,1,0.0,0.574,5.0,5.3,13.9,1.2,8.3,0.26,1.12,6.2,0,2020-2021,0
3478,Nemanja Bjelica,F,33.02,37,16.1,33.5,18.3,12.754,51,0.701,111,0.553,85,0.316,0.554,6.5,3.4,11.8,1.9,16.3,0.41,0.14,8.6,0,2020-2021,0
3479,Eric Bledsoe,G,31.44,71,29.7,62.0,18.5,12.1,195,0.687,376,0.495,355,0.341,0.532,12.2,3.4,6.3,3.8,17.3,0.77,0.34,7.3,0,2020-2021,0
3480,Keljin Blevins,G,25.48,17,4.4,9.2,14.4,20.0,0,0.0,12,0.25,8,0.25,0.3,0.7,0.6,7.1,0.2,6.7,0.12,0.0,4.0,0,2020-2021,0
3481,Bojan Bogdanovic,F,32.08,72,30.8,64.1,22.8,10.9,265,0.879,464,0.487,461,0.39,0.588,17.0,3.9,6.7,1.9,9.1,0.63,0.06,6.5,0,2020-2021,0
3482,Bogdan Bogdanovic,G,28.74,44,29.7,61.8,21.3,8.5,44,0.909,232,0.522,333,0.438,0.616,16.4,3.6,6.7,3.3,17.6,1.11,0.3,7.8,0,2020-2021,0
3483,Bol Bol,C-F,21.5,32,5.0,10.4,21.2,16.8,15,0.667,34,0.471,24,0.375,0.534,2.2,0.8,8.5,0.2,6.0,0.09,0.31,5.6,0,2020-2021,0
3484,Marques Bolden,C,23.08,6,4.8,9.9,13.0,23.5,8,0.625,3,0.333,0,0.0,0.537,1.2,1.0,11.7,0.0,0.0,0.33,0.33,0.0,0,2020-2021,0
3485,Jordan Bone,G,23.53,14,14.0,29.2,12.6,5.3,0,0.0,22,0.591,32,0.313,0.519,4.0,1.7,6.4,1.3,13.6,0.14,0.0,5.9,0,2020-2021,0
3486,Isaac Bonga,G,21.52,40,10.8,22.5,10.2,20.7,8,0.625,34,0.5,47,0.277,0.461,2.0,1.7,8.1,0.6,6.5,0.28,0.23,4.7,0,2020-2021,0
3487,Devin Booker,G,24.54,67,33.9,70.6,32.7,12.4,392,0.867,916,0.543,371,0.34,0.587,25.6,4.2,7.0,4.3,20.6,0.79,0.24,9.1,0,2020-2021,0
3488,Chris Boucher,F-C,28.35,60,24.2,50.4,20.6,6.7,193,0.788,325,0.609,235,0.383,0.634,13.6,6.7,15.3,1.1,7.0,0.58,1.85,7.7,0,2020-2021,0
3489,Brian Bowen II,F-G,22.62,5,2.8,5.9,13.4,0.0,1,1.0,3,0.333,1,0.0,0.338,0.6,0.6,11.5,0.0,0.0,0.0,0.0,0.0,0,2020-2021,0
3490,Avery Bradley,G,30.47,27,22.3,46.4,14.9,13.667,15,0.813,70,0.438,101,0.326,0.482,6.4,2.1,5.2,1.7,10.8,0.78,0.15,5.0,0,2020-2021,0
3491,Tony Bradley,C-F,23.35,42,16.3,33.9,15.5,11.714,55,0.672,194,0.677,3,0.0,0.679,7.2,5.7,18.7,0.9,8.5,0.36,0.71,8.1,0,2020-2021,0
3492,Jarrell Brantley,F,24.94,28,4.9,10.3,19.0,13.1,2,1.0,24,0.542,28,0.429,0.605,2.3,1.0,10.4,0.5,16.1,0.25,0.07,8.6,0,2020-2021,0
3493,Ignas Brazdeikis,F,22.35,13,19.1,39.9,17.6,17.754,14,0.718,55,0.284,28,0.25,0.489,7.0,3.4,11.4,1.3,11.8,0.31,0.23,6.9,0,2020-2021,0
3494,Miles Bridges,F,23.16,66,29.3,61.0,17.3,13.6,113,0.867,332,0.593,290,0.4,0.625,12.7,6.0,11.1,2.2,11.4,0.67,0.79,7.5,0,2020-2021,0
3495,Mikal Bridges,F,24.71,72,32.6,67.9,14.9,7.4,131,0.84,353,0.649,315,0.425,0.668,13.5,4.3,7.4,2.1,8.8,1.06,0.88,6.1,0,2020-2021,0
3496,Amida Brimah,C,27.26,5,5.9,12.2,19.4,30.0,3,1.0,8,0.625,0,0.0,0.697,2.6,1.6,14.8,0.2,4.7,0.0,1.0,6.4,0,2020-2021,0
3497,Oshae Brissett,F-G,22.91,21,24.7,51.5,15.6,5.3,65,0.769,73,0.548,78,0.423,0.638,10.9,5.5,12.0,0.9,4.6,0.9,0.95,6.1,0,2020-2021,0
3498,Malcolm Brogdon,G,28.43,56,34.5,71.8,25.9,9.8,177,0.864,606,0.493,374,0.388,0.561,21.2,5.3,8.3,5.9,25.7,0.88,0.27,10.1,0,2020-2021,0
3499,Armoni Brooks,G,22.95,20,26.0,54.2,17.9,10.0,12,0.583,35,0.514,157,0.382,0.565,11.2,3.4,7.0,1.5,8.6,0.6,0.25,5.9,0,2020-2021,0
3500,Dillon Brooks,G-F,25.32,67,29.8,62.1,26.1,9.6,195,0.815,659,0.461,372,0.344,0.515,17.2,2.9,5.2,2.3,11.7,1.16,0.39,6.5,0,2020-2021,0
3501,Charlie Brown Jr.,G,23.29,9,16.9,35.1,14.9,11.2,10,0.9,22,0.364,21,0.238,0.422,4.4,1.9,5.8,1.0,8.2,0.44,0.22,4.8,0,2020-2021,0
3502,Troy Brown Jr.,G-F,21.8,34,15.4,32.1,14.3,11.891,21,0.73,74,0.532,70,0.315,0.526,4.8,3.1,10.9,0.9,7.4,0.29,0.17,6.1,0,2020-2021,0
3503,Bruce Brown,G-F,24.75,65,22.3,46.5,15.9,10.2,117,0.735,364,0.599,59,0.288,0.604,8.8,5.4,13.3,1.6,9.8,0.86,0.43,7.6,0,2020-2021,0
3504,Jaylen Brown,G-F,24.56,58,34.5,71.8,29.7,11.5,250,0.764,701,0.535,410,0.398,0.586,24.7,6.0,9.7,3.4,16.5,1.24,0.55,9.2,0,2020-2021,0
3505,Moses Brown,C,21.59,43,21.4,44.6,17.0,11.7,126,0.619,269,0.543,0,0.0,0.57,8.6,8.9,21.7,0.2,1.7,0.72,1.12,4.6,0,2020-2021,0
3506,Sterling Brown,G-F,26.26,51,24.1,50.2,13.5,10.5,31,0.806,119,0.496,215,0.423,0.598,8.2,4.4,9.7,1.4,8.4,0.75,0.24,6.1,0,2020-2021,0
3507,Jalen Brunson,G,24.71,68,25.0,52.0,20.2,10.3,151,0.795,427,0.578,200,0.405,0.618,12.6,3.4,7.5,3.5,21.3,0.51,0.01,8.5,0,2020-2021,0
3508,Elijah Bryant,G,20.0,1,31.6,65.8,24.3,21.8,3,1.0,8,0.625,5,0.2,0.559,16.0,6.0,10.0,3.0,12.8,0.0,1.0,8.4,0,2020-2021,0
3509,Thomas Bryant,C-F,23.8,10,27.1,56.4,17.2,9.8,24,0.667,70,0.714,21,0.429,0.704,14.3,6.1,11.9,1.5,8.2,0.4,0.8,7.5,0,2020-2021,0
3510,Reggie Bullock,G-F,30.17,65,30.0,62.5,14.4,7.1,55,0.909,163,0.521,398,0.41,0.606,10.9,3.4,6.2,1.5,7.4,0.8,0.17,5.1,0,2020-2021,0
3511,Trey Burke,G,28.51,62,14.7,30.6,19.9,8.0,57,0.895,189,0.492,164,0.354,0.544,6.6,0.9,3.3,1.3,12.9,0.6,0.1,5.4,0,2020-2021,0
3512,Alec Burks,G,29.83,49,25.6,53.3,21.4,8.2,118,0.856,254,0.425,246,0.415,0.564,12.7,4.6,9.8,2.2,13.2,0.63,0.29,7.9,0,2020-2021,0
3513,Jimmy Butler,F,31.67,52,33.6,69.9,26.6,10.6,416,0.863,634,0.538,102,0.245,0.607,21.5,6.9,11.8,7.1,35.1,2.08,0.35,12.1,1,2020-2021,1
3514,Bruno Caboclo,F,25.65,6,6.1,12.6,25.6,18.3,2,0.5,12,0.667,5,0.0,0.475,2.8,2.3,20.5,0.2,4.6,0.0,0.33,7.1,0,2020-2021,0
3515,Devontae Cacok,F,24.6,20,4.9,10.2,16.9,10.6,11,0.455,29,0.586,0,0.0,0.576,2.0,1.6,17.8,0.1,1.5,0.25,0.2,5.6,0,2020-2021,0
3516,Kentavious Caldwell-Pope,G,28.24,67,28.4,59.1,14.2,10.9,112,0.866,211,0.464,293,0.41,0.59,9.7,2.7,5.3,1.9,9.2,0.93,0.39,5.2,0,2020-2021,0
3517,Facundo Campazzo,G,30.15,65,21.9,45.7,13.1,17.1,91,0.879,99,0.444,216,0.352,0.558,6.1,2.1,5.3,3.6,20.2,1.22,0.22,6.5,0,2020-2021,0
3518,Vlatko Cancar,F,24.1,41,6.9,14.3,14.4,15.1,13,0.769,40,0.6,33,0.273,0.54,2.1,1.2,10.3,0.3,6.4,0.27,0.05,5.3,0,2020-2021,0
3519,Devin Cannady,G,24.99,8,9.3,19.3,19.2,6.0,7,0.857,12,0.417,16,0.375,0.547,4.3,0.6,3.5,0.1,2.1,0.63,0.13,2.7,0,2020-2021,0
3520,Clint Capela,C,27.0,63,30.1,62.8,19.9,8.4,227,0.573,696,0.595,0,0.0,0.602,15.2,14.3,26.0,0.8,4.1,0.7,2.05,7.4,0,2020-2021,0
3521,Vernon Carey Jr.,F-C,20.22,19,6.0,12.6,17.2,10.9,11,0.818,29,0.586,7,0.143,0.563,2.4,1.4,12.8,0.1,2.6,0.05,0.26,4.6,0,2020-2021,0
3522,Wendell Carter Jr.,C-F,22.09,54,25.4,53.0,19.3,12.778,179,0.732,406,0.529,51,0.314,0.566,11.2,8.2,17.3,2.0,11.2,0.65,0.78,8.9,0,2020-2021,0
3523,Jevon Carter,G,25.67,60,11.9,24.9,15.0,6.6,7,0.571,72,0.528,151,0.371,0.548,4.1,1.5,7.3,1.2,13.0,0.48,0.15,6.5,0,2020-2021,0
3524,Michael Carter-Williams,G,29.6,31,25.8,53.7,20.2,18.4,80,0.613,209,0.431,61,0.246,0.449,8.8,4.5,9.0,4.1,24.1,0.81,0.55,8.5,0,2020-2021,0
3525,Alex Caruso,G,27.21,58,21.0,43.7,14.8,18.3,76,0.645,168,0.464,137,0.401,0.547,6.4,2.9,7.8,2.8,18.1,1.1,0.26,7.1,0,2020-2021,0
3526,Willie Cauley-Stein,C,27.75,53,17.1,35.6,12.0,11.8,78,0.628,171,0.667,11,0.091,0.647,5.3,4.5,14.4,0.7,5.3,0.4,0.81,6.0,0,2020-2021,0
3527,Chris Chiozza,G,25.49,22,10.6,22.0,20.9,14.4,17,0.765,46,0.391,42,0.31,0.461,4.0,1.1,5.7,3.0,36.9,0.32,0.27,8.9,0,2020-2021,0
3528,Marquese Chriss,F,23.87,2,13.4,27.8,28.4,11.3,4,0.5,9,0.444,5,0.2,0.412,6.5,6.5,25.9,1.0,11.2,0.0,1.0,10.4,0,2020-2021,0
3529,Brandon Clarke,F-G,24.66,59,24.0,50.0,17.3,5.7,113,0.69,418,0.565,77,0.26,0.56,10.3,5.6,12.3,1.6,9.5,1.03,0.86,7.5,0,2020-2021,0
3530,Gary Clark,F,26.5,39,16.7,34.9,9.4,10.052,10,0.718,24,0.351,108,0.257,0.394,3.0,3.0,9.4,0.9,6.3,0.33,0.18,4.2,0,2020-2021,0
3531,Jordan Clarkson,G,28.94,68,26.7,55.7,29.8,9.2,144,0.896,476,0.523,599,0.347,0.549,18.4,4.0,8.0,2.5,15.3,0.9,0.15,8.5,0,2020-2021,0
3532,Nicolas Claxton,F-C,22.08,32,18.6,38.7,14.0,9.4,64,0.484,140,0.636,5,0.2,0.612,6.6,5.2,15.4,0.9,6.4,0.72,1.25,6.7,0,2020-2021,0
3533,Amir Coffey,G-F,23.92,44,9.0,18.7,15.1,11.1,38,0.711,47,0.468,56,0.411,0.585,3.2,1.0,6.3,0.5,7.4,0.23,0.0,5.2,0,2020-2021,0
3534,John Collins,F-C,23.65,63,29.3,61.1,22.2,8.9,204,0.833,563,0.615,208,0.399,0.645,17.6,7.4,13.8,1.2,6.9,0.54,1.0,7.4,0,2020-2021,0
3535,Mike Conley,G,33.6,51,29.4,61.2,23.1,12.4,142,0.852,305,0.479,335,0.412,0.589,16.2,3.5,6.2,6.0,30.6,1.37,0.18,9.5,0,2020-2021,0
3536,Pat Connaughton,G,28.36,69,22.8,47.5,11.6,7.5,40,0.775,115,0.583,272,0.371,0.578,6.8,4.8,11.1,1.2,6.3,0.68,0.33,6.0,0,2020-2021,0
3537,Quinn Cook,G,28.15,23,6.9,14.3,21.7,9.265,8,0.861,42,0.49,26,0.408,0.558,3.3,0.7,5.3,0.8,15.4,0.17,0.04,6.5,0,2020-2021,0
3538,Tyler Cook,F,23.65,32,13.7,28.5,13.7,16.6,35,0.425,101,0.64,2,0.438,0.625,4.9,3.0,11.7,0.5,6.7,0.25,0.06,5.5,0,2020-2021,0
3539,DeMarcus Cousins,C,30.76,41,17.4,36.2,24.9,16.19,81,0.721,170,0.481,135,0.369,0.545,8.9,6.4,19.9,1.9,15.8,0.83,0.59,10.7,0,2020-2021,0
3540,Robert Covington,F,30.42,70,32.0,66.8,11.5,10.7,62,0.806,153,0.451,356,0.379,0.553,8.5,6.7,11.1,1.7,6.8,1.44,1.2,5.7,0,2020-2021,0
3541,Torrey Craig,F,30.41,50,16.1,33.5,13.8,9.536,22,0.692,121,0.546,106,0.367,0.559,5.5,3.9,13.3,1.0,8.2,0.56,0.52,6.7,0,2020-2021,0
3542,Jae Crowder,F,30.86,60,27.5,57.2,15.7,9.5,75,0.76,112,0.455,380,0.389,0.574,10.1,4.7,9.7,2.1,10.0,0.82,0.43,6.7,0,2020-2021,0
3543,Jarrett Culver,G-F,22.24,34,14.7,30.6,18.2,12.9,48,0.604,115,0.487,53,0.245,0.476,5.3,3.1,11.3,0.7,6.8,0.5,0.26,6.1,0,2020-2021,0
3544,Seth Curry,G,30.73,57,28.7,59.9,17.1,10.0,77,0.896,272,0.485,280,0.45,0.607,12.5,2.4,4.6,2.7,13.6,0.77,0.14,6.0,0,2020-2021,0
3545,Stephen Curry,G,33.17,63,34.2,71.1,34.8,12.2,395,0.916,564,0.569,801,0.421,0.655,32.0,5.5,8.6,5.8,30.5,1.21,0.13,11.8,1,2020-2021,0
3546,Nate Darling,G,22.71,7,3.7,7.8,15.4,10.7,3,1.0,0,0.0,7,0.286,0.541,1.3,0.1,2.1,0.1,5.1,0.0,0.14,2.5,0,2020-2021,0
3547,Anthony Davis,F-C,28.18,36,32.3,67.2,29.2,9.5,214,0.738,513,0.536,100,0.26,0.556,21.8,7.9,13.8,3.1,16.4,1.25,1.64,10.0,0,2020-2021,1
3548,Ed Davis,C-F,31.95,23,13.0,27.1,7.9,12.4,12,0.833,44,0.432,0,0.0,0.487,2.1,5.0,20.8,0.9,9.0,0.57,0.57,6.5,0,2020-2021,0
3549,Terence Davis,G,24.0,61,17.6,36.7,21.8,11.611,55,0.843,189,0.509,267,0.366,0.552,8.8,2.5,7.8,1.4,11.4,0.74,0.23,7.0,0,2020-2021,0
3550,Gabriel Deck,F,26.27,10,21.2,44.1,16.6,7.3,22,0.818,52,0.577,15,0.133,0.548,8.4,4.0,9.8,2.4,17.3,0.8,0.0,8.2,0,2020-2021,0
3551,Dewayne Dedmon,C,31.76,16,13.2,27.4,19.3,14.5,27,0.741,60,0.75,5,0.2,0.735,7.1,5.4,23.4,0.8,9.6,0.56,0.38,9.5,0,2020-2021,0
3552,Matthew Dellavedova,G,30.69,13,17.2,35.9,12.4,9.4,4,1.0,31,0.323,25,0.16,0.312,2.8,1.8,6.0,4.5,35.2,0.31,0.08,6.6,0,2020-2021,0
3553,DeMar DeRozan,G-F,31.78,61,33.7,70.2,26.1,9.7,440,0.88,846,0.515,74,0.257,0.591,21.6,4.2,6.7,6.9,32.0,0.92,0.25,10.2,0,2020-2021,0
3554,Mamadi Diakite,F,24.32,14,10.1,21.0,14.6,6.1,14,0.786,32,0.469,8,0.125,0.477,3.1,2.4,12.7,0.6,6.9,0.5,0.43,6.5,0,2020-2021,0
3555,Hamidou Diallo,G,22.8,52,23.6,49.1,22.2,11.946,200,0.642,388,0.504,82,0.33,0.541,11.6,5.3,11.9,1.9,13.3,0.79,0.46,8.2,0,2020-2021,0
3556,Gorgui Dieng,C,31.33,38,14.5,30.3,17.4,14.126,67,0.863,93,0.599,70,0.411,0.668,6.8,3.7,13.3,1.3,12.4,0.68,0.43,8.7,0,2020-2021,0
3557,Spencer Dinwiddie,G,28.11,3,21.4,44.7,16.0,21.2,6,1.0,9,0.444,7,0.286,0.536,6.7,4.3,11.2,3.0,17.5,0.67,0.33,8.3,0,2020-2021,0
3558,Donte DiVincenzo,G,24.29,66,27.5,57.3,16.7,12.7,71,0.718,257,0.475,346,0.379,0.542,10.4,5.8,11.0,3.1,14.2,1.09,0.23,8.3,0,2020-2021,0
3559,Luka Doncic,F-G,22.21,66,34.3,71.4,36.0,15.3,471,0.73,803,0.567,548,0.35,0.587,27.7,8.0,12.8,8.6,44.1,0.97,0.55,14.5,1,2020-2021,1
3560,Luguentz Dort,G,22.08,52,29.7,61.8,21.7,10.0,164,0.744,310,0.432,329,0.343,0.513,14.0,3.6,6.4,1.7,8.8,0.87,0.37,5.9,0,2020-2021,0
3561,Damyean Dotson,G,27.03,46,19.7,41.1,16.9,12.0,36,0.667,134,0.545,159,0.289,0.499,6.7,2.0,5.7,2.0,15.1,0.35,0.09,6.1,0,2020-2021,0
3562,Devon Dotson,G,21.79,11,4.6,9.5,18.1,0.0,0,0.0,14,0.714,7,0.143,0.548,2.1,0.5,5.5,0.6,21.3,0.36,0.0,7.5,0,2020-2021,0
3563,Sekou Doumbouya,F,20.4,56,15.5,32.3,17.8,12.4,64,0.703,167,0.485,115,0.226,0.459,5.1,2.6,9.2,0.8,8.0,0.43,0.16,5.7,0,2020-2021,0
3564,PJ Dozier,G-F,24.56,50,21.8,45.4,17.2,10.9,66,0.636,205,0.493,149,0.315,0.503,7.7,3.6,9.5,1.8,11.2,0.62,0.44,6.8,0,2020-2021,0
3565,Goran Dragic,G,35.03,50,26.7,55.7,24.5,16.4,122,0.828,310,0.481,244,0.373,0.553,13.4,3.3,7.2,4.4,25.9,0.66,0.14,8.7,0,2020-2021,0
3566,Andre Drummond,C,27.77,46,27.0,56.3,27.3,15.783,205,0.601,564,0.505,8,0.0,0.525,14.9,12.0,24.7,2.1,12.9,1.37,1.06,10.5,0,2020-2021,0
3567,Jared Dudley,F,35.85,12,6.7,14.0,5.9,18.2,0,0.0,3,0.0,6,0.333,0.333,0.5,1.8,14.6,0.4,7.6,0.08,0.08,4.2,0,2020-2021,0
3568,Kris Dunn,G,27.16,4,11.4,23.6,16.1,17.9,4,0.75,10,0.1,2,0.0,0.182,1.3,1.5,7.2,0.5,5.4,0.5,0.5,3.5,0,2020-2021,0
3569,Kevin Durant,F,32.63,35,33.1,68.9,31.2,14.5,238,0.882,414,0.577,189,0.45,0.666,26.9,7.1,11.8,5.6,27.5,0.71,1.29,12.4,0,2020-2021,0
3570,Anthony Edwards,G,19.78,72,32.1,67.0,27.0,10.8,272,0.776,690,0.484,520,0.329,0.523,19.3,4.7,7.9,2.9,14.6,1.14,0.49,8.0,0,2020-2021,0
3571,Carsen Edwards,G,23.18,31,8.9,18.5,19.3,5.7,13,0.846,48,0.604,63,0.286,0.527,4.0,0.8,5.3,0.5,7.4,0.23,0.03,5.3,0,2020-2021,0
3572,CJ Elleby,F-G,20.92,30,6.4,13.4,17.4,6.4,15,0.733,32,0.563,34,0.206,0.468,2.3,1.1,8.9,0.3,7.1,0.2,0.1,5.7,0,2020-2021,0
3573,Henry Ellenson,F-C,24.34,2,19.2,40.0,17.7,0.0,4,0.75,5,0.6,9,0.222,0.476,7.5,6.0,17.2,2.5,18.7,0.0,0.5,10.1,0,2020-2021,0
3574,Wayne Ellington,G,33.46,46,22.0,45.8,16.7,8.5,35,0.8,63,0.524,275,0.422,0.625,9.6,1.8,4.7,1.5,10.2,0.39,0.2,5.4,0,2020-2021,0
3575,Joel Embiid,C-F,27.17,51,31.1,64.8,35.3,12.2,548,0.859,745,0.541,154,0.377,0.636,28.5,10.5,18.7,2.8,16.2,0.98,1.35,12.1,1,2020-2021,0
3576,James Ennis III,F,30.88,41,24.1,50.1,13.9,11.6,87,0.805,139,0.504,104,0.433,0.613,8.4,4.0,8.7,1.5,9.3,0.78,0.17,6.1,0,2020-2021,0
3577,Drew Eubanks,F-C,24.29,54,14.0,29.1,17.1,15.2,106,0.726,203,0.562,2,1.0,0.618,5.8,4.5,17.0,0.8,7.8,0.33,0.91,7.9,0,2020-2021,0
3578,Dante Exum,G,25.84,6,19.4,40.3,12.7,20.7,2,0.5,15,0.533,11,0.182,0.428,3.8,2.8,8.2,2.2,15.7,0.67,0.33,5.9,0,2020-2021,0
3579,Tacko Fall,C,25.43,18,7.5,15.7,13.2,14.4,15,0.333,29,0.724,0,0.0,0.66,2.6,2.9,21.4,0.2,3.1,0.06,1.11,6.1,0,2020-2021,0
3580,Derrick Favors,F,29.84,68,15.3,31.8,13.0,11.5,80,0.738,241,0.643,2,0.0,0.663,5.4,5.5,19.2,0.6,6.0,0.47,1.0,6.8,0,2020-2021,0
3581,Cristiano Felicio,F-C,28.86,18,4.6,9.7,12.5,16.6,16,0.563,11,0.636,2,0.0,0.574,1.3,1.4,17.2,0.5,13.6,0.22,0.0,8.4,0,2020-2021,0
3582,Terrance Ferguson,G,23.0,13,3.8,7.9,9.6,36.4,0,0.0,2,0.5,5,0.0,0.143,0.2,0.1,1.1,0.2,4.9,0.08,0.0,1.7,0,2020-2021,0
3583,Bruno Fernando,F-C,22.75,33,6.8,14.3,14.4,28.1,22,0.682,42,0.429,2,0.0,0.475,1.5,2.4,18.9,0.3,5.8,0.12,0.09,6.0,0,2020-2021,0
3584,Yogi Ferrell,G,28.02,10,13.7,28.5,19.7,2.42,9,0.8,29,0.366,28,0.319,0.465,5.6,1.9,7.5,2.2,23.0,0.7,0.3,8.2,0,2020-2021,0
3585,Dorian Finney-Smith,F,28.04,60,32.0,66.7,12.3,9.0,41,0.756,164,0.616,302,0.394,0.609,9.8,5.4,9.4,1.7,7.2,0.87,0.4,5.6,0,2020-2021,0
3586,Malik Fitts,F,20.0,3,3.6,7.5,12.3,0.0,0,0.0,1,0.0,2,0.5,0.5,1.0,1.0,15.6,0.0,0.0,0.0,0.0,0.0,0,2020-2021,0
3587,Malachi Flynn,G,23.02,47,19.7,41.1,19.0,10.5,56,0.804,173,0.422,168,0.321,0.483,7.5,2.5,6.9,2.9,21.4,0.83,0.15,7.7,0,2020-2021,0
3588,Bryn Forbes,G,27.82,70,19.3,40.3,18.5,7.3,61,0.77,188,0.511,341,0.452,0.631,10.0,1.6,4.3,0.6,4.5,0.33,0.01,4.4,0,2020-2021,0
3589,Trent Forrest,G,22.93,30,10.1,21.0,14.3,20.9,19,1.0,45,0.6,26,0.192,0.554,2.9,1.5,7.7,1.5,19.9,0.3,0.13,7.4,0,2020-2021,0
3590,Evan Fournier,G-F,28.55,42,30.0,62.4,23.1,10.652,137,0.765,258,0.495,283,0.417,0.596,17.1,3.1,5.4,3.5,18.6,1.12,0.46,7.5,0,2020-2021,0
3591,De'Aaron Fox,G,23.41,58,35.1,73.1,31.0,11.9,417,0.719,790,0.539,320,0.322,0.565,25.2,3.5,5.5,7.2,32.7,1.5,0.47,9.8,0,2020-2021,0
3592,Robert Franks,F,20.0,7,14.4,30.0,15.3,5.6,13,0.923,13,0.615,15,0.333,0.638,6.1,2.0,7.2,0.7,7.5,0.43,0.43,5.7,0,2020-2021,0
3593,Tim Frazier,G,30.54,5,12.4,25.8,18.2,15.0,6,0.333,12,0.25,8,0.0,0.177,1.6,1.6,6.8,3.2,30.8,0.4,0.2,6.5,0,2020-2021,0
3594,Markelle Fultz,G,22.97,8,26.9,56.0,26.2,13.8,19,0.895,88,0.42,16,0.25,0.458,12.9,3.1,6.0,5.4,33.1,1.0,0.25,8.9,0,2020-2021,0
3595,Wenyen Gabriel,F,24.14,21,11.5,23.9,14.4,18.2,17,0.647,28,0.393,32,0.406,0.533,3.4,2.6,12.2,0.5,5.9,0.43,0.38,5.7,0,2020-2021,0
3596,Daniel Gafford,F-C,22.63,54,14.7,30.6,16.3,14.276,108,0.665,225,0.686,0,0.0,0.698,7.0,4.3,15.6,0.5,5.4,0.48,1.39,6.6,0,2020-2021,0
3597,Danilo Gallinari,F,32.77,51,24.0,49.9,21.2,7.2,174,0.925,221,0.466,254,0.406,0.613,13.3,4.2,9.5,1.5,9.2,0.59,0.2,7.3,0,2020-2021,0
3598,Langston Galloway,G,29.44,40,10.9,22.8,17.3,7.6,23,0.957,62,0.484,85,0.424,0.605,4.8,1.1,5.4,0.7,8.0,0.2,0.0,5.7,0,2020-2021,0
3599,Darius Garland,G,21.3,54,33.1,69.1,24.9,16.0,132,0.848,536,0.479,266,0.395,0.547,17.4,2.4,4.0,6.1,30.9,1.22,0.11,7.7,0,2020-2021,0
3600,Marc Gasol,C,36.3,52,19.1,39.8,11.8,19.7,50,0.72,72,0.528,122,0.41,0.606,5.0,4.1,12.1,2.1,14.6,0.5,1.12,7.3,0,2020-2021,0
3601,Rudy Gay,F-G,34.75,63,21.5,44.9,23.6,8.8,102,0.804,350,0.451,278,0.381,0.532,11.4,4.8,11.9,1.4,9.7,0.73,0.63,7.9,0,2020-2021,0
3602,Paul George,F,31.04,54,33.7,70.3,30.0,14.5,228,0.868,537,0.51,416,0.411,0.598,23.3,6.6,11.1,5.2,24.6,1.15,0.44,11.0,1,2020-2021,0
3603,Taj Gibson,F,35.9,45,20.8,43.3,9.7,10.8,55,0.727,143,0.671,15,0.2,0.661,5.4,5.6,14.5,0.8,5.4,0.69,1.09,5.6,0,2020-2021,0
3604,Harry Giles III,F-C,23.07,38,9.2,19.1,15.9,15.5,27,0.593,74,0.459,23,0.348,0.496,2.8,3.5,20.4,0.8,11.3,0.21,0.34,8.6,0,2020-2021,0
3605,Shai Gilgeous-Alexander,G-F,22.85,35,33.7,70.2,27.8,13.7,229,0.808,395,0.547,170,0.418,0.623,23.7,4.7,7.3,5.9,31.2,0.77,0.66,10.3,0,2020-2021,0
3606,Anthony Gill,F,28.58,26,8.4,17.5,14.2,10.7,16,0.813,36,0.639,24,0.292,0.597,3.1,2.0,12.4,0.4,6.7,0.38,0.15,6.4,0,2020-2021,0
3607,Freddie Gillespie,F,20.0,20,19.6,40.8,12.2,10.9,33,0.697,84,0.524,0,0.0,0.563,5.6,4.9,13.6,0.5,3.2,0.65,1.05,4.9,0,2020-2021,0
3608,Rudy Gobert,C,28.89,71,30.8,64.2,17.0,13.7,374,0.623,575,0.68,4,0.0,0.683,14.3,13.5,23.3,1.3,6.0,0.56,2.68,8.2,1,2020-2021,1
3609,Brandon Goodwin,G,25.62,47,13.2,27.5,19.5,13.0,43,0.651,120,0.433,103,0.311,0.471,4.9,1.5,6.1,2.0,21.7,0.36,0.0,7.4,0,2020-2021,0
3610,Aaron Gordon,F,25.67,50,27.6,57.6,20.5,13.95,149,0.667,323,0.54,176,0.32,0.55,12.4,5.7,11.0,3.2,17.4,0.66,0.68,8.7,0,2020-2021,0
3611,Eric Gordon,G,32.39,27,29.2,60.9,25.2,10.9,114,0.825,157,0.573,210,0.329,0.577,17.8,2.1,3.9,2.6,14.6,0.52,0.48,6.3,0,2020-2021,0
3612,Devonte' Graham,G,26.23,55,30.2,62.8,21.4,10.2,158,0.842,192,0.38,477,0.375,0.552,14.8,2.7,4.8,5.4,26.3,0.87,0.11,7.9,0,2020-2021,0
3613,Jerami Grant,F,27.18,54,33.9,70.6,28.5,9.1,343,0.845,603,0.473,329,0.35,0.556,22.3,4.6,7.6,2.8,14.3,0.65,1.07,7.8,0,2020-2021,0
3614,Danny Green,G,33.9,69,28.0,58.4,14.0,10.5,40,0.775,113,0.434,432,0.405,0.581,9.5,3.8,7.4,1.7,8.3,1.33,0.81,5.6,0,2020-2021,0
3615,Draymond Green,F,31.2,63,31.5,65.5,13.1,31.0,88,0.795,254,0.535,126,0.27,0.53,7.0,7.1,12.1,8.9,36.5,1.7,0.83,9.7,0,2020-2021,0
3616,JaMychal Green,F-C,30.9,58,19.3,40.2,17.6,11.7,57,0.807,176,0.534,198,0.399,0.59,8.1,4.8,14.0,0.9,6.4,0.45,0.38,6.8,0,2020-2021,0
3617,Javonte Green,G-F,27.82,41,11.5,24.1,12.8,13.829,40,0.797,72,0.585,30,0.34,0.606,3.6,1.7,8.3,0.4,5.0,0.68,0.15,4.8,0,2020-2021,0
3618,Jeff Green,F,34.72,68,27.0,56.2,15.6,8.2,161,0.776,280,0.564,250,0.412,0.624,11.0,3.9,7.9,1.6,7.8,0.53,0.4,6.1,0,2020-2021,0
3619,Josh Green,G,20.5,39,11.4,23.8,11.9,14.2,23,0.565,68,0.559,25,0.16,0.49,2.6,2.0,9.7,0.7,8.3,0.41,0.08,5.4,0,2020-2021,0
3620,Blake Griffin,F,32.17,46,25.8,53.7,19.2,11.909,117,0.751,206,0.511,205,0.353,0.558,11.0,4.9,10.7,3.1,16.8,0.69,0.33,8.6,0,2020-2021,0
3621,Kyle Guy,G,23.77,31,7.6,15.8,19.7,10.2,20,0.8,42,0.381,46,0.283,0.449,2.8,1.1,8.3,1.0,17.8,0.19,0.0,7.7,0,2020-2021,0
3622,Rui Hachimura,F,23.27,57,31.5,65.7,18.1,8.6,161,0.77,511,0.519,137,0.328,0.549,13.8,5.5,9.2,1.4,6.3,0.79,0.12,6.0,0,2020-2021,0
3623,Ashton Hagans,G-F,21.86,2,2.1,4.3,10.2,100.0,0,0.0,0,0.0,0,0.0,0.0,0.0,0.0,0.0,0.0,0.0,0.0,0.0,0.0,0,2020-2021,0
3624,Tyrese Haliburton,G,21.21,58,30.1,62.7,18.1,12.5,56,0.857,323,0.529,296,0.409,0.585,13.0,3.0,5.5,5.3,24.6,1.33,0.48,7.9,0,2020-2021,0
3625,Donta Hall,C,23.78,13,13.8,28.7,14.0,13.8,34,0.676,35,0.714,0,0.0,0.731,5.6,4.8,17.9,0.8,9.4,0.38,0.77,8.1,0,2020-2021,0
3626,Josh Hall,F,20.6,21,16.0,33.3,18.1,17.4,44,0.5,62,0.419,37,0.108,0.363,4.1,2.8,9.1,1.3,11.6,0.19,0.05,6.2,0,2020-2021,0
3627,R.J. Hampton,G,20.27,51,17.4,36.3,18.0,13.635,82,0.703,226,0.48,87,0.299,0.501,7.0,3.5,11.2,1.7,12.8,0.41,0.22,7.5,0,2020-2021,0
3628,Tim Hardaway Jr.,G-F,29.17,70,28.4,59.1,23.4,6.1,174,0.816,382,0.524,529,0.391,0.589,16.6,3.3,6.4,1.8,9.8,0.44,0.16,6.5,0,2020-2021,0
3629,James Harden,G,31.72,44,36.5,76.2,28.5,16.827,323,0.861,400,0.553,334,0.363,0.618,24.6,8.0,11.9,10.8,44.4,1.21,0.75,14.0,0,2020-2021,1
3630,Maurice Harkless,F-G,28.02,37,20.8,43.5,10.7,12.67,43,0.566,81,0.409,84,0.309,0.53,5.3,2.5,6.4,1.2,7.2,0.81,0.56,4.5,0,2020-2021,0
3631,Jared Harper,G,23.67,8,2.0,4.2,24.1,34.2,4,0.75,3,0.0,1,0.0,0.26,0.4,0.3,6.7,0.1,7.6,0.0,0.0,4.6,0,2020-2021,0
3632,Montrezl Harrell,F-C,27.3,69,22.9,47.7,21.7,9.4,256,0.707,593,0.632,10,0.0,0.65,13.5,6.2,15.2,1.1,7.7,0.67,0.71,7.9,0,2020-2021,0
3633,Gary Harris,G,26.67,39,27.7,57.7,17.0,8.779,78,0.806,204,0.459,141,0.343,0.514,10.0,2.0,3.9,2.0,10.7,0.72,0.26,5.0,0,2020-2021,0
3634,Jalen Harris,G,22.76,13,13.2,27.6,22.6,15.6,9,0.778,36,0.528,36,0.472,0.632,7.4,1.4,5.8,1.3,16.0,0.62,0.0,7.2,0,2020-2021,0
3635,Joe Harris,G-F,29.69,69,31.0,64.7,16.2,7.8,63,0.778,263,0.555,444,0.475,0.663,14.1,3.6,6.4,1.9,8.4,0.68,0.2,5.9,0,2020-2021,0
3636,Shaquille Harrison,G,27.61,34,9.8,20.3,16.3,13.25,22,0.823,62,0.36,16,0.107,0.403,2.1,1.4,8.3,0.7,14.4,0.5,0.14,6.1,0,2020-2021,0
3637,Tobias Harris,F,28.84,62,32.5,67.7,23.9,9.5,204,0.892,716,0.546,208,0.394,0.597,19.5,6.8,11.4,3.5,17.6,0.89,0.82,9.5,0,2020-2021,0
3638,Isaiah Hartenstein,C-F,23.03,46,12.2,25.3,19.0,17.93,71,0.637,165,0.543,6,0.116,0.57,5.2,3.9,18.0,1.2,12.8,0.42,0.85,8.8,0,2020-2021,0
3639,Josh Hart,G,26.2,47,28.7,59.8,13.5,11.8,89,0.775,150,0.587,193,0.326,0.568,9.2,8.0,15.2,2.3,10.5,0.81,0.26,7.7,0,2020-2021,0
3640,Udonis Haslem,F,40.94,1,2.7,5.6,33.4,0.0,0,0.0,2,1.0,0,0.0,1.0,4.0,1.0,21.2,0.0,0.0,0.0,0.0,0.0,0,2020-2021,0
3641,Jaxson Hayes,C-F,20.98,60,16.1,33.5,16.2,10.5,120,0.775,266,0.635,14,0.429,0.675,7.5,4.3,14.5,0.6,5.2,0.42,0.63,6.7,0,2020-2021,0
3642,Killian Hayes,G,19.81,26,25.8,53.7,19.0,28.5,17,0.824,129,0.395,72,0.278,0.422,6.8,2.7,5.7,5.3,29.7,1.04,0.38,7.1,0,2020-2021,0
3643,Gordon Hayward,F,31.15,44,34.0,70.8,23.9,11.0,185,0.843,453,0.499,205,0.415,0.584,19.6,5.9,9.3,4.1,19.5,1.18,0.32,9.2,0,2020-2021,0
3644,Juancho Hernangomez,F,25.63,52,17.3,36.1,17.2,7.3,97,0.619,131,0.573,168,0.327,0.549,7.2,3.9,12.3,0.7,5.6,0.37,0.13,6.2,0,2020-2021,0
3645,Willy Hernangomez,C-F,26.97,47,18.0,37.5,17.0,9.9,93,0.667,258,0.581,10,0.1,0.591,7.8,7.1,21.4,1.1,8.4,0.47,0.49,8.7,0,2020-2021,0
3646,Tyler Herro,G,21.32,54,30.3,63.1,23.5,11.9,117,0.803,402,0.498,297,0.36,0.543,15.1,4.9,9.3,3.4,18.0,0.65,0.31,8.3,0,2020-2021,0
3647,Buddy Hield,G,28.41,71,34.3,71.4,20.7,11.1,104,0.846,271,0.446,721,0.391,0.567,16.6,4.7,7.6,3.6,14.7,0.89,0.42,7.6,0,2020-2021,0
3648,George Hill,G,35.04,30,22.4,46.7,15.8,13.413,50,0.797,117,0.536,80,0.389,0.585,8.7,2.0,5.0,2.5,15.6,0.77,0.17,6.2,0,2020-2021,0
3649,Solomon Hill,F,30.16,71,21.3,44.4,10.3,11.7,46,0.761,85,0.447,212,0.321,0.496,4.4,3.0,7.7,1.1,6.4,0.7,0.15,4.6,0,2020-2021,0
3650,Nate Hinton,G-F,21.94,21,4.4,9.3,24.3,9.7,10,0.7,23,0.478,19,0.211,0.442,2.0,0.4,5.3,0.4,12.3,0.29,0.1,6.2,0,2020-2021,0
3651,Jaylen Hoard,F,22.13,19,16.8,35.0,16.3,13.8,41,0.683,77,0.571,11,0.0,0.547,6.1,3.4,10.6,1.3,11.2,0.68,0.26,7.1,0,2020-2021,0
3652,Aaron Holiday,G,24.63,66,17.8,37.1,19.5,12.3,83,0.819,254,0.406,182,0.368,0.503,7.2,1.3,4.1,1.9,14.1,0.7,0.2,5.9,0,2020-2021,0
3653,Jrue Holiday,G,30.93,59,32.3,67.3,22.2,12.6,136,0.787,540,0.561,283,0.392,0.592,17.7,4.5,7.4,6.1,26.3,1.64,0.63,9.7,0,2020-2021,0
3654,Justin Holiday,F-G,32.12,72,30.3,63.2,14.0,7.5,85,0.788,172,0.494,453,0.382,0.571,10.5,3.6,6.4,1.7,7.1,1.03,0.57,5.3,0,2020-2021,0
3655,Rondae Hollis-Jefferson,F,26.37,11,9.8,20.3,10.8,7.4,16,0.563,17,0.529,1,0.0,0.539,2.5,2.4,12.9,1.2,15.6,0.18,0.36,7.9,0,2020-2021,0
3656,Richaun Holmes,F,27.59,61,29.2,60.8,17.5,10.3,170,0.794,564,0.645,11,0.182,0.669,14.2,8.3,15.7,1.7,8.3,0.64,1.56,8.0,0,2020-2021,0
3657,Rodney Hood,G-F,28.57,55,17.1,35.7,14.1,11.215,28,0.808,147,0.407,113,0.302,0.456,4.5,1.9,6.1,1.0,7.0,0.44,0.13,4.5,0,2020-2021,0
3658,Al Horford,C-F,34.95,28,27.9,58.2,21.6,7.3,22,0.818,208,0.51,152,0.368,0.538,14.2,6.7,12.5,3.4,20.1,0.89,0.93,9.8,0,2020-2021,0
3659,Talen Horton-Tucker,G,20.47,65,20.1,41.8,21.7,16.3,129,0.775,357,0.524,131,0.282,0.537,9.0,2.6,7.3,2.8,20.8,0.97,0.32,8.0,0,2020-2021,0
3660,Danuel House Jr.,F-G,27.94,36,25.9,54.0,15.3,10.7,63,0.651,116,0.483,156,0.346,0.525,8.8,3.7,7.5,1.9,10.6,0.58,0.44,6.1,0,2020-2021,0
3661,Dwight Howard,C-F,35.44,69,17.3,36.1,18.3,22.1,210,0.576,283,0.611,20,0.25,0.61,7.0,8.4,26.7,0.9,7.2,0.43,0.9,8.7,0,2020-2021,0
3662,Markus Howard,G,22.21,37,5.5,11.5,27.2,14.1,9,0.778,41,0.537,65,0.277,0.477,2.8,0.6,5.8,0.5,12.6,0.11,0.03,6.9,0,2020-2021,0
3663,Kevin Huerter,G-F,22.72,69,30.8,64.2,17.2,9.4,64,0.781,345,0.51,386,0.363,0.541,11.9,3.3,5.9,3.5,16.3,1.19,0.26,6.7,0,2020-2021,0
3664,Elijah Hughes,G,23.19,18,3.5,7.4,25.6,15.9,4,0.75,7,0.286,23,0.348,0.488,1.7,0.5,7.5,0.3,13.5,0.06,0.06,7.2,0,2020-2021,0
3665,De'Andre Hunter,F-G,23.46,23,29.5,61.4,20.2,9.2,85,0.859,153,0.582,95,0.326,0.603,15.0,4.8,8.9,1.9,9.7,0.83,0.52,7.0,0,2020-2021,0
3666,Chandler Hutchison,F-G,25.06,25,13.9,28.8,16.2,15.644,25,0.875,81,0.369,22,0.358,0.452,4.3,3.1,12.7,0.7,6.5,0.48,0.2,6.0,0,2020-2021,0
3667,Serge Ibaka,F,31.66,41,23.3,48.5,20.1,10.2,53,0.811,250,0.588,115,0.339,0.585,11.1,6.7,16.2,1.8,11.5,0.22,1.15,8.8,0,2020-2021,0
3668,Andre Iguodala,G-F,37.3,63,21.3,44.3,11.2,20.2,38,0.658,66,0.53,182,0.33,0.519,4.4,3.5,9.4,2.3,14.3,0.92,0.52,6.2,0,2020-2021,0
3669,Ersan Ilyasova,F,34.01,17,8.7,18.1,18.8,12.5,5,1.0,13,0.231,41,0.439,0.578,3.8,1.7,10.4,0.2,3.8,0.59,0.18,5.0,0,2020-2021,0
3670,Joe Ingles,F-G,33.62,67,27.9,58.0,16.6,16.3,90,0.844,156,0.59,406,0.451,0.672,12.1,3.6,6.9,4.7,24.0,0.67,0.18,8.4,0,2020-2021,0
3671,Brandon Ingram,F,23.7,61,34.3,71.5,28.0,11.0,320,0.878,726,0.51,375,0.381,0.584,23.8,4.9,7.8,4.9,22.4,0.69,0.59,9.7,0,2020-2021,0
3672,Kyrie Irving,G,29.15,54,34.9,72.8,30.3,9.8,218,0.922,708,0.561,378,0.402,0.614,26.9,4.8,7.5,6.0,28.6,1.41,0.69,10.5,1,2020-2021,0
3673,Wes Iwundu,F,26.41,41,13.2,27.4,10.7,13.351,31,0.843,61,0.477,41,0.122,0.427,2.4,2.2,9.1,0.4,4.2,0.36,0.1,3.9,0,2020-2021,0
3674,Jaren Jackson Jr.,F-C,21.67,11,23.5,48.9,25.9,9.5,42,0.833,65,0.554,60,0.283,0.551,14.4,5.6,12.7,1.1,6.8,1.09,1.64,7.6,0,2020-2021,0
3675,Frank Jackson,G,23.04,40,18.5,38.4,21.4,9.7,75,0.813,143,0.51,150,0.407,0.598,9.8,2.2,6.5,0.9,7.9,0.38,0.03,5.8,0,2020-2021,0
3676,Josh Jackson,G-F,24.26,62,25.2,52.4,26.5,15.0,218,0.729,451,0.486,257,0.3,0.515,13.4,4.1,9.1,2.3,15.1,0.85,0.76,8.0,0,2020-2021,0
3677,Justin Jackson,F,26.14,34,17.0,35.4,20.0,11.918,37,0.846,104,0.51,117,0.307,0.517,7.3,2.3,6.9,1.5,14.2,0.44,0.06,6.9,0,2020-2021,0
3678,Reggie Jackson,G,31.09,67,23.0,48.0,20.0,10.6,82,0.817,303,0.465,282,0.433,0.576,10.7,2.9,7.0,3.1,19.0,0.63,0.1,8.0,0,2020-2021,0
3679,Justin James,G-F,24.31,36,8.6,18.0,19.7,10.6,36,0.583,73,0.521,38,0.368,0.548,3.9,0.8,5.4,0.6,9.9,0.22,0.08,5.7,0,2020-2021,0
3680,LeBron James,F,36.38,45,33.4,69.6,31.9,15.2,255,0.698,537,0.592,285,0.365,0.603,25.0,7.7,12.9,7.8,41.8,1.07,0.56,13.7,1,2020-2021,1
3681,Mike James,G,30.75,13,18.2,37.8,22.9,16.1,27,0.778,61,0.377,31,0.355,0.481,7.7,2.5,7.5,4.2,30.6,0.46,0.08,9.5,0,2020-2021,0
3682,DaQuan Jeffries,G-F,23.71,31,15.9,33.1,12.1,10.458,8,0.917,53,0.562,67,0.305,0.516,4.1,2.3,7.6,0.7,5.5,0.49,0.32,4.4,0,2020-2021,0
3683,Ty Jerome,G-F,23.86,33,23.9,49.7,18.8,13.5,34,0.765,119,0.479,168,0.423,0.585,10.7,2.8,6.1,3.6,23.7,0.61,0.18,8.0,0,2020-2021,0
3684,Isaiah Joe,G,21.87,41,9.3,19.5,17.4,7.1,24,0.75,27,0.333,106,0.368,0.533,3.7,0.9,5.2,0.5,7.2,0.29,0.1,5.1,0,2020-2021,0
3685,Alize Johnson,F,25.07,18,10.5,21.8,19.1,10.9,13,1.0,62,0.629,6,0.167,0.638,5.2,5.0,26.3,0.8,10.9,0.28,0.28,10.5,0,2020-2021,0
3686,Cameron Johnson,F,25.2,60,24.0,49.9,17.0,7.3,59,0.847,148,0.581,335,0.349,0.563,9.6,3.3,7.9,1.4,8.0,0.62,0.27,5.9,0,2020-2021,0
3687,James Johnson,F,34.24,51,20.5,42.6,17.0,13.522,76,0.59,207,0.571,120,0.257,0.514,7.2,3.5,9.3,1.9,13.1,0.83,0.82,7.1,0,2020-2021,0
3688,Keldon Johnson,F-G,21.6,69,28.5,59.4,19.2,9.0,196,0.74,524,0.531,181,0.331,0.557,12.8,6.0,11.1,1.8,8.9,0.58,0.35,7.3,0,2020-2021,0
3689,Stanley Johnson,F-G,24.97,61,16.5,34.3,13.4,17.4,55,0.8,96,0.458,137,0.328,0.519,4.4,2.5,8.4,1.5,12.0,0.85,0.31,6.2,0,2020-2021,0
3690,Tyler Johnson,G,29.03,39,17.5,36.5,13.4,8.1,21,0.857,51,0.471,132,0.364,0.546,5.4,2.0,6.2,1.2,8.7,0.36,0.0,5.4,0,2020-2021,0
3691,Nikola Jokic,C,26.24,72,34.6,72.0,29.6,13.1,394,0.868,1056,0.606,237,0.388,0.647,26.4,10.8,17.8,8.3,40.4,1.32,0.67,15.4,1,2020-2021,1
3692,Derrick Jones Jr.,F,24.25,58,22.7,47.3,12.3,8.5,91,0.648,168,0.619,136,0.316,0.576,6.8,3.5,8.3,0.8,4.8,0.64,0.93,4.7,0,2020-2021,0
3693,Damian Jones,C,25.88,39,14.0,29.1,12.3,18.29,58,0.695,98,0.681,5,0.109,0.689,4.7,3.1,12.0,0.7,6.2,0.28,0.75,5.6,0,2020-2021,0
3694,Mason Jones,G,22.82,32,10.4,21.8,22.6,15.075,64,0.633,57,0.497,66,0.385,0.568,5.2,1.8,8.7,1.3,18.6,0.22,0.03,8.8,0,2020-2021,0
3695,Tre Jones,G,21.35,37,7.3,15.1,16.1,13.1,19,0.895,73,0.466,5,0.6,0.544,2.5,0.6,4.2,1.1,20.0,0.22,0.0,6.5,0,2020-2021,0
3696,Tyus Jones,G,25.02,70,17.5,36.4,16.6,10.0,45,0.911,273,0.487,140,0.321,0.511,6.3,2.0,6.1,3.7,28.6,0.9,0.09,8.2,0,2020-2021,0
3697,DeAndre Jordan,C,32.82,57,21.9,45.5,13.2,22.6,92,0.5,249,0.763,1,0.0,0.733,7.5,7.5,18.9,1.6,10.1,0.3,1.14,8.2,0,2020-2021,0
3698,Cory Joseph,G,29.74,63,23.0,47.8,16.0,14.271,88,0.8,294,0.522,132,0.341,0.55,8.2,2.6,6.1,3.4,20.6,0.97,0.28,7.1,0,2020-2021,0
3699,Mfiondu Kabengele,F-C,23.76,39,7.2,14.9,18.3,13.856,20,0.814,39,0.457,50,0.246,0.451,2.5,1.5,10.6,0.4,8.0,0.21,0.34,6.0,0,2020-2021,0
3700,Frank Kaminsky,F-C,28.12,47,15.2,31.7,19.0,7.2,60,0.617,172,0.523,85,0.365,0.547,6.6,4.0,14.9,1.7,15.3,0.3,0.36,9.4,0,2020-2021,0
3701,Enes Kanter,C,28.99,72,24.4,50.8,17.4,11.0,164,0.774,557,0.607,4,0.25,0.636,11.2,11.0,24.2,1.2,7.2,0.46,0.67,8.7,0,2020-2021,0
3702,Luke Kennard,G,24.89,63,19.6,40.8,17.1,10.1,31,0.839,190,0.511,224,0.446,0.608,8.3,2.6,7.3,1.7,11.9,0.35,0.14,6.8,0,2020-2021,0
3703,Louis King,F,22.11,6,14.2,29.6,20.5,9.8,6,1.0,23,0.565,11,0.364,0.6,7.3,3.0,11.7,1.5,15.4,1.17,0.5,9.0,0,2020-2021,0
3704,Maxi Kleber,F,29.3,50,26.8,55.9,10.6,9.3,37,0.919,63,0.46,212,0.41,0.606,7.1,5.2,10.7,1.4,6.6,0.48,0.7,5.6,0,2020-2021,0
3705,Nathan Knight,F-C,23.66,33,8.4,17.6,21.6,10.9,55,0.8,66,0.47,33,0.182,0.503,3.8,2.2,14.1,0.2,4.0,0.27,0.3,5.7,0,2020-2021,0
3706,Kevin Knox II,F,21.77,42,11.1,23.0,16.2,10.1,20,0.8,54,0.389,89,0.393,0.537,3.9,1.5,7.1,0.5,5.9,0.29,0.14,5.2,0,2020-2021,0
3707,John Konchar,G,25.15,43,13.4,27.9,12.4,10.6,30,0.833,82,0.585,56,0.375,0.608,4.3,3.0,11.8,1.1,10.7,0.7,0.21,7.2,0,2020-2021,0
3708,Furkan Korkmaz,G-F,23.81,55,19.3,40.2,20.5,9.1,82,0.732,155,0.445,269,0.375,0.544,9.1,2.1,5.9,1.5,11.1,0.89,0.16,6.3,0,2020-2021,0
3709,Luke Kornet,F-C,25.84,31,11.2,23.4,13.7,5.723,6,0.5,42,0.712,59,0.255,0.5,3.4,2.2,10.6,0.8,8.6,0.13,1.03,6.0,0,2020-2021,0
3710,Rodions Kurucs,F,23.28,21,5.9,12.3,14.9,22.647,4,0.5,11,0.381,21,0.368,0.475,1.5,1.1,9.9,0.5,11.0,0.43,0.19,6.3,0,2020-2021,0
3711,Kyle Kuzma,F,25.81,68,28.7,59.9,20.3,12.4,97,0.691,377,0.525,380,0.361,0.546,12.9,6.1,12.0,1.9,9.8,0.5,0.6,7.4,0,2020-2021,0
3712,Anthony Lamb,F,23.32,24,17.3,36.0,15.0,13.0,21,0.857,47,0.489,71,0.324,0.523,5.5,2.9,9.0,1.0,7.8,0.25,0.21,5.8,0,2020-2021,0
3713,Jeremy Lamb,G-F,28.96,36,21.3,44.3,18.4,6.6,75,0.947,148,0.459,128,0.406,0.587,10.1,3.6,9.3,1.5,9.4,0.94,0.64,7.1,0,2020-2021,0
3714,Romeo Langford,G-F,21.56,18,15.7,32.7,11.3,13.5,12,0.75,41,0.39,18,0.278,0.436,3.1,1.9,6.9,0.7,5.9,0.33,0.22,4.1,0,2020-2021,0
3715,Zach LaVine,G-F,26.19,58,35.1,73.0,31.1,13.9,298,0.849,646,0.571,477,0.419,0.634,27.4,5.0,7.9,4.9,23.4,0.79,0.47,10.0,0,2020-2021,0
3716,Jake Layman,F,27.2,45,13.9,29.0,15.1,11.5,37,0.703,106,0.642,78,0.295,0.577,5.1,1.5,5.8,0.6,6.4,0.64,0.42,4.8,0,2020-2021,0
3717,T.J. Leaf,F,24.05,7,5.1,10.5,15.7,15.5,2,1.0,10,0.5,0,0.0,0.551,1.7,0.7,7.5,0.1,3.9,0.29,0.14,3.9,0,2020-2021,0
3718,Jalen Lecque,G,20.92,4,3.0,6.3,36.3,0.0,3,1.0,8,0.125,1,0.0,0.242,1.3,1.3,22.4,0.5,20.4,0.0,0.0,12.6,0,2020-2021,0
3719,Damion Lee,G-F,28.57,57,18.9,39.4,12.8,9.3,44,0.909,80,0.638,194,0.397,0.636,6.5,3.2,8.9,1.3,9.1,0.67,0.14,6.4,0,2020-2021,0
3720,Saben Lee,G,21.9,48,16.3,33.9,17.0,18.1,89,0.685,187,0.487,23,0.348,0.536,5.6,2.0,6.9,3.6,33.2,0.67,0.27,8.4,0,2020-2021,0
3721,Alex Len,C,27.92,64,15.3,31.9,16.2,15.733,116,0.621,253,0.631,25,0.289,0.642,6.6,4.1,13.9,0.8,7.0,0.31,1.0,7.0,0,2020-2021,0
3722,Kawhi Leonard,F,29.88,52,34.1,71.0,28.6,9.2,295,0.885,654,0.557,254,0.398,0.622,24.8,6.5,10.7,5.2,24.9,1.56,0.4,11.1,1,2020-2021,1
3723,Meyers Leonard,F-C,29.22,3,9.8,20.4,15.2,20.2,2,0.5,0,0.0,7,0.429,0.635,3.3,2.3,13.6,0.7,9.6,0.0,0.0,7.1,0,2020-2021,0
3724,Caris LeVert,G,26.73,47,31.6,65.9,28.8,10.279,180,0.807,556,0.494,258,0.326,0.53,20.1,4.5,7.9,5.2,25.7,1.4,0.64,9.9,0,2020-2021,0
3725,Kira Lewis Jr.,G,20.11,54,16.7,34.9,18.3,8.6,51,0.843,217,0.415,120,0.333,0.477,6.4,1.3,4.3,2.3,18.7,0.7,0.19,6.4,0,2020-2021,0
3726,Damian Lillard,G,30.84,67,35.8,74.6,31.4,11.6,482,0.927,630,0.519,704,0.391,0.623,28.7,4.2,6.3,7.5,34.6,0.93,0.25,10.8,1,2020-2021,1
3727,Nassir Little,F-G,21.26,48,13.3,27.8,13.8,8.8,45,0.8,87,0.575,80,0.35,0.589,4.6,2.7,10.7,0.5,4.9,0.1,0.27,5.5,0,2020-2021,0
3728,Kevon Looney,F,25.27,61,19.0,39.6,9.4,14.5,48,0.646,180,0.578,17,0.235,0.575,4.1,5.3,14.7,1.9,13.3,0.36,0.36,7.3,0,2020-2021,0
3729,Brook Lopez,C,33.12,70,27.2,56.6,16.9,8.3,142,0.845,359,0.632,281,0.338,0.611,12.3,5.0,9.6,0.7,3.5,0.57,1.47,5.2,0,2020-2021,0
3730,Robin Lopez,C,33.12,71,19.1,39.7,17.1,13.4,137,0.723,406,0.65,18,0.278,0.663,9.0,3.8,10.6,0.8,5.9,0.21,0.62,6.3,0,2020-2021,0
3731,Marcos Louzada Silva,G,20.0,3,18.8,39.1,11.9,18.8,0,0.0,5,0.2,8,0.25,0.308,2.7,1.0,2.9,1.0,6.5,0.67,0.0,3.0,0,2020-2021,0
3732,Kevin Love,F-C,32.69,25,24.9,51.9,21.9,12.2,51,0.824,96,0.479,156,0.365,0.556,12.2,7.4,16.7,2.5,16.0,0.64,0.08,9.8,0,2020-2021,0
3733,Kyle Lowry,G,35.15,46,34.8,72.5,21.4,15.9,160,0.875,265,0.487,331,0.396,0.593,17.2,5.3,8.4,7.3,31.8,1.02,0.26,10.0,0,2020-2021,0
3734,Timothe Luwawu-Cabarrot,G-F,26.02,58,18.1,37.7,17.4,10.3,43,0.814,117,0.47,239,0.314,0.493,6.4,2.2,6.8,1.2,8.5,0.57,0.1,5.7,0,2020-2021,0
3735,Trey Lyles,F,25.53,23,15.6,32.4,12.9,5.7,23,0.652,50,0.58,40,0.35,0.574,5.0,3.7,12.8,0.6,5.3,0.26,0.04,5.7,0,2020-2021,0
3736,Will Magnay,C,22.93,1,3.3,6.9,25.5,50.0,0,0.0,0,0.0,1,0.0,0.0,0.0,0.0,0.0,0.0,0.0,0.0,0.0,0.0,0,2020-2021,0
3737,Thon Maker,F-C,20.0,8,9.6,19.9,14.7,11.6,11,0.909,16,0.625,2,0.0,0.657,3.8,2.3,13.1,0.5,7.8,0.25,0.5,6.8,0,2020-2021,0
3738,Theo Maledon,G,19.93,65,27.3,57.0,19.4,17.3,135,0.748,301,0.402,313,0.335,0.489,10.1,3.2,6.2,3.5,18.8,0.85,0.17,7.1,0,2020-2021,0
3739,Karim Mane,G,21.0,10,8.8,18.4,8.9,16.5,5,0.8,11,0.182,2,0.5,0.362,1.1,1.4,8.2,0.4,6.0,0.0,0.2,3.9,0,2020-2021,0
3740,Nico Mannion,G,20.18,30,12.1,25.3,18.5,20.3,28,0.821,53,0.321,60,0.367,0.491,4.1,1.5,6.7,2.3,25.6,0.53,0.03,8.0,0,2020-2021,0
3741,Terance Mann,G-F,24.58,67,18.9,39.3,15.1,9.3,94,0.83,259,0.541,91,0.418,0.603,7.0,3.6,10.8,1.6,11.3,0.45,0.19,7.3,0,2020-2021,0
3742,Boban Marjanovic,C,32.75,33,8.2,17.1,24.6,8.0,38,0.816,114,0.535,8,0.125,0.562,4.7,3.9,26.0,0.3,5.9,0.06,0.18,8.6,0,2020-2021,0
3743,Lauri Markkanen,F-C,23.99,51,25.8,53.8,20.2,8.5,92,0.826,224,0.585,296,0.402,0.62,13.6,5.3,11.3,0.9,5.0,0.51,0.29,6.2,0,2020-2021,0
3744,Naji Marshall,F,23.31,32,21.9,45.6,16.8,13.6,75,0.707,126,0.421,83,0.349,0.508,7.7,4.6,11.5,2.8,16.5,0.81,0.31,8.5,0,2020-2021,0
3745,Kenyon Martin Jr.,F,20.36,45,23.7,49.4,15.7,9.7,84,0.714,222,0.572,96,0.365,0.59,9.3,5.4,12.1,1.1,6.8,0.67,0.91,6.4,0,2020-2021,0
3746,Caleb Martin,F,25.63,53,15.4,32.2,16.7,10.4,64,0.641,131,0.496,125,0.248,0.465,5.0,2.7,9.3,1.3,11.5,0.7,0.23,6.7,0,2020-2021,0
3747,Cody Martin,F,25.63,52,16.3,34.0,12.5,16.2,43,0.581,130,0.515,58,0.276,0.5,4.0,3.1,10.3,1.7,13.9,0.73,0.23,6.8,0,2020-2021,0
3748,Jeremiah Martin,G,24.91,9,8.4,17.4,23.9,14.6,5,0.2,21,0.286,12,0.25,0.313,2.4,0.8,5.2,0.4,7.9,0.56,0.22,4.4,0,2020-2021,0
3749,Kelan Martin,F,25.79,35,9.2,19.2,20.9,10.1,10,0.9,78,0.487,60,0.4,0.551,4.5,2.2,13.1,0.5,7.5,0.29,0.29,7.4,0,2020-2021,0
3750,Frank Mason,G,27.12,4,19.8,41.3,17.5,15.6,7,0.714,19,0.368,5,0.4,0.462,6.3,3.0,7.8,3.0,22.2,0.0,0.0,7.8,0,2020-2021,0
3751,Garrison Mathews,G,24.56,64,16.2,33.8,11.5,3.5,95,0.884,39,0.538,198,0.384,0.635,5.5,1.4,4.4,0.4,3.1,0.45,0.11,3.6,0,2020-2021,0
3752,Dakota Mathias,G,25.85,8,15.4,32.2,18.0,1.9,6,0.333,22,0.5,26,0.308,0.474,6.0,0.9,3.1,1.6,15.0,0.13,0.38,5.3,0,2020-2021,0
3753,Wesley Matthews,G,34.59,58,19.5,40.6,11.4,8.8,41,0.854,55,0.418,197,0.335,0.517,4.8,1.6,4.7,0.9,6.3,0.64,0.28,3.9,0,2020-2021,0
3754,Tyrese Maxey,G,20.53,61,15.3,32.0,23.0,8.2,70,0.871,326,0.512,103,0.301,0.531,8.0,1.7,6.1,2.0,19.9,0.43,0.21,7.9,0,2020-2021,0
3755,Skylar Mays,G,23.7,33,8.2,17.0,19.1,7.6,25,0.88,58,0.517,40,0.35,0.569,3.8,1.1,7.1,0.9,16.4,0.42,0.06,7.6,0,2020-2021,0
3756,Patrick McCaw,G,25.56,5,6.7,13.9,3.0,0.0,3,1.0,1,1.0,0,0.0,1.078,1.0,0.6,4.9,0.8,15.0,0.4,0.0,4.7,0,2020-2021,0
3757,CJ McCollum,G,29.66,47,34.0,70.9,27.1,6.4,133,0.812,464,0.509,420,0.402,0.577,23.1,3.9,6.2,4.7,23.0,0.94,0.45,8.8,0,2020-2021,0
3758,T.J. McConnell,G,29.14,69,26.0,54.2,15.3,20.9,48,0.688,442,0.586,48,0.313,0.583,8.6,3.7,7.7,6.6,34.3,1.86,0.33,9.1,0,2020-2021,0
3759,Jalen McDaniels,F-C,23.29,47,19.2,40.1,17.0,12.6,64,0.703,179,0.547,105,0.333,0.554,7.4,3.6,10.1,1.1,8.6,0.6,0.4,6.4,0,2020-2021,0
3760,Jaden McDaniels,F,20.63,63,24.0,50.0,12.0,10.8,45,0.6,169,0.544,198,0.364,0.552,6.8,3.7,8.3,1.1,6.4,0.56,0.95,5.0,0,2020-2021,0
3761,Doug McDermott,F,29.37,66,24.5,51.1,20.0,7.0,98,0.816,379,0.641,286,0.388,0.635,13.6,3.3,7.4,1.3,7.8,0.3,0.09,6.3,0,2020-2021,0
3762,Sean McDermott,F,24.53,18,8.8,18.3,10.9,9.9,8,1.0,11,0.727,22,0.227,0.534,2.2,1.1,6.4,0.2,3.2,0.11,0.17,3.6,0,2020-2021,0
3763,JaVale McGee,C-F,33.32,46,14.7,30.8,23.8,16.196,67,0.658,258,0.537,24,0.179,0.538,7.3,5.2,19.9,0.9,9.5,0.41,1.17,8.6,0,2020-2021,0
3764,Rodney McGruder,G,29.8,16,12.1,25.2,18.2,8.7,8,0.75,46,0.565,24,0.458,0.619,5.7,1.4,6.3,1.0,13.6,0.5,0.06,6.6,0,2020-2021,0
3765,Alfonzo McKinnie,F,28.66,39,6.6,13.8,17.9,4.7,18,0.556,54,0.593,39,0.41,0.604,3.1,1.4,11.7,0.2,3.6,0.18,0.0,5.8,0,2020-2021,0
3766,Jordan McLaughlin,G,25.1,51,18.4,38.3,13.7,16.7,30,0.767,150,0.447,92,0.359,0.502,5.0,2.1,6.2,3.8,28.0,1.0,0.12,7.4,0,2020-2021,0
3767,Ben McLemore,G,28.26,53,17.1,35.6,20.5,9.945,53,0.736,85,0.451,280,0.346,0.523,7.6,1.9,6.0,0.7,6.4,0.44,0.17,5.1,0,2020-2021,0
3768,Nicolo Melli,F,30.3,45,12.6,26.2,12.5,7.647,25,0.788,56,0.403,85,0.263,0.428,3.0,2.7,11.9,0.9,10.1,0.33,0.09,6.2,0,2020-2021,0
3769,De'Anthony Melton,G,22.97,52,20.1,41.9,19.5,13.7,51,0.804,182,0.467,211,0.412,0.568,9.1,3.1,8.2,2.5,17.5,1.13,0.6,8.2,0,2020-2021,0
3770,Sam Merrill,G,25.0,30,7.8,16.2,15.1,11.9,4,1.0,25,0.44,47,0.447,0.603,3.0,1.0,6.8,0.7,11.4,0.27,0.03,6.6,0,2020-2021,0
3771,Chimezie Metu,F-C,24.15,36,13.6,28.2,20.0,12.8,43,0.721,142,0.549,37,0.351,0.571,6.3,3.1,12.8,0.8,8.2,0.39,0.53,7.4,0,2020-2021,0
3772,Khris Middleton,F,29.76,68,33.4,69.5,25.0,13.1,236,0.898,709,0.508,365,0.414,0.588,20.4,6.0,9.4,5.4,23.2,1.09,0.15,10.4,0,2020-2021,0
3773,Darius Miller,F,31.16,18,10.9,22.8,13.2,13.1,12,1.0,6,0.833,42,0.405,0.685,4.1,1.3,6.3,1.2,15.4,0.67,0.28,6.8,0,2020-2021,0
3774,Paul Millsap,F,36.26,56,20.8,43.2,18.6,10.3,98,0.724,258,0.55,143,0.343,0.565,9.0,4.7,12.7,1.8,11.6,0.91,0.64,8.2,0,2020-2021,0
3775,Patty Mills,G,32.76,68,24.8,51.6,18.4,9.1,78,0.91,182,0.5,430,0.374,0.569,10.8,1.7,3.7,2.4,13.5,0.6,0.04,5.7,0,2020-2021,0
3776,Shake Milton,G-F,24.64,63,23.2,48.3,25.0,12.2,176,0.83,464,0.494,203,0.35,0.549,13.0,2.3,5.6,3.1,20.3,0.62,0.29,7.8,0,2020-2021,0
3777,Donovan Mitchell,G,24.69,53,33.4,69.6,33.5,10.7,316,0.845,630,0.476,461,0.386,0.569,26.4,4.4,7.0,5.2,26.7,0.98,0.28,10.1,0,2020-2021,0
3778,Adam Mokoka,G,22.83,14,4.0,8.4,18.9,20.5,1,0.0,9,0.667,10,0.1,0.386,1.1,0.4,4.9,0.4,11.9,0.14,0.07,5.6,0,2020-2021,0
3779,Malik Monk,G,23.28,42,20.9,43.6,23.8,11.3,72,0.819,187,0.471,212,0.401,0.569,11.7,2.4,6.2,2.1,15.7,0.45,0.1,7.4,0,2020-2021,0
3780,E'Twaun Moore,G,32.22,27,14.4,30.0,17.2,15.3,14,0.857,86,0.512,35,0.314,0.523,4.9,1.7,6.6,1.5,13.7,0.56,0.19,6.4,0,2020-2021,0
3781,Ja Morant,G,21.77,63,32.6,67.9,27.2,15.3,372,0.728,716,0.499,241,0.303,0.537,19.1,4.0,6.5,7.4,33.5,0.9,0.21,10.1,0,2020-2021,0
3782,Juwan Morgan,F,24.08,29,5.1,10.6,10.9,10.8,7,0.429,17,0.588,13,0.308,0.529,1.2,1.0,10.1,0.3,8.0,0.14,0.03,5.6,0,2020-2021,0
3783,Marcus Morris Sr.,F,31.7,57,26.3,54.9,20.1,8.4,89,0.82,288,0.472,296,0.473,0.614,13.4,4.1,8.8,1.0,5.6,0.6,0.26,5.8,0,2020-2021,0
3784,Markieff Morris,F,31.7,61,19.7,41.0,16.5,11.9,50,0.72,169,0.521,209,0.311,0.509,6.7,4.4,12.4,1.2,8.6,0.36,0.31,6.7,0,2020-2021,0
3785,Monte Morris,G,25.89,47,25.5,53.0,16.5,7.5,73,0.795,253,0.534,134,0.381,0.574,10.2,2.0,4.6,3.2,17.1,0.72,0.28,6.3,0,2020-2021,0
3786,Mychal Mulder,G,26.93,60,12.8,26.6,16.2,5.5,22,0.636,51,0.667,214,0.397,0.613,5.6,1.0,4.2,0.4,4.8,0.2,0.2,4.1,0,2020-2021,0
3787,Dejounte Murray,G,24.66,67,31.9,66.5,23.4,10.2,134,0.791,775,0.488,199,0.317,0.509,15.7,7.1,11.8,5.4,25.9,1.51,0.1,10.6,0,2020-2021,0
3788,Jamal Murray,G,24.23,48,35.5,73.9,24.7,11.1,153,0.869,476,0.523,316,0.408,0.592,21.2,4.0,6.5,4.8,20.3,1.33,0.27,8.4,0,2020-2021,0
3789,Mike Muscala,F-C,29.88,35,18.4,38.4,20.0,6.9,36,0.917,83,0.614,184,0.37,0.599,9.7,3.8,10.6,0.8,7.0,0.23,0.31,6.7,0,2020-2021,0
3790,Svi Mykhailiuk,G-F,23.93,66,20.1,41.8,19.9,14.291,50,0.755,192,0.53,314,0.334,0.529,8.4,2.5,6.6,1.7,13.0,0.77,0.18,6.5,0,2020-2021,0
3791,Abdel Nader,F,27.64,24,14.8,30.8,19.0,12.6,37,0.757,73,0.534,43,0.419,0.605,6.7,2.6,9.9,0.8,7.3,0.42,0.38,6.5,0,2020-2021,0
3792,Larry Nance Jr.,F-C,28.37,35,31.2,65.0,13.9,15.8,49,0.612,158,0.551,114,0.36,0.557,9.3,6.7,12.0,3.1,14.4,1.74,0.49,7.4,0,2020-2021,0
3793,Aaron Nesmith,G-F,21.58,46,14.5,30.3,13.7,10.8,28,0.786,70,0.543,108,0.37,0.573,4.7,2.8,10.6,0.5,4.6,0.33,0.2,5.2,0,2020-2021,0
3794,Raul Neto,G,28.99,64,21.9,45.7,15.9,9.9,85,0.882,283,0.512,164,0.39,0.575,8.7,2.4,5.9,2.3,14.0,1.14,0.09,6.6,0,2020-2021,0
3795,Georges Niang,F,27.92,72,16.0,33.4,17.4,10.9,23,0.957,113,0.469,292,0.425,0.602,6.9,2.4,8.1,0.8,7.3,0.36,0.1,5.9,0,2020-2021,0
3796,Zeke Nnaji,F-C,20.35,41,9.5,19.8,12.8,6.1,15,0.8,44,0.591,57,0.421,0.632,3.3,1.6,9.3,0.2,3.0,0.17,0.1,4.3,0,2020-2021,0
3797,Nerlens Noel,C-F,27.1,64,24.2,50.3,9.2,20.3,70,0.714,221,0.62,3,0.0,0.636,5.1,6.4,14.3,0.7,4.1,1.09,2.2,4.7,0,2020-2021,0
3798,Jaylen Nowell,G,21.86,42,18.1,37.6,21.4,7.2,55,0.818,185,0.497,150,0.333,0.528,9.0,2.3,6.8,1.5,12.5,0.52,0.29,6.9,0,2020-2021,0
3799,Frank Ntilikina,G,22.8,33,9.8,20.3,13.6,11.2,18,0.444,31,0.194,48,0.479,0.512,2.7,0.9,5.2,0.6,8.2,0.55,0.12,4.6,0,2020-2021,0
3800,James Nunnally,F,30.84,9,5.3,11.1,14.0,12.6,2,0.5,1,1.0,12,0.333,0.54,1.7,1.0,10.2,0.3,8.1,0.0,0.0,6.0,0,2020-2021,0
3801,Kendrick Nunn,G,25.79,56,29.5,61.4,20.9,10.5,60,0.933,338,0.583,320,0.381,0.596,14.6,3.2,6.2,2.6,14.5,0.96,0.25,6.7,0,2020-2021,0
3802,Jusuf Nurkic,C,26.73,37,23.8,49.6,22.3,16.0,113,0.619,303,0.525,30,0.4,0.554,11.5,9.0,20.2,3.4,21.4,1.03,1.08,11.9,0,2020-2021,0
3803,David Nwaba,G-F,28.34,30,22.6,47.1,16.5,6.4,68,0.691,154,0.578,63,0.27,0.559,9.2,3.9,9.3,1.0,6.9,1.0,0.7,5.8,0,2020-2021,0
3804,Jordan Nwora,F,22.69,30,9.1,19.0,26.0,14.1,25,0.76,73,0.466,62,0.452,0.586,5.7,2.0,11.5,0.2,3.6,0.53,0.23,5.8,0,2020-2021,0
3805,Semi Ojeleye,F,26.45,56,17.0,35.3,11.6,8.2,32,0.75,63,0.492,158,0.367,0.553,4.6,2.6,8.6,0.7,5.1,0.3,0.0,4.8,0,2020-2021,0
3806,Jahlil Okafor,C-F,25.42,27,12.9,26.8,16.7,15.8,24,0.708,92,0.663,9,0.222,0.65,5.4,2.4,10.4,0.5,6.1,0.22,0.19,5.8,0,2020-2021,0
3807,Chuma Okeke,F,22.75,45,25.2,52.4,14.5,10.0,40,0.75,183,0.47,141,0.348,0.511,7.8,4.0,8.3,2.2,13.2,1.07,0.51,6.5,0,2020-2021,0
3808,Josh Okogie,G,22.71,59,20.3,42.3,12.1,12.5,108,0.769,146,0.5,108,0.269,0.524,5.4,2.6,7.1,1.1,7.0,0.92,0.47,4.9,0,2020-2021,0
3809,Onyeka Okongwu,F-C,20.43,50,12.0,25.1,14.7,14.3,57,0.632,146,0.658,3,0.0,0.655,4.6,3.3,14.8,0.4,4.4,0.46,0.66,6.1,0,2020-2021,0
3810,Isaac Okoro,F-G,20.3,67,32.4,67.6,14.3,12.0,157,0.726,345,0.501,214,0.29,0.514,9.6,3.1,5.3,1.9,8.6,0.93,0.36,4.7,0,2020-2021,0
3811,KZ Okpala,F-G,22.05,37,12.1,25.2,11.9,12.8,15,0.533,46,0.522,50,0.24,0.448,2.5,1.8,8.7,0.5,5.8,0.27,0.3,4.3,0,2020-2021,0
3812,Victor Oladipo,G,29.03,33,32.7,68.2,28.5,11.87,138,0.755,337,0.466,239,0.321,0.511,19.7,4.9,8.0,4.6,22.8,1.4,0.42,9.3,0,2020-2021,0
3813,Cameron Oliver,F,20.0,4,21.9,45.5,18.4,7.9,4,0.25,20,0.75,13,0.308,0.619,10.8,5.3,12.8,1.3,9.5,0.5,1.0,7.7,0,2020-2021,0
3814,Kelly Olynyk,F-C,30.08,70,28.5,59.4,19.6,13.611,175,0.802,330,0.637,367,0.347,0.597,13.5,7.0,13.5,2.9,15.6,1.13,0.6,8.9,0,2020-2021,0
3815,Royce O'Neale,F,27.95,71,31.6,65.7,9.6,16.7,46,0.848,116,0.586,278,0.385,0.599,7.0,6.8,11.5,2.5,10.4,0.8,0.45,6.2,0,2020-2021,0
3816,Miye Oni,G-F,23.78,54,9.6,20.0,9.8,13.6,6,0.833,11,0.455,88,0.341,0.517,1.9,1.6,8.6,0.5,6.8,0.2,0.15,4.8,0,2020-2021,0
3817,Cedi Osman,F,26.11,59,25.6,53.3,20.4,11.3,95,0.8,262,0.458,324,0.306,0.488,10.4,3.4,7.4,2.9,17.7,0.9,0.15,7.3,0,2020-2021,0
3818,Daniel Oturu,C,21.66,30,5.4,11.2,18.3,13.6,12,0.75,47,0.447,5,0.2,0.471,1.8,1.6,16.8,0.3,8.5,0.17,0.23,7.1,0,2020-2021,0
3819,Kelly Oubre Jr.,F-G,25.44,55,30.7,63.9,22.1,8.0,177,0.695,439,0.519,285,0.316,0.529,15.4,6.0,10.4,1.3,6.5,1.04,0.76,6.4,0,2020-2021,0
3820,Jabari Parker,F,26.17,13,12.7,26.5,18.2,15.769,13,0.592,44,0.64,11,0.154,0.59,5.5,3.2,14.0,0.8,9.5,0.08,0.38,7.5,0,2020-2021,0
3821,Eric Paschall,F,24.53,40,17.4,36.2,23.5,11.2,94,0.713,244,0.533,54,0.333,0.561,9.5,3.2,9.8,1.3,11.4,0.3,0.18,7.8,0,2020-2021,0
3822,Anzejs Pasecniks,C-F,25.41,1,6.3,13.1,39.4,83.3,0,0.0,0,0.0,1,0.0,0.0,0.0,1.0,8.4,1.0,17.8,0.0,0.0,0.0,0,2020-2021,0
3823,Patrick Patterson,F,32.18,38,15.3,31.9,14.0,6.0,17,0.765,53,0.604,112,0.357,0.571,5.2,2.0,7.3,0.8,6.7,0.37,0.21,5.3,0,2020-2021,0
3824,Justin Patton,C,23.92,13,19.0,39.5,13.1,5.3,4,0.75,36,0.556,34,0.265,0.488,5.4,3.8,10.6,1.1,8.1,0.92,1.08,5.9,0,2020-2021,0
3825,Chris Paul,G,36.03,70,31.4,65.5,22.6,14.0,181,0.934,621,0.543,258,0.395,0.599,16.4,4.4,8.0,8.9,40.8,1.43,0.26,11.0,1,2020-2021,1
3826,Cameron Payne,G,26.77,60,18.0,37.5,19.8,12.5,56,0.893,229,0.515,166,0.44,0.602,8.4,2.4,7.6,3.6,28.1,0.6,0.27,9.3,0,2020-2021,0
3827,Gary Payton II,G,28.46,10,4.0,8.4,16.7,6.3,4,0.75,9,0.889,4,0.5,0.847,2.5,1.1,14.5,0.1,4.0,0.6,0.1,6.5,0,2020-2021,0
3828,Elfrid Payton,G,27.23,63,23.6,49.1,23.2,13.3,107,0.682,524,0.46,98,0.286,0.478,10.1,3.4,7.9,3.2,21.6,0.75,0.14,8.1,0,2020-2021,0
3829,Norvel Pelle,C,28.28,13,6.4,13.4,10.7,6.923,6,0.404,15,0.593,0,0.0,0.624,1.5,1.4,12.3,0.1,4.1,0.08,0.69,3.7,0,2020-2021,0
3830,Reggie Perry,F-C,21.15,26,8.1,16.9,20.4,15.2,13,0.769,57,0.491,21,0.19,0.466,3.0,2.8,19.1,0.5,9.0,0.23,0.23,8.0,0,2020-2021,0
3831,Theo Pinson,G-F,25.53,17,2.0,4.2,13.1,10.0,0,0.0,1,1.0,8,0.0,0.111,0.1,0.3,8.0,0.1,3.7,0.0,0.0,2.9,0,2020-2021,0
3832,Mason Plumlee,F-C,31.2,56,26.8,55.8,16.3,18.8,169,0.669,373,0.627,7,0.0,0.639,10.4,9.3,19.3,3.6,21.0,0.77,0.89,10.5,0,2020-2021,0
3833,Jakob Poeltl,C,25.59,69,26.7,55.7,13.4,14.8,124,0.508,430,0.616,0,0.0,0.612,8.6,7.9,15.8,1.9,10.1,0.68,1.78,7.6,0,2020-2021,0
3834,Vincent Poirier,C-F,27.58,10,3.9,8.1,19.4,17.0,6,0.333,11,0.273,1,0.0,0.273,0.8,1.3,18.3,0.2,6.6,0.0,0.3,6.1,0,2020-2021,0
3835,Aleksej Pokusevski,C,19.39,45,24.2,50.5,20.5,18.8,42,0.738,201,0.403,207,0.28,0.43,8.2,4.7,10.2,2.2,13.1,0.44,0.93,7.3,0,2020-2021,0
3836,Jordan Poole,G,21.91,51,19.4,40.4,25.0,8.8,119,0.882,198,0.545,276,0.351,0.581,12.0,1.8,5.0,1.9,15.4,0.51,0.18,7.1,0,2020-2021,0
3837,Kevin Porter Jr.,G-F,21.03,26,32.1,66.9,25.4,18.2,94,0.734,206,0.515,161,0.311,0.528,16.6,3.8,6.3,6.3,31.2,0.73,0.31,9.2,0,2020-2021,0
3838,Michael Porter Jr.,F,22.88,61,31.3,65.3,21.8,8.2,134,0.791,435,0.628,382,0.445,0.663,19.0,7.3,13.2,1.1,5.6,0.66,0.89,6.8,0,2020-2021,0
3839,Otto Porter Jr.,F,27.95,28,21.7,45.1,19.3,9.196,42,0.855,123,0.479,104,0.369,0.553,9.7,5.4,13.8,2.0,12.9,0.57,0.14,8.6,0,2020-2021,0
3840,Jontay Porter,C-F,21.5,11,4.9,10.2,18.9,28.9,5,0.6,7,0.714,8,0.375,0.64,2.0,1.3,13.7,0.1,2.5,0.27,0.09,5.2,0,2020-2021,0
3841,Bobby Portis,F,26.26,66,20.8,43.3,21.0,8.1,73,0.74,442,0.541,157,0.471,0.597,11.4,7.1,17.9,1.1,7.4,0.79,0.39,8.6,0,2020-2021,0
3842,Kristaps Porzingis,F-C,25.79,43,30.9,64.3,26.5,6.4,138,0.855,425,0.536,258,0.376,0.582,20.1,8.9,15.8,1.6,8.4,0.47,1.35,8.5,0,2020-2021,0
3843,Dwight Powell,F-C,29.83,58,16.6,34.7,13.2,13.9,124,0.782,173,0.665,21,0.238,0.688,5.9,4.1,13.5,1.1,8.9,0.6,0.52,7.2,0,2020-2021,0
3844,Norman Powell,G,27.98,69,32.0,66.6,22.8,10.37,271,0.871,502,0.532,416,0.408,0.618,18.6,3.1,5.3,1.8,9.3,1.19,0.26,5.9,0,2020-2021,0
3845,Taurean Prince,G,27.15,41,22.1,46.0,19.6,11.541,76,0.852,172,0.407,155,0.396,0.542,9.5,3.4,8.7,1.9,12.2,0.68,0.56,6.9,0,2020-2021,0
3846,Payton Pritchard,G,23.3,66,19.2,40.0,16.7,10.8,45,0.889,170,0.482,248,0.411,0.582,7.7,2.4,6.9,1.8,13.3,0.56,0.14,6.7,0,2020-2021,0
3847,Immanuel Quickley,G,21.92,64,19.4,40.5,25.6,8.1,174,0.891,277,0.401,303,0.389,0.557,11.4,2.1,6.0,2.0,16.2,0.47,0.19,7.5,0,2020-2021,0
3848,Jahmi'us Ramsey,G,19.94,13,7.3,15.1,19.7,6.9,5,1.0,19,0.526,19,0.263,0.498,3.1,0.8,5.9,0.5,8.7,0.31,0.08,5.9,0,2020-2021,0
3849,Chasson Randle,G,28.28,41,20.4,42.5,15.7,15.1,48,0.792,107,0.449,130,0.338,0.515,6.5,2.0,5.1,1.8,12.9,0.56,0.12,5.6,0,2020-2021,0
3850,Julius Randle,F-C,26.46,71,37.6,78.2,29.3,13.7,429,0.811,933,0.474,389,0.411,0.567,24.1,10.2,14.7,6.0,27.2,0.9,0.25,12.1,1,2020-2021,0
3851,Cam Reddish,F-G,21.71,26,28.9,60.1,19.3,10.2,82,0.817,137,0.46,126,0.262,0.488,11.2,4.0,7.6,1.3,6.5,1.27,0.35,5.4,0,2020-2021,0
3852,JJ Redick,G,36.89,44,16.4,34.3,19.2,11.668,52,0.911,89,0.421,178,0.373,0.558,7.4,1.5,4.8,1.2,9.7,0.25,0.07,5.6,0,2020-2021,0
3853,Paul Reed,F,21.92,26,6.8,14.2,22.7,12.8,8,0.5,72,0.583,6,0.0,0.54,3.4,2.3,18.9,0.5,10.9,0.38,0.5,9.3,0,2020-2021,0
3854,Naz Reid,C-F,21.72,70,19.2,40.1,22.5,9.5,166,0.693,407,0.597,174,0.351,0.599,11.2,4.6,12.9,1.0,8.7,0.49,1.07,7.8,0,2020-2021,0
3855,Cameron Reynolds,F,26.27,5,8.1,16.9,16.3,0.0,0,0.0,6,0.5,12,0.1,0.462,3.0,1.0,3.1,0.4,3.5,0.0,0.0,2.4,0,2020-2021,0
3856,Nick Richards,C,23.46,18,3.5,7.2,11.6,17.8,11,0.636,8,0.5,1,0.0,0.542,0.8,0.6,9.5,0.1,4.2,0.0,0.0,4.2,0,2020-2021,0
3857,Josh Richardson,G,27.67,59,30.3,63.2,18.4,10.6,108,0.917,351,0.501,267,0.33,0.537,12.1,3.3,6.0,2.6,12.1,1.03,0.41,6.2,0,2020-2021,0
3858,Grant Riller,G,24.27,7,3.9,8.1,20.6,7.7,0,0.0,8,0.75,4,0.5,0.75,2.6,0.1,2.0,0.4,20.6,0.14,0.0,4.8,0,2020-2021,0
3859,Austin Rivers,G,28.79,36,23.5,48.9,15.5,12.292,31,0.711,96,0.51,149,0.369,0.55,7.9,2.2,5.4,2.2,13.3,0.83,0.05,5.8,0,2020-2021,0
3860,Andre Roberson,G-F,29.45,5,12.6,26.2,11.7,11.8,2,0.5,6,0.167,8,0.125,0.202,1.2,3.0,13.2,0.8,7.4,0.6,0.2,4.5,0,2020-2021,0
3861,Glenn Robinson III,F,27.35,23,16.1,33.5,14.0,9.2,23,0.913,55,0.473,44,0.364,0.554,5.3,2.0,6.8,0.9,7.0,0.17,0.13,5.3,0,2020-2021,0
3862,Duncan Robinson,F,27.07,72,31.4,65.4,16.6,9.7,75,0.827,104,0.625,613,0.408,0.628,13.1,3.5,6.3,1.8,8.3,0.6,0.28,5.5,0,2020-2021,0
3863,Jerome Robinson,G,24.23,17,17.9,37.4,16.7,15.5,20,0.8,53,0.321,42,0.262,0.4,4.9,2.2,6.6,1.5,10.2,0.71,0.35,5.7,0,2020-2021,0
3864,Justin Robinson,G,23.6,9,9.8,20.3,12.2,7.9,5,0.6,7,0.429,14,0.286,0.453,2.3,0.8,4.1,1.0,14.1,0.33,0.0,5.0,0,2020-2021,0
3865,Mitchell Robinson,C-F,23.13,31,27.5,57.3,11.8,11.5,53,0.491,176,0.653,0,0.0,0.642,8.3,8.1,16.0,0.5,2.9,1.13,1.45,4.7,0,2020-2021,0
3866,Isaiah Roby,F,23.28,61,23.4,48.7,17.7,19.0,117,0.744,320,0.547,109,0.294,0.555,8.7,5.6,12.4,1.8,11.4,0.85,0.61,7.6,0,2020-2021,0
3867,Rajon Rondo,G,35.23,45,17.1,35.6,17.0,26.16,17,0.7,126,0.459,89,0.4,0.53,5.4,2.4,7.9,4.4,34.8,0.8,0.09,8.9,0,2020-2021,0
3868,Derrick Rose,G,32.61,50,25.6,53.3,26.0,10.41,127,0.87,482,0.491,129,0.388,0.551,14.7,2.6,5.5,4.2,28.2,0.98,0.38,8.5,0,2020-2021,0
3869,Terrence Ross,G-F,30.28,46,29.3,61.0,24.1,9.7,138,0.87,352,0.469,264,0.337,0.53,15.6,3.4,6.1,2.4,13.4,1.02,0.46,6.9,0,2020-2021,0
3870,Terry Rozier,G,27.17,69,34.5,72.0,24.4,9.5,202,0.817,562,0.512,571,0.389,0.576,20.4,4.4,6.9,4.2,20.0,1.25,0.38,8.4,0,2020-2021,0
3871,Ricky Rubio,G,30.57,68,26.1,54.3,16.0,16.4,150,0.867,284,0.447,214,0.308,0.516,8.6,3.3,6.8,6.4,33.3,1.46,0.06,8.7,0,2020-2021,0
3872,D'Angelo Russell,G,25.23,42,28.5,59.3,29.1,13.5,149,0.765,342,0.471,310,0.387,0.555,19.0,2.6,5.0,5.8,33.7,1.07,0.43,9.3,0,2020-2021,0
3873,Domantas Sabonis,F-C,25.04,62,36.0,75.0,24.1,16.9,328,0.732,742,0.582,162,0.321,0.601,20.3,12.0,18.0,6.7,27.5,1.23,0.53,13.1,0,2020-2021,0
3874,Luka Samanic,F,21.35,33,9.3,19.5,19.4,14.5,29,0.552,62,0.565,43,0.279,0.518,3.7,2.1,11.7,0.5,6.9,0.24,0.24,6.8,0,2020-2021,0
3875,JaKarr Sampson,F,28.16,29,10.9,22.7,18.9,10.7,29,0.655,98,0.541,15,0.2,0.533,4.6,2.7,13.2,0.1,1.8,0.07,0.48,3.9,0,2020-2021,0
3876,Dario Saric,F-C,27.11,50,17.4,36.3,22.6,12.9,99,0.848,207,0.512,135,0.348,0.567,8.7,3.8,12.4,1.3,10.4,0.6,0.08,8.1,0,2020-2021,0
3877,Tomas Satoransky,G,29.55,58,22.5,46.9,15.2,20.9,79,0.848,210,0.605,118,0.356,0.616,7.7,2.4,6.0,4.7,27.9,0.69,0.24,7.9,0,2020-2021,0
3878,Dennis Schroder,G,27.67,61,32.1,66.8,22.9,15.8,243,0.848,548,0.476,212,0.335,0.543,15.4,3.5,6.0,5.8,26.9,1.16,0.21,8.5,0,2020-2021,0
3879,Mike Scott,F,32.83,51,16.7,34.8,11.9,8.1,12,0.667,56,0.411,155,0.342,0.492,4.2,2.4,7.8,0.8,6.1,0.47,0.27,4.8,0,2020-2021,0
3880,Jay Scrubb,G,20.71,4,21.1,43.9,23.8,15.5,5,1.0,27,0.444,9,0.222,0.458,8.8,3.5,9.3,0.3,1.7,1.0,0.0,4.0,0,2020-2021,0
3881,Collin Sexton,G,22.36,60,35.3,73.4,29.7,11.6,383,0.815,841,0.508,264,0.371,0.573,24.3,3.1,4.9,4.4,22.6,1.05,0.17,7.8,0,2020-2021,0
3882,Landry Shamet,G,24.18,61,23.0,47.9,16.7,8.9,78,0.846,123,0.463,333,0.387,0.578,9.3,1.8,4.4,1.6,9.3,0.52,0.16,5.2,0,2020-2021,0
3883,Iman Shumpert,G,30.89,2,5.5,11.5,19.8,20.0,0,0.0,1,1.0,3,0.0,0.25,1.0,0.5,5.0,0.0,0.0,0.5,0.0,0.0,0,2020-2021,0
3884,Pascal Siakam,F,27.12,56,35.8,74.6,26.4,10.6,301,0.827,715,0.509,246,0.297,0.547,21.4,7.2,11.1,4.5,20.5,1.14,0.68,9.9,0,2020-2021,1
3885,Chris Silva,F,24.66,15,6.1,12.8,16.3,29.767,15,0.538,15,0.578,1,0.733,0.65,2.1,1.8,15.8,0.4,7.6,0.07,0.4,5.7,0,2020-2021,0
3886,Ben Simmons,G-F,24.82,58,32.4,67.4,20.2,19.6,287,0.613,573,0.562,10,0.3,0.584,14.3,7.2,12.2,6.9,31.3,1.6,0.6,11.0,0,2020-2021,1
3887,Anfernee Simons,G,21.94,64,17.3,36.0,18.3,9.2,57,0.807,120,0.4,281,0.427,0.589,7.8,2.2,6.8,1.4,11.4,0.28,0.13,6.7,0,2020-2021,0
3888,Deividas Sirvydis,F-G,20.93,20,6.7,13.9,15.6,10.5,6,0.5,12,0.333,28,0.357,0.481,2.1,1.5,12.1,0.3,5.4,0.1,0.0,5.9,0,2020-2021,0
3889,Alen Smailagic,F,20.74,15,5.6,11.6,17.7,14.4,6,0.333,17,0.412,10,0.4,0.472,1.9,1.1,10.2,0.3,6.6,0.2,0.33,6.1,0,2020-2021,0
3890,Marcus Smart,G,27.2,48,32.9,68.6,18.4,14.2,162,0.79,228,0.482,282,0.33,0.539,13.1,3.5,5.9,5.7,23.6,1.5,0.5,7.8,0,2020-2021,0
3891,Dennis Smith Jr.,G,23.47,23,18.2,38.1,19.2,13.822,26,0.717,86,0.446,59,0.3,0.485,6.7,2.4,7.0,3.3,26.9,1.0,0.61,8.1,0,2020-2021,0
3892,Ish Smith,G,32.86,44,21.0,43.7,15.8,11.6,33,0.576,248,0.448,49,0.367,0.473,6.7,3.4,8.6,3.9,24.7,0.73,0.3,8.5,0,2020-2021,0
3893,Jalen Smith,F-C,21.17,27,5.8,12.0,17.2,11.7,7,0.714,33,0.545,17,0.235,0.499,2.0,1.4,13.5,0.1,3.4,0.04,0.19,4.5,0,2020-2021,0
3894,Tony Snell,G,29.52,47,21.1,44.0,8.6,10.7,11,1.0,62,0.419,109,0.569,0.708,5.3,2.4,6.2,1.3,7.9,0.28,0.23,4.8,0,2020-2021,0
3895,Ray Spalding,F,24.18,2,9.4,19.5,17.9,38.1,2,0.0,3,0.667,1,0.0,0.41,2.0,2.0,11.4,0.0,0.0,0.0,1.0,0.0,0,2020-2021,0
3896,Cassius Stanley,G,21.75,24,3.9,8.1,21.9,2.1,9,0.778,30,0.333,13,0.231,0.383,1.5,0.8,11.6,0.0,1.4,0.04,0.08,0.0,0,2020-2021,0
3897,Lamar Stevens,F,23.86,40,12.5,26.0,15.9,12.7,51,0.725,111,0.523,25,0.16,0.521,4.1,2.4,10.7,0.6,7.5,0.43,0.33,5.8,0,2020-2021,0
3898,Isaiah Stewart,F-C,19.99,68,21.4,44.6,15.5,13.0,92,0.696,346,0.592,63,0.333,0.597,7.9,6.7,17.3,0.9,6.3,0.56,1.26,6.8,0,2020-2021,0
3899,Max Strus,G-F,25.13,39,13.0,27.1,18.3,3.9,24,0.667,39,0.897,148,0.338,0.597,6.1,1.1,4.6,0.6,7.3,0.28,0.05,4.9,0,2020-2021,0
3900,Edmond Sumner,G,25.38,53,16.2,33.9,18.3,13.8,83,0.819,194,0.582,88,0.398,0.626,7.5,1.8,5.9,0.9,7.9,0.62,0.19,5.7,0,2020-2021,0
3901,Jae'Sean Tate,F,25.55,70,29.2,60.8,16.4,12.5,147,0.694,431,0.594,195,0.308,0.575,11.3,5.3,9.8,2.5,13.2,1.21,0.51,7.3,0,2020-2021,0
3902,Jayson Tatum,F-G,23.21,64,35.8,74.5,30.8,10.4,340,0.868,833,0.502,485,0.386,0.576,26.4,7.4,11.5,4.3,20.3,1.17,0.48,10.5,0,2020-2021,1
3903,Jeff Teague,G,32.93,55,17.3,36.0,17.6,16.355,105,0.847,201,0.437,82,0.434,0.565,6.8,1.6,5.0,2.4,18.5,0.61,0.22,6.9,0,2020-2021,0
3904,Garrett Temple,G-F,35.03,56,27.3,56.9,13.0,12.4,50,0.8,181,0.503,200,0.335,0.525,7.6,2.8,5.8,2.2,10.5,0.77,0.52,5.3,0,2020-2021,0
3905,Tyrell Terry,G,20.63,11,5.1,10.7,15.2,10.4,3,0.333,9,0.556,7,0.0,0.318,1.0,0.5,5.9,0.5,13.9,0.45,0.0,4.9,0,2020-2021,0
3906,Daniel Theis,F,29.12,65,24.6,51.3,15.6,11.365,110,0.674,314,0.647,152,0.324,0.61,9.7,5.4,12.3,1.7,9.5,0.64,0.87,7.2,0,2020-2021,0
3907,Brodric Thomas,G,24.3,32,12.5,26.0,16.9,15.1,46,0.673,49,0.526,59,0.268,0.488,3.9,1.7,7.5,0.9,11.5,0.47,0.31,6.0,0,2020-2021,0
3908,Isaiah Thomas,G,32.27,3,16.1,33.5,29.5,17.7,2,1.0,15,0.4,12,0.25,0.412,7.7,1.3,4.5,1.7,15.0,0.33,0.0,6.4,0,2020-2021,0
3909,Khyri Thomas,G,25.02,5,30.6,63.7,21.1,7.9,9,1.0,39,0.59,27,0.333,0.586,16.4,3.6,6.3,5.0,26.9,1.8,1.2,8.7,0,2020-2021,0
3910,Matt Thomas,G,26.78,45,7.3,15.1,19.5,9.287,14,0.857,47,0.452,80,0.348,0.526,3.1,1.0,7.3,0.4,8.6,0.09,0.0,5.8,0,2020-2021,0
3911,Tristan Thompson,C-F,30.18,54,23.8,49.6,14.8,14.1,120,0.592,323,0.523,3,0.0,0.54,7.6,8.1,19.0,1.2,7.2,0.44,0.61,7.1,0,2020-2021,0
3912,Sindarius Thornwell,G,26.5,21,10.3,21.5,12.9,13.6,8,0.222,23,0.343,23,0.317,0.403,1.9,0.9,4.0,1.0,10.0,0.57,0.09,4.3,0,2020-2021,0
3913,Matisse Thybulle,G-F,24.2,65,20.0,41.6,9.4,11.3,18,0.444,100,0.59,143,0.301,0.508,3.9,1.9,5.3,1.0,6.3,1.62,1.09,3.9,0,2020-2021,0
3914,Killian Tillie,F-C,23.2,18,10.1,21.0,14.8,3.1,11,0.818,24,0.375,33,0.303,0.461,3.2,1.3,7.0,0.4,5.6,0.28,0.44,4.7,0,2020-2021,0
3915,Xavier Tillman,F,22.34,59,18.4,38.3,14.3,12.3,53,0.642,234,0.62,65,0.338,0.605,6.6,4.3,12.5,1.3,9.4,0.75,0.56,7.2,0,2020-2021,0
3916,Anthony Tolliver,F,35.96,11,9.0,18.8,9.8,13.3,6,0.833,3,0.0,14,0.286,0.433,1.5,0.9,5.6,0.2,2.5,0.27,0.18,2.9,0,2020-2021,0
3917,Obi Toppin,F,23.2,62,11.0,23.0,15.9,9.4,26,0.731,124,0.629,85,0.306,0.574,4.1,2.2,11.0,0.5,6.4,0.27,0.24,6.0,0,2020-2021,0
3918,Juan Toscano-Anderson,F,28.1,53,20.9,43.5,11.0,21.8,31,0.71,117,0.718,92,0.402,0.676,5.7,4.4,11.2,2.8,18.1,0.77,0.49,7.9,0,2020-2021,0
3919,Axel Toupane,G-F,20.0,8,7.7,15.9,9.6,0.0,7,0.714,9,0.333,2,0.5,0.497,1.8,0.8,5.2,0.5,7.6,0.25,0.38,4.7,0,2020-2021,0
3920,Karl-Anthony Towns,C-F,25.5,50,33.8,70.4,29.1,13.7,311,0.859,560,0.541,315,0.387,0.612,24.8,10.6,17.0,4.5,22.6,0.76,1.14,12.5,0,2020-2021,0
3921,Gary Trent Jr.,G-F,22.33,58,31.1,64.7,20.9,4.978,106,0.783,356,0.436,429,0.385,0.536,15.4,2.6,4.6,1.4,6.6,0.96,0.18,4.9,0,2020-2021,0
3922,P.J. Tucker,F,36.03,52,26.1,54.3,7.0,16.577,28,0.713,58,0.435,119,0.345,0.515,3.7,3.9,7.9,1.2,5.5,0.73,0.38,3.9,0,2020-2021,0
3923,Rayjon Tucker,G,23.64,14,4.9,10.1,19.2,13.2,19,0.737,11,0.636,7,0.286,0.645,2.4,0.8,8.9,0.4,12.2,0.14,0.0,7.5,0,2020-2021,0
3924,Myles Turner,C-F,25.15,47,31.0,64.5,16.4,11.9,142,0.782,226,0.606,206,0.335,0.599,12.6,6.5,11.4,1.0,4.4,0.85,3.38,5.6,0,2020-2021,0
3925,Jonas Valanciunas,C,29.03,62,28.3,59.0,22.4,10.7,203,0.773,685,0.612,57,0.368,0.636,17.1,12.5,23.4,1.8,10.0,0.56,0.92,10.3,0,2020-2021,0
3926,Denzel Valentine,G,27.5,62,16.7,34.8,19.5,9.0,17,0.941,174,0.431,242,0.331,0.479,6.5,3.2,10.5,1.7,14.0,0.48,0.11,7.9,0,2020-2021,0
3927,Jarred Vanderbilt,F,22.12,64,17.8,37.1,12.3,15.9,102,0.559,231,0.615,5,0.2,0.612,5.4,5.8,17.5,1.2,9.3,1.0,0.73,7.5,0,2020-2021,0
3928,Fred VanVleet,G,27.22,52,36.5,76.1,23.9,9.1,191,0.885,394,0.416,476,0.366,0.534,19.6,4.2,6.4,6.3,26.7,1.67,0.71,8.8,0,2020-2021,0
3929,Anderson Varejao,F,38.63,5,7.2,15.0,25.4,4.8,9,0.556,15,0.267,1,0.0,0.326,2.6,4.0,31.1,0.6,12.2,0.0,0.4,10.2,0,2020-2021,0
3930,Devin Vassell,G-F,20.73,62,17.0,35.5,14.3,6.3,51,0.843,153,0.464,150,0.347,0.524,5.5,2.8,8.8,0.9,7.1,0.69,0.29,5.7,0,2020-2021,0
3931,Gabe Vincent,G,24.92,50,13.1,27.3,19.1,12.3,23,0.87,84,0.5,149,0.309,0.498,4.8,1.1,4.9,1.3,15.1,0.42,0.04,5.8,0,2020-2021,0
3932,Noah Vonleh,F,25.73,4,2.7,5.6,20.2,40.0,0,0.0,1,0.0,2,0.0,0.0,0.0,0.3,5.1,0.3,10.4,0.0,0.0,0.0,0,2020-2021,0
3933,Nikola Vucevic,C,30.56,70,33.5,69.8,29.3,7.926,156,0.843,956,0.513,440,0.399,0.559,23.4,11.7,18.6,3.8,21.3,0.92,0.69,12.1,0,2020-2021,0
3934,Dean Wade,F-C,24.49,63,19.2,40.1,12.9,8.4,39,0.769,98,0.571,213,0.366,0.573,6.0,3.4,9.9,1.2,8.9,0.54,0.33,6.0,0,2020-2021,0
3935,Moritz Wagner,F-C,24.06,45,16.0,33.4,18.0,17.236,87,0.753,138,0.498,91,0.33,0.552,6.8,3.2,11.6,1.1,10.6,0.58,0.4,7.4,0,2020-2021,0
3936,Lonnie Walker IV,G-F,22.42,60,25.4,52.8,20.2,9.2,70,0.814,327,0.477,282,0.355,0.523,11.2,2.6,5.4,1.7,9.6,0.48,0.25,5.8,0,2020-2021,0
3937,Kemba Walker,G,31.03,43,31.8,66.3,26.1,10.6,149,0.899,323,0.486,353,0.36,0.559,19.3,4.0,6.9,4.9,23.8,1.12,0.28,9.1,0,2020-2021,0
3938,John Wall,G,30.69,40,32.2,67.1,31.7,14.7,211,0.749,477,0.449,249,0.317,0.503,20.6,3.2,5.3,6.9,36.2,1.05,0.78,9.6,0,2020-2021,0
3939,Brad Wanamaker,G,31.81,61,17.3,36.0,16.8,16.918,101,0.892,214,0.455,85,0.181,0.486,5.5,1.7,5.3,2.8,22.3,0.69,0.18,6.9,0,2020-2021,0
3940,T.J. Warren,F,27.7,4,29.4,61.1,21.5,6.7,10,0.8,44,0.614,7,0.0,0.56,15.5,3.5,6.5,1.3,6.4,0.5,0.0,5.6,0,2020-2021,0
3941,P.J. Washington,F,22.73,64,30.5,63.6,19.4,14.6,145,0.745,397,0.479,290,0.386,0.549,12.9,6.5,11.6,2.5,12.2,1.09,1.23,7.8,0,2020-2021,0
3942,Yuta Watanabe,G-F,26.59,50,14.5,30.1,12.7,9.0,29,0.828,90,0.478,90,0.4,0.565,4.4,3.2,12.0,0.8,7.7,0.52,0.4,6.2,0,2020-2021,0
3943,Tremont Waters,G,23.35,26,9.1,19.0,21.5,22.8,17,0.941,46,0.413,38,0.395,0.541,3.8,0.8,4.9,2.4,36.4,0.58,0.04,8.5,0,2020-2021,0
3944,Paul Watson,G,26.38,27,11.0,22.9,13.8,9.5,8,0.625,18,0.444,64,0.469,0.649,4.1,1.7,8.3,0.6,8.2,0.19,0.11,5.9,0,2020-2021,0
3945,Quinndary Weatherspoon,G,24.68,20,6.1,12.6,18.7,19.2,16,0.813,29,0.517,6,0.167,0.547,2.3,0.6,4.8,0.4,9.0,0.4,0.1,5.4,0,2020-2021,0
3946,Russell Westbrook,G,32.51,65,36.4,75.9,30.3,18.0,413,0.656,965,0.475,273,0.315,0.509,22.2,11.5,16.8,11.7,48.6,1.35,0.35,15.8,0,2020-2021,1
3947,Coby White,G,21.25,69,31.2,65.1,22.5,13.9,142,0.901,448,0.473,454,0.359,0.54,15.1,4.1,7.3,4.8,21.8,0.55,0.22,8.6,0,2020-2021,0
3948,Derrick White,G,26.87,36,29.5,61.6,22.4,8.2,114,0.851,210,0.486,243,0.346,0.55,15.4,3.0,5.4,3.5,17.4,0.72,1.0,7.4,0,2020-2021,0
3949,Hassan Whiteside,C,31.93,36,15.2,31.6,23.5,13.4,79,0.519,223,0.565,1,0.0,0.566,8.1,6.0,21.9,0.6,5.6,0.25,1.28,8.1,0,2020-2021,0
3950,Greg Whittington,F,28.27,4,3.0,6.3,10.9,0.0,0,0.0,1,0.0,2,0.0,0.0,0.0,0.0,0.0,0.0,0.0,0.0,0.0,0.0,0,2020-2021,0
3951,Andrew Wiggins,F,26.23,71,33.3,69.4,23.3,9.7,238,0.714,690,0.529,368,0.38,0.568,18.6,4.9,7.8,2.4,10.9,0.93,0.99,7.2,0,2020-2021,0
3952,Robert Williams III,C-F,23.58,52,18.9,39.5,15.0,15.2,73,0.616,256,0.727,2,0.0,0.719,8.0,6.9,20.2,1.8,14.2,0.83,1.77,9.8,0,2020-2021,0
3953,Grant Williams,F,22.46,63,18.1,37.6,12.3,17.2,51,0.588,118,0.508,129,0.372,0.546,4.7,2.8,8.7,1.0,7.4,0.51,0.37,5.2,0,2020-2021,0
3954,Kenrich Williams,G-F,26.46,66,21.6,45.0,15.3,14.8,63,0.571,294,0.568,117,0.444,0.599,8.0,4.1,9.9,2.3,16.4,0.86,0.26,7.8,0,2020-2021,0
3955,Lou Williams,G,34.55,66,21.6,44.9,25.7,12.945,173,0.867,474,0.412,173,0.402,0.517,11.3,2.1,5.4,3.4,23.4,0.71,0.09,8.0,0,2020-2021,0
3956,Zion Williamson,F,20.86,61,33.2,69.2,29.8,11.6,529,0.698,1003,0.622,34,0.294,0.649,27.0,7.2,11.8,3.7,19.8,0.93,0.64,10.8,0,2020-2021,0
3957,Patrick Williams,F,19.72,71,27.9,58.2,14.9,14.4,125,0.728,390,0.515,138,0.391,0.562,9.2,4.6,9.1,1.4,6.7,0.9,0.65,5.6,0,2020-2021,0
3958,D.J. Wilson,F-C,25.24,35,12.4,25.8,19.7,10.634,25,0.629,81,0.456,87,0.345,0.508,5.2,3.2,13.6,0.7,7.4,0.31,0.45,7.1,0,2020-2021,0
3959,Dylan Windler,G-F,24.65,31,16.5,34.5,14.9,18.3,27,0.778,53,0.585,78,0.333,0.563,5.2,3.5,11.6,1.1,9.4,0.61,0.39,6.6,0,2020-2021,0
3960,Justise Winslow,F-G,25.14,26,19.5,40.6,21.9,14.1,35,0.571,156,0.41,54,0.185,0.395,6.8,4.5,12.3,1.9,13.3,0.58,0.46,7.9,0,2020-2021,0
3961,Cassius Winston,G,23.21,22,4.5,9.3,17.1,12.3,6,0.833,16,0.375,17,0.471,0.575,1.9,0.4,4.9,0.5,16.3,0.09,0.05,6.4,0,2020-2021,0
3962,James Wiseman,C,20.13,39,21.4,44.7,23.8,12.9,86,0.628,330,0.542,38,0.316,0.552,11.5,5.8,14.4,0.7,4.9,0.28,0.92,6.7,0,2020-2021,0
3963,Robert Woodard II,F,21.65,13,3.5,7.3,23.2,4.1,8,0.375,14,0.5,6,0.167,0.425,1.5,1.2,19.6,0.2,6.2,0.0,0.23,8.1,0,2020-2021,0
3964,Christian Wood,F,25.64,41,32.3,67.4,25.9,9.9,198,0.631,434,0.581,206,0.374,0.591,21.0,9.6,15.9,1.7,9.4,0.83,1.17,8.7,0,2020-2021,0
3965,Delon Wright,G,29.06,63,27.7,57.8,16.4,12.643,126,0.808,346,0.509,172,0.369,0.562,10.2,4.3,8.6,4.4,22.8,1.57,0.46,8.3,0,2020-2021,0
3966,Thaddeus Young,F,32.9,68,24.3,50.6,22.3,16.0,113,0.628,618,0.579,45,0.267,0.577,12.1,6.2,14.1,4.3,27.1,1.09,0.59,11.3,0,2020-2021,0
3967,Trae Young,G,22.66,63,33.7,70.3,33.0,16.2,546,0.886,715,0.491,397,0.343,0.589,25.3,3.9,6.3,9.4,45.5,0.84,0.17,11.6,0,2020-2021,0
3968,Cody Zeller,F-C,28.61,48,20.9,43.6,18.3,11.9,119,0.714,296,0.598,28,0.143,0.599,9.4,6.8,17.7,1.8,13.2,0.56,0.35,9.3,0,2020-2021,0
3969,Ivica Zubac,C,24.16,72,22.3,46.5,15.2,14.7,171,0.789,390,0.656,4,0.25,0.693,9.0,7.2,18.1,1.3,7.9,0.33,0.86,7.9,0,2020-2021,0
3970,Precious Achiuwa,F,22.56,73,23.6,49.2,18.5,11.3,131,0.595,447,0.468,156,0.359,0.503,9.1,6.5,14.9,1.1,6.9,0.51,0.56,6.8,0,2021-2022,0
3971,Steven Adams,C,28.73,76,26.3,54.8,12.0,19.6,199,0.543,383,0.548,1,0.0,0.56,6.9,10.0,19.9,3.4,16.1,0.87,0.79,9.4,0,2021-2022,0
3972,Bam Adebayo,C-F,24.73,56,32.6,67.9,25.0,14.4,340,0.753,723,0.562,6,0.0,0.608,19.1,10.1,17.5,3.4,17.5,1.43,0.79,10.7,0,2021-2022,0
3973,Santi Aldama,F-C,21.25,32,11.2,23.4,18.5,9.9,32,0.625,84,0.56,48,0.125,0.452,4.1,2.7,12.6,0.7,7.7,0.19,0.31,7.1,0,2021-2022,0
3974,LaMarcus Aldridge,C-F,36.73,47,22.3,46.5,22.4,8.0,102,0.873,412,0.578,46,0.304,0.604,12.9,5.5,13.4,0.9,6.3,0.3,1.0,7.2,0,2021-2022,0
3975,Nickeil Alexander-Walker,G,23.61,65,22.5,47.0,23.2,11.638,109,0.767,342,0.426,338,0.309,0.479,10.7,2.9,7.2,2.4,16.0,0.71,0.35,7.4,0,2021-2022,0
3976,Grayson Allen,G,26.51,66,27.3,57.0,15.2,6.7,74,0.865,180,0.533,389,0.409,0.609,11.1,3.4,6.5,1.5,7.6,0.7,0.27,5.6,0,2021-2022,0
3977,Jarrett Allen,C,23.97,56,32.3,67.3,18.1,12.7,233,0.708,535,0.688,10,0.1,0.698,16.1,10.7,18.4,1.6,8.2,0.77,1.34,8.1,0,2021-2022,0
3978,Jose Alvarado,G,24.0,54,15.4,32.2,18.4,11.2,53,0.679,184,0.538,110,0.291,0.52,6.1,1.9,6.6,2.8,26.9,1.31,0.13,8.3,0,2021-2022,0
3979,Justin Anderson,F-G,28.39,16,19.7,41.2,14.9,8.062,19,0.791,36,0.642,59,0.262,0.511,6.3,2.9,8.1,2.1,14.3,0.5,0.37,6.8,0,2021-2022,0
3980,Kyle Anderson,F-G,28.56,69,21.5,44.8,16.2,12.1,105,0.638,360,0.481,109,0.33,0.506,7.6,5.3,12.9,2.7,16.2,1.12,0.67,8.9,0,2021-2022,0
3981,Giannis Antetokounmpo,F,27.35,67,32.9,68.5,34.9,12.2,766,0.722,1003,0.616,242,0.293,0.633,29.9,11.6,18.7,5.8,31.7,1.07,1.36,15.3,1,2021-2022,1
3982,Thanasis Antetokounmpo,F,29.73,48,9.9,20.5,15.7,14.9,46,0.63,114,0.596,14,0.143,0.577,3.6,2.1,11.3,0.5,6.5,0.33,0.25,6.3,0,2021-2022,0
3983,Carmelo Anthony,F,37.87,69,26.0,54.1,20.4,6.9,159,0.83,326,0.521,397,0.375,0.579,13.3,4.2,8.6,1.0,5.6,0.68,0.75,5.9,0,2021-2022,0
3984,Cole Anthony,G,21.9,65,31.7,66.0,25.1,14.2,253,0.854,521,0.432,391,0.338,0.519,16.3,5.4,8.9,5.7,28.9,0.71,0.26,10.0,0,2021-2022,0
3985,OG Anunoby,F,24.74,48,36.0,75.0,20.5,9.7,118,0.754,380,0.511,317,0.363,0.549,17.1,5.5,8.3,2.6,11.0,1.48,0.52,6.9,0,2021-2022,0
3986,Ryan Arcidiacono,G,28.04,10,7.6,15.9,8.6,20.0,0,0.0,3,0.667,9,0.444,0.667,1.6,0.8,5.6,0.4,7.5,0.1,0.0,4.2,0,2021-2022,0
3987,Trevor Ariza,F,36.78,24,19.3,40.1,11.0,9.3,18,0.556,25,0.52,74,0.27,0.449,4.0,3.4,9.5,1.1,7.5,0.5,0.25,5.1,0,2021-2022,0
3988,D.J. Augustin,G,34.42,55,16.1,33.5,14.5,18.333,43,0.918,58,0.46,164,0.414,0.611,5.4,1.2,4.2,2.0,17.2,0.31,0.02,5.9,0,2021-2022,0
3989,Deni Avdija,F,21.27,82,24.2,50.4,16.3,12.0,136,0.757,320,0.525,259,0.317,0.536,8.4,5.2,11.8,2.0,11.8,0.72,0.54,7.3,0,2021-2022,0
3990,Joel Ayayi,G,22.1,7,2.9,6.0,13.2,0.0,0,0.0,5,0.2,1,0.0,0.167,0.3,0.4,8.2,0.6,25.1,0.0,0.0,5.7,0,2021-2022,0
3991,Deandre Ayton,C,23.72,58,29.5,61.5,21.4,10.7,142,0.746,678,0.642,19,0.368,0.656,17.2,10.2,18.5,1.4,7.6,0.69,0.69,8.5,0,2021-2022,0
3992,Udoka Azubuike,C-F,22.57,17,11.5,23.9,14.7,18.2,11,0.545,49,0.755,0,0.0,0.743,4.7,4.2,19.9,0.0,0.0,0.06,0.65,0.0,0,2021-2022,0
3993,Marvin Bagley III,F,23.08,48,23.9,49.8,19.7,7.338,101,0.688,349,0.57,97,0.237,0.545,11.3,7.0,16.2,0.8,5.0,0.46,0.38,6.6,0,2021-2022,0
3994,LaMelo Ball,G,20.64,75,32.3,67.3,28.2,15.3,243,0.872,689,0.462,565,0.389,0.554,20.1,6.7,11.0,7.6,35.7,1.57,0.4,12.5,0,2021-2022,0
3995,Lonzo Ball,G,24.46,35,34.6,72.2,17.3,17.2,28,0.75,123,0.423,260,0.423,0.575,13.0,5.4,8.8,5.1,20.0,1.83,0.89,8.2,0,2021-2022,0
3996,Mo Bamba,C,23.92,71,25.7,53.5,17.2,10.5,73,0.781,337,0.561,281,0.381,0.581,10.6,8.1,16.6,1.2,7.4,0.54,1.68,7.3,0,2021-2022,0
3997,Desmond Bane,G,23.8,76,29.8,62.1,23.1,8.7,155,0.903,578,0.484,523,0.436,0.592,18.2,4.4,7.7,2.7,13.5,1.21,0.38,8.1,0,2021-2022,0
3998,Dalano Banton,F,22.43,64,10.9,22.6,16.9,19.3,44,0.591,151,0.464,51,0.255,0.463,3.2,1.9,9.7,1.5,19.8,0.42,0.16,7.7,0,2021-2022,0
3999,Cat Barber,G,20.0,3,4.3,8.9,23.1,14.8,4,0.0,4,0.0,0,0.0,0.0,0.0,1.0,12.8,1.0,27.2,0.0,0.0,0.0,0,2021-2022,0
4000,Harrison Barnes,F,29.86,77,33.6,70.0,18.8,10.5,413,0.826,473,0.526,360,0.394,0.623,16.4,5.6,9.0,2.4,10.5,0.69,0.18,7.2,0,2021-2022,0
4001,Scottie Barnes,F,20.69,74,35.4,73.7,19.0,11.7,215,0.735,739,0.543,193,0.301,0.552,15.3,7.5,11.5,3.5,14.7,1.08,0.74,8.3,0,2021-2022,0
4002,RJ Barrett,F-G,21.82,70,34.5,71.9,27.6,9.9,406,0.714,790,0.442,404,0.342,0.511,20.0,5.8,9.0,3.0,14.9,0.61,0.23,8.2,0,2021-2022,0
4003,Will Barton,G,31.26,71,32.1,66.8,20.8,11.8,127,0.803,466,0.504,430,0.365,0.548,14.7,4.8,8.3,3.9,17.6,0.77,0.44,8.1,0,2021-2022,0
4004,Charles Bassey,C-F,21.45,23,7.3,15.2,16.1,13.3,12,0.75,43,0.698,4,0.0,0.66,3.0,2.7,20.6,0.3,6.5,0.22,0.74,7.4,0,2021-2022,0
4005,Paris Bass,F,26.62,2,3.7,7.7,51.7,22.5,2,1.0,4,0.5,2,0.0,0.436,3.0,2.0,28.9,0.0,0.0,0.5,0.0,0.0,0,2021-2022,0
4006,Keita Bates-Diop,F,26.21,59,16.2,33.8,14.8,13.4,61,0.754,208,0.572,55,0.309,0.578,5.7,3.9,12.7,0.7,5.7,0.44,0.24,6.2,0,2021-2022,0
4007,Nicolas Batum,G-F,33.32,59,24.8,51.6,13.3,9.0,38,0.658,117,0.607,270,0.4,0.608,8.3,4.3,9.1,1.7,9.7,1.0,0.71,6.3,0,2021-2022,0
4008,Kent Bazemore,G-F,32.78,39,14.0,29.1,13.2,12.5,17,0.765,59,0.271,80,0.363,0.451,3.4,1.8,6.8,0.9,8.1,0.64,0.23,5.0,0,2021-2022,0
4009,Darius Bazley,F-G,21.83,69,27.9,58.1,18.3,11.1,170,0.688,380,0.511,269,0.297,0.515,10.8,6.3,11.6,1.4,7.7,0.84,1.01,6.5,0,2021-2022,0
4010,Bradley Beal,G,28.79,40,36.0,74.9,30.8,13.6,203,0.833,561,0.508,210,0.3,0.539,23.2,4.7,7.3,6.6,30.8,0.9,0.38,10.0,0,2021-2022,1
4011,Malik Beasley,G,25.37,79,25.0,52.1,19.4,4.7,60,0.817,213,0.432,637,0.377,0.544,12.1,2.9,6.1,1.5,8.5,0.54,0.15,6.0,0,2021-2022,0
4012,Jordan Bell,F,27.26,1,2.0,4.2,0.0,0.0,0,0.0,0,0.0,0,0.0,0.0,0.0,1.0,28.1,0.0,0.0,1.0,0.0,0.0,0,2021-2022,0
4013,DeAndre' Bembry,G-F,27.77,56,18.3,38.2,10.7,11.529,35,0.514,185,0.567,36,0.357,0.576,5.1,2.9,8.5,1.2,8.6,0.88,0.45,5.5,0,2021-2022,0
4014,Davis Bertans,F,29.41,56,14.4,30.0,17.2,6.039,40,0.881,45,0.49,230,0.335,0.532,5.5,2.1,8.0,0.6,5.5,0.3,0.22,5.2,0,2021-2022,0
4015,Patrick Beverley,G,33.75,58,25.4,53.0,16.1,12.9,133,0.722,194,0.485,242,0.343,0.539,9.2,4.1,8.7,4.6,24.5,1.16,0.9,8.8,0,2021-2022,0
4016,Saddiq Bey,F,23.01,82,33.0,68.7,21.3,7.1,254,0.827,526,0.454,610,0.346,0.529,16.1,5.4,8.8,2.8,13.8,0.89,0.2,7.6,0,2021-2022,0
4017,Khem Birch,C,29.53,55,18.0,37.5,11.2,11.1,71,0.746,186,0.522,14,0.0,0.534,4.5,4.3,13.1,1.0,7.6,0.55,0.47,6.0,0,2021-2022,0
4018,Goga Bitadze,C-F,22.73,50,14.6,30.4,19.9,13.6,94,0.681,172,0.628,80,0.288,0.595,7.0,3.5,13.5,1.1,11.2,0.42,0.84,8.2,0,2021-2022,0
4019,Bismack Biyombo,C,29.62,36,14.1,29.3,17.1,12.4,71,0.535,145,0.593,0,0.0,0.596,5.8,4.6,17.7,0.6,6.2,0.33,0.72,7.1,0,2021-2022,0
4020,Nemanja Bjelica,F,33.92,71,16.1,33.5,17.8,18.7,81,0.728,193,0.549,149,0.362,0.573,6.1,4.2,14.0,2.2,19.8,0.59,0.37,9.5,0,2021-2022,0
4021,Eric Bledsoe,G,32.34,54,25.2,52.5,20.5,18.3,117,0.761,305,0.479,163,0.313,0.514,9.9,3.4,7.0,4.2,24.1,1.28,0.35,8.3,0,2021-2022,0
4022,Keljin Blevins,G,26.38,31,11.3,23.5,16.5,12.8,11,0.545,39,0.333,72,0.292,0.41,3.1,1.5,7.1,0.6,8.1,0.42,0.03,5.0,0,2021-2022,0
4023,Bojan Bogdanovic,F,32.98,69,30.9,64.4,23.7,10.1,260,0.858,461,0.523,468,0.387,0.598,18.1,4.3,7.6,1.7,8.7,0.49,0.01,6.6,0,2021-2022,0
4024,Bogdan Bogdanovic,G,29.64,63,29.3,61.1,21.6,7.7,115,0.843,335,0.516,459,0.368,0.562,15.1,4.0,7.4,3.1,15.5,1.08,0.22,7.8,0,2021-2022,0
4025,Bol Bol,C-F,22.4,13,6.2,12.9,17.6,12.4,3,0.667,23,0.609,4,0.25,0.583,2.5,1.5,13.8,0.4,9.1,0.08,0.15,7.4,0,2021-2022,0
4026,Leandro Bolmaro,F,21.58,35,6.9,14.3,12.6,17.9,13,0.846,36,0.333,18,0.278,0.419,1.4,1.2,9.5,0.6,11.0,0.17,0.0,5.8,0,2021-2022,0
4027,Isaac Bonga,G,22.42,15,4.6,9.5,11.5,10.8,8,0.625,9,0.222,4,0.25,0.363,0.8,0.5,5.5,0.3,7.3,0.53,0.13,4.3,0,2021-2022,0
4028,Devin Booker,G,25.44,68,34.5,71.8,32.0,9.3,363,0.868,943,0.508,478,0.383,0.576,26.8,5.0,7.8,4.8,22.4,1.13,0.38,10.0,1,2021-2022,0
4029,Brandon Boston Jr.,G,20.37,51,14.9,31.1,22.4,8.0,72,0.819,214,0.425,111,0.306,0.481,6.7,2.2,7.6,1.0,10.1,0.51,0.25,6.6,0,2021-2022,0
4030,Chris Boucher,F-C,29.25,80,21.1,44.0,17.8,6.1,193,0.777,348,0.575,229,0.297,0.57,9.4,6.2,15.8,0.3,2.2,0.6,0.94,4.9,0,2021-2022,0
4031,James Bouknight,G,21.56,31,9.8,20.5,23.7,8.8,31,0.871,92,0.348,49,0.347,0.459,4.6,1.7,9.0,0.8,11.8,0.23,0.03,7.5,0,2021-2022,0
4032,Avery Bradley,G,31.37,62,22.7,47.2,12.1,9.6,18,0.889,140,0.471,210,0.39,0.55,6.4,2.2,5.2,0.8,4.5,0.87,0.15,4.0,0,2021-2022,0
4033,Tony Bradley,C-F,24.26,55,10.0,20.8,13.6,20.0,29,0.655,123,0.585,0,0.0,0.6,3.0,3.4,19.1,0.5,6.7,0.2,0.6,6.9,0,2021-2022,0
4034,Ignas Brazdeikis,F,23.26,42,12.8,26.6,17.7,7.8,32,0.656,101,0.535,87,0.31,0.52,5.0,1.7,7.1,0.9,10.8,0.24,0.07,6.2,0,2021-2022,0
4035,Miles Bridges,F,24.06,80,35.5,73.9,22.6,9.9,333,0.802,748,0.59,464,0.332,0.593,20.1,7.0,10.4,3.8,15.7,0.93,0.84,9.1,0,2021-2022,0
4036,Mikal Bridges,F,25.61,82,34.8,72.5,15.0,6.8,157,0.834,546,0.628,311,0.37,0.627,14.2,4.2,6.5,2.3,8.7,1.17,0.44,5.9,0,2021-2022,0
4037,Oshae Brissett,F-G,23.81,67,23.3,48.6,17.3,8.5,164,0.695,269,0.465,237,0.35,0.53,9.1,5.3,12.8,1.1,6.4,0.64,0.43,6.5,0,2021-2022,0
4038,Malcolm Brogdon,G,29.33,36,33.5,69.8,24.6,11.1,167,0.856,357,0.518,186,0.312,0.557,19.1,5.1,8.6,5.9,26.9,0.86,0.39,9.9,0,2021-2022,0
4039,Armoni Brooks,G,23.85,54,15.6,32.6,16.1,8.389,21,0.88,40,0.58,249,0.295,0.477,5.3,1.9,6.7,1.2,10.5,0.52,0.21,5.8,0,2021-2022,0
4040,Dillon Brooks,G-F,26.22,32,27.7,57.6,28.8,8.0,106,0.849,377,0.48,149,0.309,0.515,18.4,3.2,6.0,2.8,15.4,1.13,0.25,7.9,0,2021-2022,0
4041,Chaundee Brown Jr.,G,23.35,5,20.7,43.2,15.4,5.0,6,0.5,14,0.28,18,0.24,0.372,6.2,3.2,7.6,0.8,3.8,0.4,0.0,3.4,0,2021-2022,0
4042,Charlie Brown Jr.,G,24.19,22,8.0,16.8,12.4,9.932,10,0.777,27,0.345,12,0.096,0.343,1.4,1.4,9.7,0.3,4.7,0.45,0.18,4.0,0,2021-2022,0
4043,Greg Brown III,F,20.61,48,13.3,27.8,17.2,14.1,65,0.677,129,0.481,61,0.311,0.515,4.7,2.8,11.6,0.7,8.1,0.52,0.5,6.3,0,2021-2022,0
4044,Troy Brown Jr.,G-F,22.7,66,16.0,33.3,12.3,8.8,26,0.769,125,0.488,133,0.353,0.525,4.3,3.1,10.8,1.0,8.2,0.53,0.08,5.9,0,2021-2022,0
4045,Bruce Brown,G-F,25.65,72,24.6,51.3,15.0,9.1,128,0.758,412,0.529,94,0.404,0.575,9.0,4.8,10.6,2.1,11.5,1.07,0.72,7.3,0,2021-2022,0
4046,Jaylen Brown,G-F,25.46,66,33.6,70.1,30.5,11.6,318,0.758,753,0.544,464,0.358,0.574,23.6,6.1,9.8,3.5,17.9,1.05,0.27,9.5,0,2021-2022,0
4047,Moses Brown,C,22.49,40,8.6,17.9,21.1,13.715,72,0.601,108,0.574,0,0.0,0.605,4.3,3.4,21.2,0.0,0.6,0.18,0.43,0.0,0,2021-2022,0
4048,Sterling Brown,G-F,27.16,49,12.8,26.7,13.2,12.5,15,0.933,63,0.492,92,0.304,0.495,3.3,3.0,13.2,0.7,7.5,0.29,0.14,6.0,0,2021-2022,0
4049,Jalen Brunson,G,25.61,79,31.9,66.6,21.9,10.1,213,0.84,756,0.545,252,0.373,0.583,16.3,3.9,6.8,4.8,24.3,0.84,0.04,8.4,0,2021-2022,0
4050,Thomas Bryant,C-F,24.7,27,16.3,33.9,18.7,10.3,40,0.875,106,0.613,42,0.286,0.607,7.4,4.0,13.6,0.9,7.9,0.22,0.78,7.3,0,2021-2022,0
4051,Shaq Buchanan,G,20.0,2,4.9,10.2,25.1,33.3,0,0.0,2,0.5,2,0.0,0.25,1.0,1.0,10.6,1.0,25.5,0.5,0.0,8.2,0,2021-2022,0
4052,Reggie Bullock,G-F,31.07,68,28.0,58.3,13.3,7.1,48,0.833,109,0.55,392,0.36,0.558,8.6,3.5,7.0,1.2,6.1,0.6,0.21,4.7,0,2021-2022,0
4053,Trey Burke,G,29.41,42,10.5,21.9,25.6,10.4,23,0.87,133,0.436,82,0.317,0.475,5.1,0.8,4.2,1.4,20.7,0.29,0.0,6.8,0,2021-2022,0
4054,Alec Burks,G,30.73,81,28.6,59.6,17.7,9.7,264,0.822,339,0.378,389,0.404,0.559,11.7,4.9,9.1,3.0,15.7,1.05,0.32,7.8,0,2021-2022,0
4055,Jared Butler,G,21.63,42,8.6,17.8,23.1,17.3,16,0.688,63,0.524,88,0.318,0.509,3.8,1.1,6.8,1.5,26.0,0.4,0.19,8.6,0,2021-2022,0
4056,Jimmy Butler,F,32.57,57,33.9,70.6,26.5,10.5,455,0.87,714,0.52,116,0.233,0.592,21.4,5.9,9.9,5.5,26.4,1.65,0.47,10.4,0,2021-2022,1
4057,Devontae Cacok,F,25.51,15,8.1,16.8,12.9,8.1,7,0.571,31,0.677,0,0.0,0.675,3.1,2.8,18.2,0.4,6.9,0.53,0.47,7.5,0,2021-2022,0
4058,Kentavious Caldwell-Pope,G,29.14,77,30.2,63.0,19.0,9.8,154,0.89,422,0.479,408,0.39,0.567,13.2,3.4,6.2,1.9,9.1,1.08,0.34,5.8,0,2021-2022,0
4059,Facundo Campazzo,G,31.05,65,18.2,38.0,14.7,16.9,78,0.769,103,0.476,193,0.301,0.503,5.1,1.8,5.5,3.4,24.1,0.97,0.35,6.9,0,2021-2022,0
4060,Vlatko Cancar,F,25.0,15,11.8,24.5,14.0,16.0,14,0.643,29,0.552,12,0.583,0.657,4.1,2.1,9.8,1.1,13.2,0.13,0.2,7.2,0,2021-2022,0
4061,Devin Cannady,G,25.89,5,28.9,60.2,15.6,9.6,7,0.714,7,0.0,37,0.405,0.531,10.0,1.2,2.2,2.0,10.0,1.0,0.6,4.0,0,2021-2022,0
4062,Clint Capela,C,27.9,74,27.6,57.5,15.5,6.1,169,0.473,603,0.614,1,0.0,0.604,11.1,11.9,23.5,1.2,6.6,0.76,1.26,7.8,0,2021-2022,0
4063,Vernon Carey Jr.,F-C,21.12,7,6.3,13.2,21.3,13.243,13,0.553,13,0.53,0,0.0,0.537,2.9,1.7,15.1,0.0,0.0,0.28,0.14,0.0,0,2021-2022,0
4064,Wendell Carter Jr.,C-F,22.99,62,29.9,62.2,20.9,13.1,207,0.691,470,0.615,214,0.327,0.601,15.0,10.4,18.4,2.8,15.4,0.58,0.69,10.2,0,2021-2022,0
4065,Jevon Carter,G,26.57,66,13.7,28.6,14.4,11.518,18,0.791,83,0.372,170,0.4,0.528,4.2,1.7,6.6,1.5,13.3,0.36,0.21,6.2,0,2021-2022,0
4066,Alex Caruso,G,28.12,41,28.0,58.3,13.3,16.5,73,0.795,130,0.462,126,0.333,0.528,7.4,3.6,7.3,4.0,18.5,1.73,0.37,6.8,0,2021-2022,0
4067,Willie Cauley-Stein,C,28.65,20,9.1,19.0,9.8,14.67,2,0.45,33,0.409,2,0.45,0.427,1.7,2.0,12.7,0.5,8.4,0.3,0.15,4.6,0,2021-2022,0
4068,Ahmad Caver,G,20.0,1,0.9,1.9,47.5,0.0,0,0.0,1,1.0,0,0.0,1.0,2.0,0.0,0.0,0.0,0.0,0.0,0.0,0.0,0,2021-2022,0
4069,Justin Champagnie,G-F,20.78,36,7.8,16.3,12.0,10.1,9,1.0,39,0.538,28,0.357,0.571,2.3,2.0,13.9,0.3,5.4,0.22,0.11,5.7,0,2021-2022,0
4070,Zylan Cheatham,F,26.4,1,5.2,10.8,25.1,0.0,0,0.0,1,0.0,2,0.0,0.0,0.0,0.0,0.0,0.0,0.0,0.0,0.0,0.0,0,2021-2022,0
4071,Chris Chiozza,G,26.39,34,10.9,22.8,13.4,28.0,3,0.667,28,0.25,53,0.321,0.407,2.0,1.1,5.2,1.9,22.5,0.38,0.0,5.9,0,2021-2022,0
4072,Marquese Chriss,F,24.78,34,10.2,21.2,21.6,10.3,33,0.667,109,0.495,25,0.32,0.518,4.5,3.0,16.6,0.5,7.7,0.38,0.35,7.4,0,2021-2022,0
4073,Josh Christopher,G,20.34,74,18.0,37.5,21.1,17.2,113,0.735,311,0.54,189,0.296,0.534,7.9,2.5,7.6,2.0,17.3,0.91,0.18,7.6,0,2021-2022,0
4074,Brandon Clarke,F,25.56,64,19.5,40.6,17.7,6.3,130,0.654,425,0.666,22,0.227,0.66,10.4,5.3,14.3,1.3,10.3,0.59,1.06,8.5,0,2021-2022,0
4075,Gary Clark,F,27.4,38,10.0,20.7,11.5,9.9,10,0.7,18,0.278,69,0.406,0.553,2.7,2.4,13.2,0.5,6.4,0.34,0.18,5.9,0,2021-2022,0
4076,Jordan Clarkson,G,29.84,79,27.1,56.5,26.8,9.8,174,0.828,516,0.535,597,0.318,0.532,16.0,3.5,7.0,2.5,14.5,0.84,0.2,7.7,0,2021-2022,0
4077,Nic Claxton,F-C,22.98,47,20.7,43.2,15.1,11.1,93,0.581,264,0.674,0,0.0,0.672,8.7,5.6,14.8,0.9,6.4,0.51,1.09,6.8,0,2021-2022,0
4078,Amir Coffey,G-F,24.82,69,22.7,47.3,15.8,8.0,117,0.863,212,0.542,254,0.378,0.598,9.0,2.9,6.6,1.8,11.4,0.55,0.22,6.4,0,2021-2022,0
4079,John Collins,F-C,24.55,54,30.8,64.1,20.5,7.7,169,0.793,468,0.588,176,0.364,0.61,16.2,7.8,13.9,1.8,8.9,0.61,1.04,7.9,0,2021-2022,0
4080,Zach Collins,F-C,24.39,28,17.9,37.4,19.2,19.7,65,0.8,114,0.544,41,0.341,0.594,7.8,5.5,16.0,2.2,16.3,0.5,0.79,10.2,0,2021-2022,0
4081,Darren Collison,G,34.63,3,12.4,25.8,9.3,12.5,0,0.0,4,0.5,3,0.0,0.286,1.3,1.3,5.8,0.7,6.7,0.33,0.0,3.4,0,2021-2022,0
4082,Mike Conley,G,34.5,72,28.6,59.6,20.9,12.5,162,0.796,377,0.464,414,0.408,0.572,13.7,3.0,5.8,5.3,27.7,1.33,0.29,8.4,0,2021-2022,0
4083,Pat Connaughton,G,29.26,65,26.0,54.2,14.0,6.3,54,0.833,126,0.643,370,0.395,0.62,9.9,4.2,8.6,1.3,6.6,0.89,0.23,5.8,0,2021-2022,0
4084,Tyler Cook,F,24.55,20,10.0,20.8,13.0,11.8,32,0.656,38,0.605,0,0.0,0.643,3.4,2.7,14.9,0.2,2.0,0.2,0.2,4.9,0,2021-2022,0
4085,Sharife Cooper,G,20.83,13,3.0,6.2,21.5,26.3,0,0.0,8,0.25,6,0.167,0.25,0.5,0.4,7.1,0.4,16.5,0.0,0.0,5.7,0,2021-2022,0
4086,Petr Cornelie,F,26.71,13,2.9,6.1,24.0,19.3,4,0.75,7,0.571,8,0.125,0.418,1.1,1.1,20.6,0.2,10.8,0.08,0.08,8.6,0,2021-2022,0
4087,DeMarcus Cousins,C,31.66,48,15.0,31.1,28.5,17.963,125,0.764,202,0.555,122,0.305,0.567,9.0,5.6,20.8,1.5,15.6,0.73,0.44,11.4,0,2021-2022,0
4088,Robert Covington,F,31.32,71,27.3,56.9,13.8,12.451,69,0.838,159,0.508,339,0.378,0.57,8.5,5.5,11.0,1.3,6.8,1.44,1.28,5.8,0,2021-2022,0
4089,Torrey Craig,F,31.31,78,20.5,42.6,14.3,12.535,52,0.748,207,0.597,234,0.33,0.556,6.6,4.0,10.7,1.1,7.6,0.59,0.46,6.0,0,2021-2022,0
4090,Jae Crowder,F,31.77,67,28.1,58.6,14.6,8.6,90,0.789,179,0.503,365,0.348,0.541,9.4,5.3,10.1,1.9,8.3,1.42,0.45,6.5,0,2021-2022,0
4091,Jarrett Culver,G-F,23.14,37,9.1,19.0,20.6,11.8,34,0.471,88,0.443,47,0.255,0.433,3.5,1.3,7.4,0.9,13.0,0.54,0.14,7.0,0,2021-2022,0
4092,Jarron Cumberland,G,24.55,3,4.1,8.5,7.0,0.0,0,0.0,1,1.0,1,0.0,0.5,0.7,1.0,13.4,0.3,11.3,0.0,0.0,5.8,0,2021-2022,0
4093,Cade Cunningham,G,20.54,64,32.6,68.0,27.5,17.5,168,0.845,668,0.472,363,0.314,0.504,17.4,5.5,9.2,5.6,29.1,1.22,0.67,10.0,0,2021-2022,0
4094,Seth Curry,G,31.63,64,33.3,69.5,18.5,12.169,94,0.871,365,0.551,374,0.42,0.615,15.0,3.2,5.2,3.6,16.2,0.84,0.22,6.6,0,2021-2022,0
4095,Stephen Curry,G,34.07,64,34.6,72.0,30.8,13.2,298,0.923,474,0.527,750,0.38,0.601,25.5,5.2,8.2,6.3,30.4,1.33,0.36,10.9,1,2021-2022,1
4096,Anthony Davis,F-C,29.09,40,35.1,73.1,27.1,9.3,244,0.713,625,0.571,70,0.186,0.578,23.2,9.9,15.0,3.1,14.7,1.23,2.25,10.2,0,2021-2022,0
4097,Ed Davis,C-F,32.85,31,6.5,13.5,6.0,18.4,14,0.429,16,0.688,0,0.0,0.632,0.9,2.1,17.6,0.2,4.5,0.1,0.29,4.4,0,2021-2022,0
4098,Terence Davis,G,24.9,30,17.9,37.2,25.6,10.3,44,0.818,118,0.542,149,0.329,0.543,10.4,3.1,9.5,1.3,11.9,0.83,0.37,7.8,0,2021-2022,0
4099,Gabriel Deck,F,27.17,7,7.9,16.5,12.4,12.5,0,0.0,10,0.6,4,0.5,0.643,2.6,0.9,5.5,0.7,13.9,0.14,0.0,6.0,0,2021-2022,0
4100,Dewayne Dedmon,C,32.66,67,15.9,33.1,16.9,17.3,100,0.75,243,0.597,47,0.404,0.632,6.3,5.7,20.5,0.7,6.7,0.36,0.63,7.4,0,2021-2022,0
4101,Sam Dekker,F,27.93,1,0.9,1.9,0.0,0.0,0,0.0,0,0.0,0,0.0,0.0,0.0,0.0,0.0,0.0,0.0,0.0,0.0,0.0,0,2021-2022,0
4102,Javin DeLaurier,C,20.0,1,2.8,5.8,0.0,0.0,0,0.0,0,0.0,0,0.0,0.0,0.0,1.0,18.9,0.0,0.0,1.0,0.0,0.0,0,2021-2022,0
4103,DeMar DeRozan,G-F,32.68,76,36.1,75.2,31.8,9.2,593,0.877,1393,0.52,142,0.352,0.59,27.9,5.2,8.0,4.9,23.3,0.89,0.32,9.9,1,2021-2022,0
4104,Mamadi Diakite,F,25.22,13,14.4,30.1,13.3,10.4,11,0.545,42,0.595,5,0.0,0.54,4.3,4.5,15.9,0.2,1.6,0.38,0.69,4.4,0,2021-2022,0
4105,Cheick Diallo,F-C,25.57,3,10.2,21.3,16.3,8.6,6,0.833,8,0.375,0,0.0,0.517,3.7,4.0,21.2,0.0,0.0,0.33,0.0,0.0,0,2021-2022,0
4106,Hamidou Diallo,G,23.7,58,21.9,45.6,21.8,9.0,140,0.65,433,0.55,93,0.247,0.541,11.0,4.8,11.8,1.3,9.8,1.22,0.29,7.5,0,2021-2022,0
4107,Gorgui Dieng,C,32.23,44,8.4,17.6,16.9,13.9,26,0.731,44,0.545,68,0.426,0.624,3.5,2.8,17.8,0.8,12.7,0.25,0.3,9.5,0,2021-2022,0
4108,Spencer Dinwiddie,G,29.01,67,29.5,61.6,21.4,10.913,252,0.781,405,0.479,330,0.342,0.543,13.7,4.2,7.8,5.1,25.6,0.65,0.19,8.9,0,2021-2022,0
4109,Donte DiVincenzo,G,25.19,42,24.0,49.9,19.0,16.331,83,0.844,118,0.374,218,0.334,0.507,9.0,4.0,9.1,2.8,15.6,1.14,0.19,7.7,0,2021-2022,0
4110,Luka Doncic,F-G,23.12,65,35.4,73.7,37.4,15.3,489,0.744,834,0.528,569,0.353,0.571,28.4,9.1,14.3,8.7,46.0,1.15,0.55,14.8,1,2021-2022,1
4111,Luguentz Dort,G,22.98,51,32.7,68.0,23.3,9.8,191,0.843,335,0.487,391,0.332,0.541,17.2,4.2,6.5,1.7,8.6,0.9,0.35,6.1,0,2021-2022,0
4112,Ayo Dosunmu,G,22.23,77,27.4,57.1,14.1,15.9,78,0.679,349,0.596,186,0.376,0.596,8.8,2.8,5.7,3.3,16.5,0.79,0.38,6.3,0,2021-2022,0
4113,Damyean Dotson,G,27.93,2,10.3,21.5,8.5,0.0,0,0.0,3,0.667,1,0.0,0.5,2.0,1.0,5.2,0.5,7.1,0.0,0.0,3.9,0,2021-2022,0
4114,Devon Dotson,G,22.69,11,7.7,16.1,16.5,15.6,9,0.556,14,0.643,9,0.222,0.538,2.6,0.8,5.9,1.4,23.9,0.09,0.0,7.4,0,2021-2022,0
4115,Sekou Doumbouya,F,21.3,2,8.2,17.1,30.9,17.0,4,0.75,6,0.667,2,0.5,0.717,7.0,3.0,19.6,0.0,0.0,1.5,1.0,0.0,0,2021-2022,0
4116,Jeff Dowtin,G,24.92,9,12.0,25.0,12.4,13.822,2,0.444,17,0.415,9,0.064,0.368,2.1,2.0,9.4,1.1,12.1,0.56,0.11,5.7,0,2021-2022,0
4117,P.J. Dozier,G-F,25.46,18,18.9,39.4,15.2,11.0,13,0.769,51,0.412,48,0.313,0.463,5.4,3.5,10.3,1.6,11.3,0.61,0.33,6.6,0,2021-2022,0
4118,Goran Dragic,G,35.93,21,23.7,49.4,17.4,16.29,33,0.801,88,0.466,63,0.255,0.475,7.5,3.1,7.2,4.1,22.2,0.91,0.19,7.6,0,2021-2022,0
4119,Andre Drummond,C,28.67,73,19.7,41.0,18.9,19.474,164,0.52,430,0.565,3,0.0,0.566,8.0,9.3,26.3,1.8,14.0,1.07,0.95,10.2,0,2021-2022,0
4120,Chris Duarte,G,24.83,55,28.0,58.4,21.1,11.8,112,0.804,366,0.475,255,0.369,0.537,13.1,4.1,8.2,2.1,10.9,1.02,0.18,6.9,0,2021-2022,0
4121,David Duke Jr.,G,22.49,22,15.5,32.3,15.9,7.1,21,0.81,71,0.423,37,0.243,0.444,4.7,3.0,10.7,0.8,6.6,0.64,0.32,5.8,0,2021-2022,0
4122,Kris Dunn,G,28.07,14,24.0,50.1,18.3,22.5,18,0.944,91,0.473,11,0.091,0.482,7.6,3.5,8.0,5.6,35.0,1.64,0.21,8.8,0,2021-2022,0
4123,Kevin Durant,F,33.53,55,37.2,77.6,31.2,12.9,409,0.91,815,0.568,300,0.383,0.634,29.9,7.4,10.8,6.4,29.1,0.87,0.95,12.1,1,2021-2022,0
4124,Jaime Echenique,C,24.96,1,3.1,6.5,0.0,0.0,0,0.0,0,0.0,0,0.0,0.0,0.0,0.0,0.0,0.0,0.0,0.0,0.0,0.0,0,2021-2022,0
4125,Anthony Edwards,G,20.68,72,34.3,71.4,26.4,12.3,280,0.786,642,0.52,602,0.357,0.561,21.3,4.8,7.4,3.8,17.4,1.46,0.64,8.5,0,2021-2022,0
4126,Carsen Edwards,G,24.08,4,19.8,41.3,19.2,14.1,1,1.0,14,0.357,16,0.25,0.378,5.8,1.5,4.1,3.5,26.1,0.5,0.0,6.3,0,2021-2022,0
4127,Kessler Edwards,F,21.67,48,20.6,42.9,13.8,13.2,19,0.842,131,0.473,136,0.353,0.516,5.9,3.6,9.5,0.6,4.1,0.6,0.5,4.5,0,2021-2022,0
4128,Rob Edwards,G,25.22,2,5.5,11.4,19.8,20.0,0,0.0,0,0.0,4,0.25,0.375,1.5,1.5,14.1,0.0,0.0,0.0,0.0,0.0,0,2021-2022,0
4129,CJ Elleby,F-G,21.82,58,20.2,42.2,14.8,14.0,84,0.714,182,0.462,126,0.294,0.491,5.8,3.9,10.6,1.5,10.6,0.6,0.33,6.4,0,2021-2022,0
4130,Wayne Ellington,G,34.37,43,18.8,39.3,13.9,7.3,11,0.818,26,0.615,211,0.389,0.593,6.7,1.8,5.1,0.7,5.0,0.53,0.12,4.3,0,2021-2022,0
4131,Joel Embiid,C-F,28.07,68,33.8,70.4,37.2,11.3,803,0.814,1083,0.529,251,0.371,0.616,30.6,11.7,19.4,4.2,23.6,1.13,1.47,13.6,1,2021-2022,1
4132,James Ennis III,F,31.78,7,8.0,16.6,22.5,7.829,5,0.286,16,0.475,8,0.286,0.46,4.1,1.7,11.8,0.4,12.9,0.29,0.29,3.6,0,2021-2022,0
4133,Drew Eubanks,F-C,25.19,71,17.5,36.5,17.3,17.279,130,0.758,348,0.589,23,0.169,0.616,7.7,5.4,16.8,1.2,10.5,0.44,0.56,8.5,0,2021-2022,0
4134,Tacko Fall,C,26.34,11,5.3,11.1,13.6,16.6,7,0.286,12,0.417,0,0.0,0.398,1.1,2.1,21.6,0.2,4.6,0.0,0.55,5.8,0,2021-2022,0
4135,Derrick Favors,F,30.74,39,16.7,34.9,13.4,4.5,25,0.64,166,0.554,16,0.125,0.534,5.3,4.7,14.5,0.6,5.9,0.44,0.31,5.9,0,2021-2022,0
4136,Bruno Fernando,F-C,23.66,30,5.1,10.6,19.4,20.867,24,0.726,53,0.55,2,0.667,0.624,3.0,1.9,17.0,0.2,8.5,0.03,0.37,7.9,0,2021-2022,0
4137,Dorian Finney-Smith,F,28.94,80,33.0,68.8,13.8,9.9,83,0.675,257,0.599,435,0.395,0.604,11.0,4.7,7.9,1.9,8.2,1.1,0.49,5.6,0,2021-2022,0
4138,Malik Fitts,F,20.0,15,4.2,8.7,14.8,8.493,0,0.0,9,0.4,10,0.5,0.555,1.4,1.1,14.6,0.3,15.3,0.0,0.0,6.1,0,2021-2022,0
4139,Malachi Flynn,G,23.92,44,12.2,25.4,16.5,6.3,24,0.625,93,0.452,90,0.333,0.488,4.3,1.4,6.4,1.6,18.5,0.45,0.09,7.0,0,2021-2022,0
4140,Bryn Forbes,G,28.72,75,17.1,35.7,21.2,8.793,87,0.909,244,0.446,295,0.414,0.575,8.9,1.3,3.9,1.0,8.3,0.34,0.07,5.2,0,2021-2022,0
4141,Aleem Ford,F,20.0,5,14.7,30.6,14.1,16.7,0,0.0,5,0.8,15,0.133,0.35,2.8,3.0,10.8,0.4,3.8,0.2,0.0,4.1,0,2021-2022,0
4142,Trent Forrest,G,23.83,60,12.8,26.6,12.8,21.4,48,0.792,128,0.555,27,0.185,0.554,3.3,1.7,7.1,1.8,18.6,0.5,0.1,6.8,0,2021-2022,0
4143,Evan Fournier,G-F,29.45,80,29.5,61.4,20.8,9.4,113,0.708,346,0.465,619,0.389,0.554,14.1,2.6,4.7,2.1,11.9,0.99,0.25,5.8,0,2021-2022,0
4144,De'Aaron Fox,G,24.31,59,35.3,73.6,29.1,11.9,348,0.75,843,0.524,249,0.297,0.549,23.2,3.9,6.0,5.6,26.8,1.15,0.42,9.0,0,2021-2022,0
4145,Melvin Frazier Jr.,G-F,25.61,3,39.9,83.1,19.5,5.5,7,0.714,27,0.444,21,0.048,0.313,10.7,4.3,5.6,0.3,1.2,0.33,0.0,2.4,0,2021-2022,0
4146,Tim Frazier,G,31.44,12,17.3,36.1,14.5,26.417,9,0.463,28,0.308,17,0.294,0.412,3.2,1.6,4.2,2.8,21.8,0.25,0.08,4.8,0,2021-2022,0
4147,Enes Freedom,C,29.89,35,11.8,24.5,13.8,15.5,28,0.857,92,0.533,5,0.4,0.585,3.7,4.6,21.0,0.2,2.7,0.14,0.4,5.1,0,2021-2022,0
4148,Markelle Fultz,G,23.87,18,20.0,41.6,27.5,17.5,31,0.806,158,0.5,17,0.235,0.517,10.8,2.7,7.2,5.5,48.9,1.11,0.28,10.9,0,2021-2022,0
4149,Wenyen Gabriel,F,25.04,26,13.8,28.7,16.7,11.427,42,0.558,82,0.511,28,0.283,0.517,5.4,3.7,15.6,0.5,5.4,0.19,0.42,6.0,0,2021-2022,0
4150,Daniel Gafford,F-C,23.53,72,20.1,41.8,16.7,12.0,153,0.699,409,0.697,1,0.0,0.709,9.4,5.7,15.6,0.9,7.3,0.42,1.38,7.2,0,2021-2022,0
4151,Danilo Gallinari,F,33.67,66,25.3,52.8,18.4,5.4,156,0.904,303,0.485,294,0.381,0.579,11.7,4.7,10.1,1.5,8.5,0.42,0.18,6.9,0,2021-2022,0
4152,Langston Galloway,G,30.34,7,15.3,31.8,12.9,18.929,0,0.0,10,0.429,16,0.143,0.297,2.0,2.6,9.0,1.7,13.5,0.14,0.0,4.9,0,2021-2022,0
4153,Darius Garland,G,22.21,68,35.7,74.4,27.8,16.2,241,0.892,719,0.512,454,0.383,0.576,21.7,3.3,5.1,8.6,39.9,1.31,0.1,9.5,0,2021-2022,0
4154,Marcus Garrett,G,23.42,12,10.7,22.3,8.8,7.9,5,0.4,17,0.235,4,0.25,0.28,1.1,1.9,10.2,0.6,7.0,0.42,0.25,4.0,0,2021-2022,0
4155,Usman Garuba,F,20.09,24,10.0,20.8,9.4,11.3,7,0.714,24,0.583,20,0.25,0.51,2.0,3.5,19.0,0.7,9.6,0.42,0.46,6.8,0,2021-2022,0
4156,Luka Garza,C,23.29,32,12.2,25.3,21.2,9.4,61,0.623,98,0.51,49,0.327,0.535,5.8,3.1,13.9,0.6,8.3,0.28,0.19,7.2,0,2021-2022,0
4157,Rudy Gay,F-G,35.65,55,18.9,39.3,19.3,10.2,79,0.785,176,0.494,203,0.345,0.539,8.1,4.4,12.7,1.0,7.8,0.45,0.35,7.0,0,2021-2022,0
4158,Paul George,F,31.94,31,34.8,72.4,33.8,15.2,148,0.858,379,0.467,257,0.354,0.538,24.3,6.9,10.4,5.7,28.1,2.16,0.42,11.3,0,2021-2022,1
4159,Taj Gibson,F,36.8,52,18.2,37.9,10.0,12.5,52,0.808,128,0.555,38,0.395,0.606,4.4,4.4,12.9,0.6,4.9,0.42,0.77,5.0,0,2021-2022,0
4160,Josh Giddey,G,19.5,54,31.5,65.6,22.2,19.5,79,0.709,457,0.492,213,0.263,0.478,12.5,7.8,12.7,6.4,32.3,0.94,0.37,10.9,0,2021-2022,0
4161,Shai Gilgeous-Alexander,G-F,23.75,56,34.7,72.2,30.8,11.1,405,0.81,755,0.514,297,0.3,0.557,24.5,5.0,7.4,5.9,31.1,1.29,0.8,10.3,0,2021-2022,0
4162,Anthony Gill,F,29.48,44,10.5,21.9,14.4,12.0,52,0.808,83,0.578,26,0.538,0.682,4.1,1.9,10.1,0.6,8.3,0.11,0.25,6.4,0,2021-2022,0
4163,Freddie Gillespie,F,20.0,9,13.2,27.5,11.0,16.6,7,0.429,21,0.429,1,0.0,0.419,2.3,4.0,16.0,0.6,5.9,0.33,1.0,5.4,0,2021-2022,0
4164,Rudy Gobert,C,29.79,66,32.1,66.9,16.9,14.5,439,0.69,504,0.718,4,0.0,0.732,15.6,14.7,24.9,1.1,5.0,0.68,2.09,7.9,0,2021-2022,1
4165,Brandon Goodwin,G,26.52,36,13.9,29.0,18.3,17.8,38,0.632,99,0.455,55,0.345,0.501,4.8,1.9,7.4,2.5,26.0,0.69,0.03,8.2,0,2021-2022,0
4166,Jordan Goodwin,G,23.47,2,3.0,6.1,22.6,0.0,0,0.0,2,0.0,1,0.0,0.0,0.0,0.5,9.4,0.0,0.0,0.0,0.0,0.0,0,2021-2022,0
4167,Aaron Gordon,F,26.57,75,31.7,66.0,19.7,12.5,230,0.743,574,0.605,260,0.335,0.602,15.0,5.8,10.3,2.5,11.6,0.59,0.59,7.6,0,2021-2022,0
4168,Eric Gordon,G,33.29,57,29.3,61.0,18.6,14.6,135,0.778,263,0.548,301,0.412,0.614,13.4,2.0,3.7,2.7,14.0,0.49,0.32,5.7,0,2021-2022,0
4169,Devonte' Graham,G,27.13,76,28.4,59.3,19.5,10.7,140,0.843,252,0.413,563,0.341,0.514,11.9,2.3,4.5,4.2,21.0,0.91,0.16,6.8,0,2021-2022,0
4170,Jerami Grant,F,28.08,47,31.9,66.5,25.7,9.5,259,0.838,445,0.465,254,0.358,0.556,19.2,4.1,6.9,2.4,12.5,0.94,1.04,7.2,0,2021-2022,0
4171,Hassani Gravett,G,25.74,8,21.4,44.6,12.3,18.5,4,0.75,12,0.583,26,0.423,0.629,6.3,2.6,6.5,2.5,17.0,0.63,0.13,6.4,0,2021-2022,0
4172,Danny Green,G,34.8,62,21.8,45.5,12.3,12.1,14,0.786,49,0.469,271,0.38,0.561,5.9,2.5,6.5,1.0,6.5,0.95,0.6,4.5,0,2021-2022,0
4173,Draymond Green,F,32.1,46,28.9,60.2,14.3,31.9,91,0.659,203,0.586,54,0.296,0.582,7.5,7.3,13.7,7.0,32.5,1.35,1.09,10.1,0,2021-2022,0
4174,Javonte Green,G-F,28.72,65,23.4,48.7,11.5,7.6,96,0.833,224,0.625,101,0.356,0.637,7.2,4.2,10.2,0.9,5.3,1.0,0.49,5.1,0,2021-2022,0
4175,Jalen Green,G,20.17,67,31.9,66.5,23.7,11.3,236,0.797,496,0.502,458,0.343,0.547,17.3,3.4,5.8,2.6,13.1,0.64,0.27,6.7,0,2021-2022,0
4176,JaMychal Green,F-C,31.81,67,16.2,33.8,17.2,13.4,93,0.871,203,0.621,124,0.266,0.587,6.4,4.2,14.5,0.9,7.6,0.64,0.39,7.1,0,2021-2022,0
4177,Jeff Green,F,35.62,75,24.7,51.4,16.3,10.3,198,0.833,361,0.62,168,0.315,0.627,10.3,3.1,7.0,1.3,7.3,0.39,0.36,5.6,0,2021-2022,0
4178,Josh Green,G,21.4,67,15.5,32.3,13.9,13.8,45,0.689,178,0.573,78,0.359,0.578,4.8,2.4,8.7,1.2,11.0,0.67,0.21,6.2,0,2021-2022,0
4179,Blake Griffin,F,33.07,56,17.1,35.6,16.9,8.2,76,0.724,168,0.565,145,0.262,0.518,6.4,4.1,13.0,1.9,15.0,0.48,0.25,8.6,0,2021-2022,0
4180,Quentin Grimes,G,21.92,46,17.1,35.6,15.1,10.3,19,0.684,46,0.5,189,0.381,0.565,6.0,2.0,6.4,1.0,8.5,0.67,0.24,5.4,0,2021-2022,0
4181,Kyle Guy,G,24.67,19,9.8,20.4,20.0,15.6,12,0.667,25,0.48,40,0.35,0.526,3.9,0.9,5.2,0.9,13.5,0.37,0.05,6.0,0,2021-2022,0
4182,Rui Hachimura,F,24.17,42,22.5,46.8,20.9,7.4,66,0.697,258,0.512,123,0.447,0.579,11.3,3.8,9.4,1.1,7.9,0.55,0.21,6.4,0,2021-2022,0
4183,Tyrese Haliburton,G,22.11,77,35.0,72.9,19.0,16.717,190,0.841,518,0.518,389,0.414,0.595,15.4,4.0,6.3,8.1,34.0,1.74,0.64,9.1,0,2021-2022,0
4184,Tyler Hall,G,25.05,1,1.9,4.0,0.0,0.0,0,0.0,0,0.0,0,0.0,0.0,0.0,0.0,0.0,0.0,0.0,0.0,0.0,0.0,0,2021-2022,0
4185,R.J. Hampton,G,21.17,64,21.9,45.6,18.4,14.6,117,0.641,274,0.405,183,0.35,0.481,7.6,3.0,7.3,2.5,16.8,0.66,0.2,7.0,0,2021-2022,0
4186,Tim Hardaway Jr.,G-F,30.07,42,29.6,61.8,22.0,5.6,103,0.757,226,0.473,304,0.336,0.52,14.2,3.7,7.0,2.2,11.4,0.9,0.14,6.6,0,2021-2022,0
4187,James Harden,G,32.63,65,37.2,77.6,27.2,18.702,536,0.876,544,0.476,448,0.33,0.584,22.0,7.7,11.3,10.3,40.2,1.28,0.55,12.9,0,2021-2022,0
4188,Maurice Harkless,F-G,28.92,47,18.4,38.3,11.2,13.8,28,0.714,80,0.65,101,0.307,0.561,4.6,2.4,7.0,0.5,3.6,0.62,0.51,3.8,0,2021-2022,0
4189,Jared Harper,G,24.57,5,8.6,17.9,29.8,6.7,4,1.0,14,0.643,12,0.417,0.666,7.4,0.4,2.6,2.8,64.3,0.8,0.2,9.4,0,2021-2022,0
4190,Montrezl Harrell,F-C,28.21,71,23.1,48.1,20.2,9.389,296,0.715,539,0.656,17,0.173,0.679,13.1,6.0,14.2,2.1,13.9,0.41,0.6,9.5,0,2021-2022,0
4191,Gary Harris,G,27.57,61,28.4,59.1,16.4,9.3,95,0.874,251,0.494,302,0.384,0.571,11.1,2.0,3.7,1.8,9.5,0.97,0.15,4.8,0,2021-2022,0
4192,Joe Harris,G-F,30.6,14,30.2,62.9,14.5,11.2,6,0.833,36,0.417,88,0.466,0.624,11.3,4.0,7.2,1.0,4.5,0.5,0.14,4.7,0,2021-2022,0
4193,Shaquille Harrison,G,28.51,2,11.3,23.5,15.2,25.0,0,0.0,4,0.5,2,0.0,0.333,2.0,2.0,9.6,1.5,17.0,0.5,0.5,6.4,0,2021-2022,0
4194,Tobias Harris,F,29.74,73,34.8,72.6,21.7,9.5,202,0.842,747,0.525,275,0.367,0.566,17.2,6.8,10.9,3.4,15.9,0.64,0.59,8.5,0,2021-2022,0
4195,Isaiah Hartenstein,C-F,23.93,68,17.9,37.2,18.4,16.5,132,0.689,336,0.64,30,0.467,0.664,8.3,4.9,14.3,2.4,20.5,0.75,1.13,10.3,0,2021-2022,0
4196,Josh Hart,G,27.1,54,33.2,69.1,18.7,14.763,211,0.758,356,0.601,213,0.335,0.608,15.0,7.2,11.9,4.1,19.0,1.13,0.24,9.1,0,2021-2022,0
4197,Udonis Haslem,F,41.84,13,6.4,13.3,20.0,13.4,3,1.0,27,0.481,4,0.25,0.495,2.5,1.9,17.0,0.3,7.4,0.08,0.08,7.0,0,2021-2022,0
4198,Sam Hauser,F,24.34,26,6.1,12.6,14.5,3.8,0,0.0,6,0.667,44,0.432,0.65,2.5,1.1,10.0,0.4,9.2,0.04,0.08,6.8,0,2021-2022,0
4199,Jaxson Hayes,C-F,21.88,70,20.0,41.6,16.5,10.1,188,0.766,341,0.66,58,0.345,0.679,9.3,4.5,12.5,0.6,4.7,0.49,0.79,5.9,0,2021-2022,0
4200,Killian Hayes,G,20.71,66,25.0,52.0,15.7,18.4,74,0.77,292,0.452,167,0.263,0.461,6.9,3.2,6.9,4.2,24.6,1.18,0.53,7.2,0,2021-2022,0
4201,Gordon Hayward,F,32.05,49,31.9,66.5,20.8,10.6,149,0.846,397,0.496,220,0.391,0.57,15.9,4.6,7.6,3.6,16.1,0.96,0.45,8.0,0,2021-2022,0
4202,Aaron Henry,F,22.61,6,2.8,5.9,18.5,28.6,0,0.0,4,0.25,1,0.0,0.2,0.3,0.2,3.3,0.0,0.0,0.0,0.33,0.0,0,2021-2022,0
4203,Juancho Hernangomez,F,26.54,40,11.1,23.2,14.3,13.635,34,0.596,37,0.455,69,0.261,0.466,3.3,2.5,13.0,0.5,5.4,0.35,0.25,5.5,0,2021-2022,0
4204,Willy Hernangomez,C-F,27.87,49,17.1,35.7,22.5,11.6,141,0.773,315,0.527,12,0.333,0.582,9.2,6.9,22.3,1.3,11.9,0.43,0.39,10.2,0,2021-2022,0
4205,Tyler Herro,G,22.22,66,32.6,67.9,28.8,12.5,219,0.868,683,0.477,439,0.399,0.561,20.7,5.0,8.7,4.0,20.9,0.67,0.12,9.1,0,2021-2022,0
4206,Buddy Hield,G,29.31,81,30.8,64.3,22.5,11.574,127,0.875,382,0.461,716,0.366,0.547,15.6,4.4,7.7,2.8,13.3,0.89,0.31,7.3,0,2021-2022,0
4207,Haywood Highsmith,F,25.34,19,8.6,17.9,14.0,5.9,5,0.4,18,0.389,28,0.321,0.446,2.3,1.4,9.0,0.3,5.1,0.11,0.16,4.6,0,2021-2022,0
4208,George Hill,G,35.94,54,23.2,48.3,11.7,11.9,62,0.919,141,0.546,134,0.306,0.552,6.2,2.9,6.6,2.2,12.4,0.78,0.11,5.9,0,2021-2022,0
4209,Malcolm Hill,F,26.46,19,11.2,23.2,12.9,4.884,14,0.747,16,0.688,36,0.367,0.616,3.8,1.8,9.4,0.4,5.2,0.37,0.16,5.0,0,2021-2022,0
4210,Solomon Hill,F,31.07,13,10.7,22.3,6.6,4.8,0,0.0,7,0.143,13,0.154,0.2,0.6,1.8,9.0,0.9,10.2,0.31,0.15,3.7,0,2021-2022,0
4211,Nate Hinton,G-F,22.84,2,1.2,2.5,35.7,50.0,0,0.0,1,0.0,0,0.0,0.0,0.0,0.0,0.0,0.0,0.0,0.0,0.0,0.0,0,2021-2022,0
4212,Jaylen Hoard,F,23.03,7,34.2,71.3,18.8,7.7,14,0.429,65,0.538,25,0.36,0.536,14.7,12.0,18.0,2.4,11.6,0.86,0.71,8.8,0,2021-2022,0
4213,Aaron Holiday,G,25.53,63,16.2,33.8,18.7,15.129,68,0.849,235,0.48,103,0.378,0.544,6.3,1.9,6.5,2.4,20.7,0.67,0.14,7.5,0,2021-2022,0
4214,Jrue Holiday,G,31.83,67,32.9,68.6,23.5,15.0,180,0.761,633,0.547,321,0.411,0.593,18.3,4.5,7.3,6.8,31.8,1.6,0.43,10.0,0,2021-2022,0
4215,Justin Holiday,F-G,33.02,74,27.8,57.9,15.8,9.199,62,0.806,180,0.464,482,0.366,0.541,10.1,2.6,5.1,1.7,8.6,0.77,0.45,5.1,0,2021-2022,0
4216,Richaun Holmes,F,28.49,45,23.9,49.7,15.8,14.2,90,0.778,295,0.664,5,0.4,0.689,10.4,7.0,16.0,1.1,6.8,0.38,0.93,7.2,0,2021-2022,0
4217,Rodney Hood,G-F,29.47,52,13.7,28.5,10.7,6.775,19,0.897,66,0.423,91,0.361,0.503,3.1,1.5,5.6,0.8,7.0,0.29,0.11,4.4,0,2021-2022,0
4218,Scotty Hopson,G-F,32.68,1,17.7,36.9,14.6,33.3,0,0.0,3,0.667,1,0.0,0.5,4.0,1.0,2.9,1.0,8.3,0.0,0.0,3.6,0,2021-2022,0
4219,Al Horford,C-F,35.86,69,29.1,60.5,14.8,9.6,95,0.842,304,0.582,265,0.336,0.574,10.2,7.7,14.3,3.4,16.4,0.71,1.33,8.9,0,2021-2022,0
4220,Talen Horton-Tucker,G,21.37,60,25.2,52.5,19.2,12.1,125,0.8,356,0.492,182,0.269,0.503,10.0,3.2,6.8,2.7,14.9,0.98,0.48,7.0,0,2021-2022,0
4221,Danuel House Jr.,F-G,28.84,42,17.3,36.0,15.5,12.593,58,0.753,81,0.448,117,0.359,0.541,5.9,2.6,8.4,1.0,8.5,0.5,0.4,5.8,0,2021-2022,0
4222,Dwight Howard,C-F,36.34,60,16.2,33.7,14.6,14.2,146,0.658,204,0.618,15,0.533,0.657,6.2,5.9,19.6,0.6,5.0,0.57,0.6,6.9,0,2021-2022,0
4223,Markus Howard,G,23.11,31,5.7,11.9,29.4,5.9,23,0.87,31,0.355,70,0.4,0.567,4.1,0.4,3.8,0.2,6.2,0.29,0.0,4.8,0,2021-2022,0
4224,Kevin Huerter,G-F,23.62,74,29.6,61.6,17.5,10.4,52,0.808,349,0.53,411,0.389,0.57,12.1,3.4,6.4,2.7,13.2,0.73,0.35,6.5,0,2021-2022,0
4225,Jay Huff,C,24.63,4,5.1,10.6,8.5,25.0,0,0.0,1,0.0,2,0.0,0.0,0.0,1.0,10.6,0.3,5.8,0.25,0.25,0.0,0,2021-2022,0
4226,Elijah Hughes,G,24.09,36,12.1,25.1,16.6,11.217,9,0.796,49,0.497,95,0.276,0.453,3.5,1.6,7.5,0.6,7.3,0.39,0.22,5.1,0,2021-2022,0
4227,De'Andre Hunter,F-G,24.36,53,29.8,62.0,19.9,9.6,166,0.765,380,0.474,195,0.379,0.547,13.4,3.3,6.1,1.3,6.1,0.68,0.4,5.2,0,2021-2022,0
4228,Feron Hunt,F,22.77,2,4.2,8.8,15.7,33.3,0,0.0,2,0.0,0,0.0,0.0,0.0,0.5,6.4,0.5,15.3,0.5,0.0,0.0,0,2021-2022,0
4229,Chandler Hutchison,F-G,25.96,6,3.7,7.8,13.2,58.1,2,1.0,2,0.5,0,0.0,0.694,0.7,0.8,12.0,0.3,10.3,0.0,0.0,6.0,0,2021-2022,0
4230,Bones Hyland,G,21.57,69,19.0,39.5,23.9,12.1,125,0.856,213,0.465,358,0.366,0.558,10.1,2.7,8.0,2.8,21.2,0.59,0.29,8.9,0,2021-2022,0
4231,Serge Ibaka,F,32.56,54,16.2,33.9,17.9,11.93,44,0.729,197,0.564,99,0.374,0.579,6.7,4.7,15.0,0.9,8.5,0.2,0.61,7.5,0,2021-2022,0
4232,Andre Iguodala,G-F,38.2,31,19.4,40.5,11.4,17.7,20,0.75,47,0.617,74,0.23,0.478,4.0,3.2,9.0,3.7,24.7,0.87,0.71,7.5,0,2021-2022,0
4233,Joe Ingles,F-G,34.52,45,24.9,51.9,13.2,13.5,22,0.773,60,0.617,225,0.347,0.551,7.2,2.9,6.4,3.5,19.0,0.51,0.11,6.7,0,2021-2022,0
4234,Brandon Ingram,F,24.61,55,34.0,70.8,29.3,11.8,322,0.826,757,0.501,226,0.327,0.554,22.7,5.8,9.5,5.6,27.8,0.62,0.45,10.6,0,2021-2022,0
4235,Kyrie Irving,G,30.05,29,37.6,78.4,29.4,9.8,129,0.915,377,0.501,239,0.418,0.592,27.4,4.3,6.3,5.8,25.2,1.41,0.59,9.4,0,2021-2022,1
4236,Wes Iwundu,F,27.31,3,27.4,57.1,11.0,4.8,4,0.75,13,0.385,5,0.6,0.557,7.3,4.3,8.7,0.0,0.0,0.33,0.0,0.0,0,2021-2022,0
4237,Jaren Jackson Jr.,F-C,22.57,78,27.3,56.8,25.4,9.9,345,0.823,635,0.476,401,0.319,0.535,16.3,5.8,11.1,1.1,5.8,0.92,2.28,6.9,0,2021-2022,0
4238,Frank Jackson,G,23.94,53,22.0,45.8,20.9,6.7,104,0.827,204,0.529,279,0.308,0.53,10.6,1.6,4.0,1.0,7.6,0.51,0.17,4.7,0,2021-2022,0
4239,Isaiah Jackson,F,20.25,36,15.0,31.3,22.5,14.0,88,0.682,190,0.584,16,0.313,0.607,8.3,4.2,15.5,0.3,2.9,0.67,1.44,5.8,0,2021-2022,0
4240,Josh Jackson,G-F,25.16,51,16.2,33.9,20.1,12.406,77,0.714,170,0.508,130,0.244,0.488,6.4,2.8,9.0,1.1,9.5,0.51,0.43,6.5,0,2021-2022,0
4241,Justin Jackson,F,27.04,7,5.3,10.9,21.9,5.743,2,0.143,6,0.343,9,0.285,0.474,2.2,1.0,9.3,0.3,6.5,0.0,0.0,5.5,0,2021-2022,0
4242,Reggie Jackson,G,31.99,75,31.2,64.9,27.6,11.8,163,0.847,710,0.439,512,0.326,0.488,16.8,3.6,6.1,4.8,24.6,0.73,0.2,8.5,0,2021-2022,0
4243,LeBron James,F,37.28,56,37.2,77.5,32.3,12.5,336,0.756,773,0.62,448,0.359,0.619,30.3,8.2,11.8,6.2,30.6,1.3,1.05,12.4,1,2021-2022,1
4244,DeJon Jarreau,G,24.21,1,0.9,1.9,0.0,0.0,0,0.0,0,0.0,0,0.0,0.0,0.0,0.0,0.0,0.0,0.0,0.0,0.0,0.0,0,2021-2022,0
4245,DaQuan Jeffries,G-F,24.61,3,2.9,6.1,9.3,0.0,0,0.0,1,1.0,1,0.0,0.5,0.7,0.7,11.9,0.3,14.4,0.0,0.0,7.3,0,2021-2022,0
4246,Ty Jerome,G-F,24.76,48,16.7,34.8,20.8,9.6,47,0.809,142,0.493,186,0.29,0.488,7.1,1.6,5.0,2.3,21.3,0.63,0.1,7.1,0,2021-2022,0
4247,Isaiah Joe,G,22.78,55,11.1,23.1,15.4,9.1,31,0.935,42,0.405,135,0.333,0.519,3.6,1.0,5.1,0.6,8.0,0.25,0.05,4.7,0,2021-2022,0
4248,Alize Johnson,F,25.97,23,7.3,15.1,15.1,21.853,12,0.528,35,0.515,4,0.0,0.48,1.8,2.7,20.8,0.4,6.8,0.22,0.0,6.0,0,2021-2022,0
4249,BJ Johnson,F,26.31,4,16.2,33.6,16.8,0.0,0,0.0,15,0.467,10,0.4,0.52,6.5,3.8,12.3,0.0,0.0,0.0,0.25,0.0,0,2021-2022,0
4250,Cameron Johnson,F,26.1,66,26.2,54.6,17.6,6.8,114,0.86,216,0.523,391,0.425,0.625,12.5,4.1,8.5,1.5,7.7,0.86,0.24,6.5,0,2021-2022,0
4251,David Johnson,G,21.12,2,1.0,2.1,21.4,0.0,0,0.0,0,0.0,1,0.0,0.0,0.0,0.0,0.0,0.0,0.0,0.0,0.0,0.0,0,2021-2022,0
4252,James Johnson,F,35.14,62,19.2,40.0,13.7,12.7,55,0.527,221,0.548,85,0.271,0.515,5.5,3.5,9.8,2.1,14.5,0.48,0.55,7.2,0,2021-2022,0
4253,Jalen Johnson,F,20.31,22,5.5,11.4,19.3,17.0,7,0.714,28,0.679,13,0.231,0.59,2.4,1.2,11.8,0.1,3.7,0.14,0.09,4.8,0,2021-2022,0
4254,Joe Johnson,G-F,40.79,1,2.0,4.2,22.0,0.0,0,0.0,1,1.0,0,0.0,1.0,2.0,0.0,0.0,0.0,0.0,0.0,0.0,0.0,0,2021-2022,0
4255,Keldon Johnson,F-G,22.5,75,31.9,66.4,21.3,7.6,234,0.756,612,0.51,399,0.398,0.574,17.0,6.1,10.0,2.1,9.5,0.77,0.19,7.5,0,2021-2022,0
4256,Keon Johnson,G,20.09,37,18.8,39.2,21.4,12.719,51,0.804,171,0.36,100,0.318,0.451,7.2,2.2,6.8,2.0,15.5,0.76,0.32,6.9,0,2021-2022,0
4257,Stanley Johnson,F-G,25.87,48,22.8,47.5,12.5,11.0,74,0.716,146,0.575,105,0.314,0.564,6.7,3.2,7.6,1.7,9.8,0.9,0.29,5.8,0,2021-2022,0
4258,Tyler Johnson,G,29.93,6,15.2,31.7,10.8,9.1,0,0.0,7,0.167,13,0.381,0.425,2.9,2.0,7.4,1.2,9.2,0.5,0.5,4.9,0,2021-2022,0
4259,Nikola Jokic,C,27.14,74,33.5,69.7,31.9,15.6,468,0.81,1023,0.652,288,0.337,0.661,27.1,13.8,23.0,7.9,42.6,1.47,0.86,17.1,1,2021-2022,1
4260,Derrick Jones Jr.,F,25.15,51,17.6,36.7,12.5,11.7,70,0.8,134,0.634,61,0.328,0.633,5.6,3.3,10.6,0.6,4.4,0.49,0.67,5.1,0,2021-2022,0
4261,Carlik Jones,G,24.3,5,4.6,9.7,24.1,16.56,2,0.6,8,0.2,1,0.0,0.276,0.8,0.6,5.2,1.0,19.1,0.2,0.0,4.0,0,2021-2022,0
4262,Damian Jones,C,26.78,56,18.2,37.8,16.2,15.4,131,0.718,237,0.696,29,0.345,0.701,8.1,4.4,13.1,1.2,10.2,0.46,0.84,7.7,0,2021-2022,0
4263,Herbert Jones,F,23.51,78,29.9,62.4,13.7,13.4,163,0.84,407,0.533,169,0.337,0.573,9.5,3.8,7.0,2.1,10.0,1.67,0.77,5.7,0,2021-2022,0
4264,Jemerrio Jones,F,27.01,2,7.4,15.3,8.8,0.0,0,0.0,3,0.667,0,0.0,0.667,2.0,1.5,10.9,0.0,0.0,0.5,0.0,0.0,0,2021-2022,0
4265,Kai Jones,C-F,21.23,21,3.0,6.2,15.9,25.5,8,0.375,12,0.667,2,0.5,0.628,1.0,0.6,10.1,0.2,8.6,0.05,0.1,6.6,0,2021-2022,0
4266,Mason Jones,G,23.72,4,12.7,26.4,19.2,4.4,15,0.8,11,0.545,4,0.25,0.625,6.8,2.5,10.6,1.0,11.0,0.5,0.0,8.1,0,2021-2022,0
4267,Tre Jones,G,22.26,69,16.6,34.7,15.6,10.8,91,0.78,288,0.542,51,0.196,0.545,6.0,2.2,7.1,3.4,27.0,0.61,0.1,8.6,0,2021-2022,0
4268,Tyus Jones,G,25.92,73,21.2,44.2,16.6,7.3,66,0.818,347,0.487,205,0.39,0.544,8.7,2.4,5.9,4.4,28.1,0.9,0.03,8.5,0,2021-2022,0
4269,DeAndre Jordan,C,33.72,48,13.0,27.0,13.9,18.533,40,0.546,143,0.647,0,0.0,0.643,4.3,5.5,23.1,0.4,4.9,0.25,0.73,6.7,0,2021-2022,0
4270,Cory Joseph,G,30.64,65,24.6,51.3,14.3,15.9,113,0.885,243,0.465,157,0.414,0.579,8.0,2.7,5.9,3.6,21.8,0.65,0.26,6.9,0,2021-2022,0
4271,Georgios Kalaitzakis,F,23.27,13,16.4,34.2,18.2,20.669,30,0.454,41,0.46,26,0.458,0.535,6.6,1.6,7.4,0.9,3.5,0.85,0.15,1.7,0,2021-2022,0
4272,Frank Kaminsky,F-C,29.02,9,20.1,41.9,19.0,6.3,20,0.9,51,0.608,15,0.333,0.635,10.6,4.6,12.1,1.4,10.1,0.89,0.78,8.1,0,2021-2022,0
4273,Luke Kennard,G,25.8,70,27.4,57.1,16.8,8.2,77,0.896,216,0.449,423,0.449,0.619,11.9,3.3,6.3,2.1,11.2,0.6,0.09,6.4,0,2021-2022,0
4274,Braxton Key,F,25.15,11,17.9,37.4,20.7,17.764,13,0.44,51,0.607,21,0.245,0.507,7.2,4.6,14.6,1.0,11.2,1.0,1.09,7.5,0,2021-2022,0
4275,George King,F-G,28.24,4,4.8,10.0,16.1,14.5,2,0.5,1,0.0,4,0.0,0.085,0.3,1.3,14.5,0.0,0.0,0.0,0.0,0.0,0,2021-2022,0
4276,Louis King,F,23.01,10,10.4,21.6,21.3,0.0,10,0.7,20,0.35,27,0.296,0.438,4.5,1.2,6.3,0.9,12.5,0.2,0.1,6.5,0,2021-2022,0
4277,Corey Kispert,F,23.11,77,23.4,48.7,14.6,8.5,62,0.871,194,0.629,320,0.35,0.586,8.2,2.7,6.4,1.1,6.7,0.44,0.29,5.0,0,2021-2022,0
4278,Maxi Kleber,F,30.2,59,24.6,51.2,13.3,10.9,65,0.708,99,0.586,255,0.325,0.537,7.0,5.9,13.4,1.2,6.5,0.51,0.98,6.0,0,2021-2022,0
4279,Brandon Knight,G,30.36,5,12.9,26.9,22.7,12.3,8,1.0,8,0.75,17,0.235,0.561,6.4,1.6,6.9,1.6,18.8,0.2,0.0,7.9,0,2021-2022,0
4280,Nathan Knight,F-C,24.56,37,7.2,15.1,20.7,13.6,60,0.733,75,0.547,13,0.308,0.603,3.7,2.3,17.0,0.6,11.9,0.19,0.22,9.6,0,2021-2022,0
4281,Kevin Knox II,F,22.67,30,7.4,15.5,20.1,6.53,22,0.728,31,0.509,54,0.264,0.488,3.1,1.5,10.7,0.3,6.7,0.13,0.07,6.0,0,2021-2022,0
4282,John Konchar,G,26.05,72,17.9,37.4,9.9,9.3,49,0.551,136,0.61,126,0.413,0.615,4.8,4.6,13.3,1.5,10.6,0.64,0.31,7.2,0,2021-2022,0
4283,Furkan Korkmaz,G-F,24.72,67,21.1,44.0,17.6,8.6,84,0.81,204,0.515,266,0.289,0.502,7.6,2.6,6.9,1.9,13.1,0.49,0.13,6.3,0,2021-2022,0
4284,Luke Kornet,F-C,26.74,15,6.9,14.3,12.7,0.0,6,0.623,22,0.598,5,0.0,0.508,2.0,1.9,15.3,0.6,11.9,0.26,0.2,7.5,0,2021-2022,0
4285,Vit Krejci,G,21.81,30,23.0,47.9,12.9,14.1,22,0.864,69,0.522,98,0.327,0.529,6.2,3.4,7.5,1.9,11.9,0.63,0.27,6.0,0,2021-2022,0
4286,Arnoldas Kulboka,F,24.27,2,2.7,5.5,8.0,0.0,0,0.0,0,0.0,1,0.0,0.0,0.0,0.0,0.0,0.0,0.0,0.0,0.0,0.0,0,2021-2022,0
4287,Jonathan Kuminga,F,19.51,70,16.9,35.3,22.8,12.0,190,0.684,311,0.598,149,0.336,0.6,9.3,3.3,10.7,0.9,8.4,0.44,0.31,7.2,0,2021-2022,0
4288,Kyle Kuzma,F,26.72,66,33.4,69.6,24.2,14.0,219,0.712,561,0.526,375,0.341,0.547,17.1,8.5,14.1,3.5,16.3,0.64,0.86,9.6,0,2021-2022,0
4289,Anthony Lamb,F,24.22,2,3.9,8.0,11.0,0.0,0,0.0,0,0.0,2,0.0,0.0,0.0,0.5,6.8,1.0,29.0,0.0,0.0,0.0,0,2021-2022,0
4290,Jeremy Lamb,G-F,29.86,56,16.7,34.8,19.7,8.613,106,0.84,177,0.436,170,0.324,0.521,7.3,2.7,9.1,1.5,12.2,0.55,0.39,7.4,0,2021-2022,0
4291,Jock Landale,C,26.46,54,10.9,22.7,18.2,12.3,41,0.829,115,0.626,89,0.326,0.597,4.9,2.6,12.3,0.8,10.6,0.19,0.26,8.0,0,2021-2022,0
4292,Romeo Langford,G-F,22.46,48,16.1,33.5,12.8,6.783,42,0.57,106,0.52,85,0.32,0.52,4.5,2.3,7.5,0.4,3.8,0.46,0.33,4.0,0,2021-2022,0
4293,Zach LaVine,G-F,27.09,67,34.7,72.4,28.8,11.2,375,0.853,711,0.534,475,0.389,0.605,24.4,4.6,7.5,4.5,20.8,0.61,0.34,9.2,0,2021-2022,0
4294,Jake Layman,F,28.1,34,6.8,14.1,16.5,11.0,18,0.722,38,0.579,35,0.229,0.5,2.4,1.1,8.3,0.3,5.3,0.21,0.15,5.4,0,2021-2022,0
4295,Damion Lee,G-F,29.47,63,19.9,41.6,15.8,8.4,75,0.88,196,0.541,187,0.337,0.561,7.4,3.2,8.8,1.0,7.1,0.6,0.1,5.8,0,2021-2022,0
4296,Saben Lee,G,22.8,37,16.3,34.0,17.3,14.7,71,0.789,117,0.47,60,0.233,0.499,5.6,2.3,7.7,2.9,26.2,0.95,0.3,8.2,0,2021-2022,0
4297,Alex Len,C,28.82,39,15.9,33.1,17.1,17.4,63,0.651,155,0.568,21,0.286,0.577,6.0,4.1,14.1,1.2,10.6,0.33,0.64,7.8,0,2021-2022,0
4298,Caris LeVert,G,27.63,58,30.7,63.9,25.3,10.457,193,0.755,598,0.496,256,0.32,0.524,17.0,3.7,6.7,4.2,22.0,0.88,0.39,8.3,0,2021-2022,0
4299,Kira Lewis Jr.,G,21.01,24,14.2,29.6,22.3,14.7,12,0.833,88,0.523,58,0.224,0.466,5.9,1.6,6.3,2.0,21.7,0.46,0.04,7.5,0,2021-2022,0
4300,Scottie Lewis,G,22.08,2,3.3,6.9,5.7,0.0,2,0.5,0,0.0,0,0.0,0.568,0.5,0.0,0.0,0.5,17.2,0.5,0.0,0.0,0,2021-2022,0
4301,Damian Lillard,G,31.74,29,36.4,75.9,29.3,11.6,181,0.878,268,0.485,284,0.324,0.55,24.0,4.1,6.2,7.3,34.0,0.59,0.38,9.8,0,2021-2022,1
4302,Nassir Little,F-G,22.16,42,25.9,54.0,15.8,10.1,94,0.734,161,0.584,154,0.331,0.575,9.8,5.6,11.9,1.3,7.4,0.6,0.86,6.4,0,2021-2022,0
4303,Isaiah Livers,F,23.7,19,20.2,42.0,12.4,13.5,14,0.857,26,0.538,64,0.422,0.629,6.4,3.0,8.0,1.2,8.4,0.68,0.37,5.6,0,2021-2022,0
4304,Kevon Looney,F,26.18,82,21.1,44.0,12.3,13.8,125,0.6,363,0.573,1,0.0,0.586,6.0,7.3,18.7,2.0,13.2,0.61,0.63,8.4,0,2021-2022,0
4305,Brook Lopez,C,34.03,13,23.0,47.8,21.9,7.8,23,0.87,78,0.538,53,0.358,0.57,12.4,4.1,9.4,0.5,3.0,0.62,1.15,5.1,0,2021-2022,0
4306,Robin Lopez,C,34.03,36,17.0,35.4,18.9,16.5,54,0.593,193,0.56,6,0.333,0.57,7.1,3.5,10.9,1.5,14.4,0.06,0.5,7.9,0,2021-2022,0
4307,Didi Louzada,G,20.0,9,14.4,29.9,14.0,10.811,2,0.778,10,0.233,23,0.35,0.441,3.9,1.9,8.8,0.6,7.4,0.23,0.23,3.3,0,2021-2022,0
4308,Kevin Love,F-C,33.59,74,22.5,46.9,25.1,10.4,198,0.838,284,0.493,477,0.392,0.594,13.6,7.2,17.8,2.2,15.3,0.35,0.24,10.7,0,2021-2022,0
4309,Kyle Lowry,G,36.05,63,33.9,70.5,18.2,19.3,174,0.851,245,0.539,382,0.377,0.6,13.4,4.5,7.5,7.5,32.3,1.06,0.27,9.1,0,2021-2022,0
4310,Gabriel Lundberg,G,27.35,4,11.1,23.0,21.4,13.6,0,0.0,11,0.182,8,0.375,0.342,3.3,1.8,8.5,2.8,31.3,0.75,0.0,9.2,0,2021-2022,0
4311,Timothe Luwawu-Cabarrot,G-F,26.92,52,13.2,27.4,14.3,8.9,41,0.854,64,0.469,122,0.361,0.556,4.4,1.6,6.6,0.8,7.7,0.35,0.12,5.4,0,2021-2022,0
4312,Trey Lyles,F,26.43,75,20.5,42.7,20.9,9.828,243,0.805,353,0.552,209,0.321,0.588,10.5,5.1,13.3,1.2,9.1,0.39,0.43,7.7,0,2021-2022,0
4313,Theo Maledon,G,20.83,51,17.8,37.1,20.3,15.3,100,0.79,167,0.449,150,0.293,0.5,7.1,2.6,7.4,2.2,18.5,0.61,0.22,7.7,0,2021-2022,0
4314,Sandro Mamukelashvili,F-C,22.89,41,9.9,20.7,14.6,10.7,22,0.818,63,0.556,52,0.423,0.618,3.8,2.0,10.7,0.5,7.4,0.22,0.22,6.3,0,2021-2022,0
4315,Terance Mann,G-F,25.48,81,28.6,59.6,16.1,9.9,164,0.78,482,0.535,208,0.365,0.572,10.8,5.2,9.6,2.6,13.1,0.68,0.26,7.4,0,2021-2022,0
4316,Tre Mann,G,21.18,60,22.8,47.5,22.0,10.2,82,0.793,316,0.421,272,0.36,0.501,10.4,2.9,6.4,1.5,10.7,0.78,0.2,6.3,0,2021-2022,0
4317,Boban Marjanovic,C,33.65,22,5.8,12.1,33.3,15.8,22,0.591,66,0.621,4,0.25,0.615,4.5,1.8,17.0,0.1,4.8,0.0,0.14,6.4,0,2021-2022,0
4318,Lauri Markkanen,F-C,24.89,61,30.8,64.1,19.5,6.5,159,0.868,323,0.548,380,0.358,0.582,14.8,5.7,10.2,1.3,6.6,0.74,0.49,6.2,0,2021-2022,0
4319,Naji Marshall,F,24.21,55,13.4,27.9,20.8,12.9,93,0.796,164,0.537,105,0.2,0.505,5.7,2.6,10.7,1.1,12.3,0.58,0.15,7.6,0,2021-2022,0
4320,Kenyon Martin Jr.,F,21.26,79,21.0,43.7,16.3,9.4,123,0.634,355,0.617,168,0.357,0.603,8.8,3.8,9.8,1.3,9.4,0.43,0.51,6.7,0,2021-2022,0
4321,Caleb Martin,F,26.54,60,22.9,47.6,16.3,10.3,93,0.763,255,0.565,155,0.413,0.611,9.2,3.8,9.5,1.1,7.0,0.97,0.5,5.9,0,2021-2022,0
4322,Cody Martin,F,26.54,71,26.3,54.7,12.1,11.5,107,0.701,264,0.542,159,0.384,0.579,7.7,4.0,8.1,2.5,12.4,1.24,0.45,6.5,0,2021-2022,0
4323,Kelan Martin,F,26.69,30,14.9,31.3,18.6,6.75,13,0.623,96,0.46,75,0.267,0.443,5.7,1.9,7.9,0.7,6.1,0.43,0.3,4.8,0,2021-2022,0
4324,Garrison Mathews,G,25.46,65,26.3,54.9,14.4,7.1,180,0.794,75,0.6,386,0.36,0.602,10.0,2.9,6.1,1.0,5.3,0.88,0.37,4.7,0,2021-2022,0
4325,Dakota Mathias,G,26.75,12,2.7,5.6,15.2,0.0,0,0.0,0,0.0,12,0.333,0.5,1.0,0.3,6.4,0.2,7.9,0.17,0.0,5.8,0,2021-2022,0
4326,Wesley Matthews,G,35.49,49,20.5,42.6,10.7,7.2,28,0.786,63,0.54,157,0.338,0.536,5.1,1.9,4.9,0.7,4.6,0.47,0.16,3.7,0,2021-2022,0
4327,Tyrese Maxey,G,21.43,75,35.3,73.6,20.2,7.4,246,0.866,686,0.512,309,0.427,0.594,17.5,3.2,5.1,4.3,19.1,0.73,0.43,7.0,0,2021-2022,0
4328,Skylar Mays,G,24.6,28,7.9,16.4,15.5,12.8,9,0.889,39,0.615,25,0.32,0.589,2.9,0.9,6.2,0.6,10.8,0.25,0.0,5.9,0,2021-2022,0
4329,Miles McBride,G,21.59,40,9.3,19.4,13.9,4.2,12,0.667,40,0.375,68,0.25,0.393,2.2,1.0,5.9,1.0,15.9,0.35,0.03,5.6,0,2021-2022,0
4330,Mac McClung,G,23.26,2,12.2,25.4,24.3,38.45,1,0.5,3,0.75,3,0.167,0.776,4.0,1.5,3.7,0.5,3.0,0.5,0.5,2.4,0,2021-2022,0
4331,CJ McCollum,G,30.56,62,34.6,72.1,27.5,9.326,170,0.69,695,0.507,469,0.388,0.552,22.1,4.4,6.9,5.0,26.1,1.13,0.35,9.1,0,2021-2022,0
4332,T.J. McConnell,G,30.04,27,24.2,50.3,16.2,11.7,23,0.826,175,0.514,33,0.303,0.525,8.5,3.3,7.7,4.9,28.6,1.11,0.37,8.5,0,2021-2022,0
4333,Jalen McDaniels,F-C,24.19,55,16.3,33.9,15.3,11.2,72,0.736,146,0.562,108,0.38,0.595,6.2,3.1,10.1,1.1,8.7,0.47,0.4,6.8,0,2021-2022,0
4334,Jaden McDaniels,F,21.53,70,25.8,53.7,15.3,11.4,71,0.803,302,0.579,252,0.317,0.553,9.2,4.2,8.7,1.1,6.1,0.74,0.77,5.4,0,2021-2022,0
4335,Doug McDermott,F,30.27,51,24.0,50.0,18.3,8.1,51,0.784,209,0.512,256,0.422,0.593,11.3,2.3,4.9,1.3,7.3,0.27,0.12,5.4,0,2021-2022,0
4336,JaVale McGee,C-F,34.23,74,15.8,33.0,22.8,15.8,146,0.699,449,0.637,9,0.222,0.651,9.2,6.7,22.7,0.6,5.4,0.3,1.09,8.4,0,2021-2022,0
4337,Cameron McGriff,F,24.53,3,15.3,31.9,14.0,0.0,2,1.0,8,0.375,6,0.333,0.47,4.7,5.0,17.9,1.0,9.4,0.0,0.33,7.5,0,2021-2022,0
4338,Rodney McGruder,G,30.7,51,14.8,30.8,14.9,9.2,26,0.731,80,0.5,146,0.397,0.575,5.4,2.2,8.0,0.9,9.6,0.41,0.14,6.0,0,2021-2022,0
4339,Alfonzo McKinnie,F,29.56,17,12.1,25.3,15.3,9.8,8,0.25,34,0.441,27,0.333,0.457,3.5,1.9,9.0,0.3,3.2,0.12,0.18,4.2,0,2021-2022,0
4340,JaQuori McLaughlin,G,24.2,4,2.7,5.7,8.3,0.0,0,0.0,1,0.0,1,0.0,0.0,0.0,0.0,0.0,0.5,22.5,0.0,0.0,0.0,0,2021-2022,0
4341,Jordan McLaughlin,G,26.0,62,14.5,30.3,11.8,14.9,40,0.75,115,0.53,85,0.318,0.535,3.8,1.5,5.6,2.9,26.1,0.92,0.16,7.0,0,2021-2022,0
4342,Ben McLemore,G,29.16,64,20.1,41.8,21.3,8.7,88,0.818,122,0.533,417,0.362,0.567,10.2,1.6,4.4,0.9,7.3,0.59,0.16,4.9,0,2021-2022,0
4343,De'Anthony Melton,G,23.87,73,22.7,47.3,21.3,13.0,120,0.75,323,0.44,372,0.374,0.529,10.8,4.5,10.3,2.7,16.1,1.41,0.53,9.0,0,2021-2022,0
4344,Sam Merrill,G,25.9,6,9.6,20.1,19.7,7.2,4,0.5,1,1.0,23,0.304,0.485,4.2,1.2,6.3,0.7,9.1,0.0,0.0,6.3,0,2021-2022,0
4345,Chimezie Metu,F-C,25.06,60,21.3,44.4,18.5,11.1,91,0.78,263,0.555,186,0.306,0.546,8.9,5.6,14.2,1.0,6.9,0.85,0.53,6.9,0,2021-2022,0
4346,Khris Middleton,F,30.66,66,32.4,67.6,26.7,14.2,291,0.89,587,0.494,434,0.373,0.577,20.1,5.4,8.8,5.4,25.5,1.15,0.27,10.3,0,2021-2022,0
4347,CJ Miles,G,35.07,1,2.0,4.2,0.0,0.0,0,0.0,0,0.0,0,0.0,0.0,0.0,0.0,0.0,0.0,0.0,0.0,0.0,0.0,0,2021-2022,0
4348,Paul Millsap,F,37.16,33,11.4,23.7,16.8,13.027,24,0.708,80,0.462,35,0.23,0.458,3.5,3.5,16.6,0.9,10.4,0.31,0.39,7.7,0,2021-2022,0
4349,Patty Mills,G,33.66,81,29.0,60.3,16.4,8.2,59,0.814,227,0.427,568,0.4,0.562,11.4,1.9,3.6,2.3,10.6,0.62,0.21,5.1,0,2021-2022,0
4350,Shake Milton,G-F,25.54,55,21.4,44.7,18.2,9.2,73,0.836,270,0.481,133,0.323,0.517,8.2,2.6,6.7,2.5,17.6,0.51,0.31,7.0,0,2021-2022,0
4351,Davion Mitchell,G,23.6,75,27.7,57.7,20.6,11.5,85,0.659,523,0.48,320,0.316,0.489,11.5,2.2,4.3,4.2,22.5,0.73,0.32,6.8,0,2021-2022,0
4352,Donovan Mitchell,G,25.59,67,33.8,70.5,33.0,11.7,313,0.853,722,0.533,654,0.355,0.572,25.9,4.2,6.8,5.3,27.7,1.48,0.18,9.8,0,2021-2022,0
4353,Evan Mobley,C,20.81,69,33.8,70.4,20.4,12.3,252,0.663,738,0.541,92,0.25,0.549,15.0,8.3,13.5,2.5,11.6,0.81,1.67,8.0,0,2021-2022,0
4354,Malik Monk,G,24.18,76,28.1,58.6,20.1,12.2,117,0.795,384,0.568,442,0.391,0.597,13.8,3.4,6.4,2.9,15.2,0.82,0.38,7.3,0,2021-2022,0
4355,Greg Monroe,F-C,31.85,14,13.9,28.9,17.6,12.8,23,0.444,57,0.59,0,0.0,0.581,5.4,4.6,18.7,1.6,14.3,0.57,0.71,8.9,0,2021-2022,0
4356,Moses Moody,G,19.86,52,11.7,24.3,15.2,6.1,36,0.778,73,0.548,110,0.364,0.573,4.4,1.5,7.1,0.4,5.3,0.13,0.19,4.7,0,2021-2022,0
4357,Matt Mooney,G,25.17,1,1.9,4.0,46.2,50.0,0,0.0,0,0.0,1,0.0,0.0,0.0,0.0,0.0,0.0,0.0,1.0,0.0,0.0,0,2021-2022,0
4358,Xavier Moon,G,27.27,10,13.7,28.6,19.0,10.1,5,0.6,37,0.541,14,0.357,0.545,5.8,1.4,5.3,2.4,26.9,0.7,0.3,7.9,0,2021-2022,0
4359,Ja Morant,G,22.67,57,33.1,69.0,33.7,12.6,415,0.761,920,0.535,256,0.344,0.576,27.4,5.7,9.0,6.7,34.1,1.16,0.39,12.3,1,2021-2022,0
4360,Juwan Morgan,F,24.98,2,15.5,32.3,2.4,0.0,0,0.0,1,0.5,2,0.25,0.416,2.5,2.0,4.0,0.5,2.4,0.0,0.0,2.0,0,2021-2022,0
4361,Marcus Morris Sr.,F,32.61,54,29.0,60.4,23.2,8.4,148,0.872,416,0.478,275,0.367,0.549,15.4,4.4,8.0,2.1,11.3,0.52,0.33,7.2,0,2021-2022,0
4362,Jaylen Morris,G,26.56,3,5.3,11.1,23.1,11.4,4,0.5,4,0.0,2,0.0,0.129,0.7,0.7,6.6,0.7,14.0,0.0,0.0,5.3,0,2021-2022,0
4363,Markieff Morris,F,32.61,17,17.6,36.6,20.6,14.5,9,0.889,75,0.547,39,0.333,0.547,7.6,2.6,8.6,1.4,12.1,0.35,0.06,6.9,0,2021-2022,0
4364,Monte Morris,G,26.79,75,29.9,62.2,17.4,8.8,84,0.869,459,0.545,314,0.395,0.583,12.6,3.0,5.6,4.4,21.4,0.73,0.19,7.4,0,2021-2022,0
4365,Emmanuel Mudiay,G,26.1,2,5.5,11.5,18.6,21.0,4,0.75,2,0.0,0,0.0,0.399,1.5,0.0,0.0,2.0,43.4,0.5,0.0,0.0,0,2021-2022,0
4366,Mychal Mulder,G,27.83,17,14.1,29.3,16.1,9.265,4,1.0,23,0.294,54,0.309,0.433,4.1,1.4,5.5,0.3,2.7,0.24,0.12,3.2,0,2021-2022,0
4367,Ade Murkey,G,20.0,1,1.5,3.1,0.0,0.0,0,0.0,0,0.0,0,0.0,0.0,0.0,0.0,0.0,0.0,0.0,0.0,0.0,0.0,0,2021-2022,0
4368,Trey Murphy III,F,21.81,62,13.9,29.0,15.7,5.1,51,0.882,91,0.418,186,0.382,0.558,5.4,2.4,9.4,0.6,6.2,0.37,0.11,5.7,0,2021-2022,0
4369,Dejounte Murray,G,25.56,68,34.8,72.5,27.3,11.8,247,0.794,947,0.504,294,0.327,0.533,21.1,8.3,12.5,9.2,40.6,2.04,0.34,13.5,0,2021-2022,0
4370,Mike Muscala,F-C,30.78,43,13.8,28.7,20.9,4.9,57,0.842,85,0.506,163,0.429,0.63,8.0,3.0,11.2,0.5,6.2,0.42,0.6,6.6,0,2021-2022,0
4371,Svi Mykhailiuk,G-F,24.84,56,12.8,26.6,16.9,11.3,37,0.865,100,0.5,134,0.306,0.509,4.6,1.6,7.0,0.8,8.8,0.46,0.07,5.6,0,2021-2022,0
4372,Abdel Nader,F,28.54,14,10.4,21.6,14.9,21.8,10,0.6,21,0.381,14,0.286,0.431,2.4,1.9,10.0,0.5,5.8,0.57,0.29,5.1,0,2021-2022,0
4373,Larry Nance Jr.,F-C,29.27,46,22.6,47.1,12.9,11.978,57,0.721,177,0.6,70,0.344,0.59,7.0,5.3,13.0,1.8,11.3,0.94,0.43,7.0,0,2021-2022,0
4374,RJ Nembhard Jr.,G,23.06,14,4.5,9.3,16.1,13.2,4,0.75,16,0.375,2,0.0,0.38,1.1,0.5,6.2,0.9,26.2,0.07,0.0,7.0,0,2021-2022,0
4375,Aaron Nesmith,G-F,22.49,52,11.0,23.0,17.2,13.8,26,0.808,67,0.612,115,0.27,0.507,3.8,1.7,8.4,0.4,5.4,0.38,0.08,5.0,0,2021-2022,0
4376,Raul Neto,G,29.89,70,19.6,40.8,18.4,13.9,108,0.769,321,0.526,120,0.292,0.538,7.5,1.9,5.4,3.1,22.9,0.79,0.04,7.2,0,2021-2022,0
4377,Malik Newman,G,25.13,1,7.7,16.0,39.5,14.5,2,1.0,4,0.75,1,0.0,0.68,8.0,1.0,7.2,1.0,29.8,0.0,0.0,10.4,0,2021-2022,0
4378,Georges Niang,F,28.82,76,22.8,47.6,16.8,9.1,59,0.881,176,0.511,387,0.403,0.594,9.2,2.7,6.5,1.3,8.7,0.39,0.16,5.6,0,2021-2022,0
4379,Daishen Nix,G,20.16,24,10.9,22.6,17.3,24.5,30,0.533,41,0.488,26,0.269,0.48,3.2,1.4,6.9,1.7,21.5,0.58,0.0,7.2,0,2021-2022,0
4380,Zeke Nnaji,F-C,21.25,41,17.0,35.4,14.9,9.7,65,0.631,106,0.557,80,0.463,0.629,6.6,3.6,11.8,0.4,3.4,0.39,0.32,5.0,0,2021-2022,0
4381,Nerlens Noel,C-F,28.0,25,22.5,46.8,7.3,21.5,30,0.7,57,0.561,3,0.0,0.581,3.4,5.6,13.4,0.9,5.7,1.2,1.24,4.6,0,2021-2022,0
4382,Jaylen Nowell,G,22.76,62,15.7,32.8,21.0,7.4,92,0.783,253,0.526,160,0.394,0.581,8.5,2.0,6.7,2.1,20.2,0.44,0.16,8.4,0,2021-2022,0
4383,Frank Ntilikina,G,23.7,58,11.8,24.6,17.4,11.7,25,0.96,113,0.451,110,0.345,0.513,4.1,1.4,6.4,1.2,14.7,0.47,0.12,6.4,0,2021-2022,0
4384,Jusuf Nurkic,C,27.63,56,28.2,58.7,23.6,16.6,268,0.69,544,0.563,56,0.268,0.586,15.0,11.1,21.5,2.8,16.6,1.11,0.61,11.0,0,2021-2022,0
4385,David Nwaba,G-F,29.24,46,13.2,27.6,15.8,9.3,67,0.716,127,0.551,49,0.306,0.567,5.1,3.3,13.6,0.8,8.5,0.61,0.43,7.2,0,2021-2022,0
4386,Jordan Nwora,F,23.59,62,19.1,39.8,19.4,10.6,43,0.837,235,0.455,227,0.348,0.506,7.9,3.6,9.9,1.0,7.0,0.39,0.27,6.4,0,2021-2022,0
4387,Semi Ojeleye,F,27.35,30,13.5,28.2,13.4,7.467,29,0.784,49,0.294,50,0.327,0.44,3.3,2.5,9.5,0.3,3.2,0.23,0.2,4.2,0,2021-2022,0
4388,Chuma Okeke,F,23.65,70,25.0,52.0,16.4,8.6,65,0.846,204,0.48,371,0.318,0.501,8.6,5.0,10.5,1.7,10.1,1.39,0.6,6.7,0,2021-2022,0
4389,Josh Okogie,G,23.61,49,10.5,21.9,12.1,15.4,51,0.686,57,0.491,47,0.298,0.526,2.7,1.4,7.3,0.5,6.2,0.53,0.24,4.7,0,2021-2022,0
4390,Onyeka Okongwu,F-C,21.33,48,20.7,43.1,14.0,13.8,110,0.727,226,0.69,0,0.0,0.714,8.2,5.9,15.6,1.1,7.6,0.63,1.25,7.3,0,2021-2022,0
4391,Isaac Okoro,F-G,21.21,67,29.6,61.6,12.4,10.4,155,0.768,274,0.555,157,0.35,0.589,8.8,3.0,5.6,1.8,8.5,0.84,0.33,4.9,0,2021-2022,0
4392,KZ Okpala,F-G,22.95,21,11.6,24.2,14.4,6.3,11,0.727,43,0.488,26,0.346,0.521,3.7,2.0,9.5,0.7,8.3,0.19,0.33,6.0,0,2021-2022,0
4393,Victor Oladipo,G,29.93,8,21.6,45.1,25.0,16.4,19,0.737,37,0.541,36,0.417,0.608,12.4,2.9,7.5,3.5,26.3,0.63,0.13,9.3,0,2021-2022,0
4394,Cameron Oliver,F,20.0,2,21.7,45.1,16.5,0.0,3,0.667,12,0.75,3,0.333,0.705,11.5,3.0,7.6,1.5,11.0,0.5,0.5,6.9,0,2021-2022,0
4395,Kelly Olynyk,F-C,30.98,40,19.1,39.8,21.5,15.1,89,0.775,167,0.527,119,0.336,0.561,9.1,4.4,12.5,2.8,23.1,0.78,0.48,10.1,0,2021-2022,0
4396,Eugene Omoruyi,F,25.15,4,4.5,9.3,17.1,0.0,4,0.5,3,0.333,2,0.5,0.518,1.8,1.8,21.9,0.5,16.0,0.0,0.0,10.4,0,2021-2022,0
4397,Royce O'Neale,F,28.85,77,31.2,65.1,9.9,14.3,56,0.804,138,0.609,306,0.389,0.608,7.4,4.8,8.4,2.5,10.5,1.1,0.42,5.7,0,2021-2022,0
4398,Miye Oni,G-F,24.69,16,2.8,5.8,10.3,9.6,1,0.0,1,1.0,8,0.125,0.265,0.3,0.4,8.7,0.3,14.2,0.0,0.0,4.7,0,2021-2022,0
4399,Cedi Osman,F,27.01,66,22.1,46.1,21.1,9.6,131,0.664,214,0.556,359,0.357,0.562,10.7,2.2,5.6,2.0,14.1,0.79,0.15,6.5,0,2021-2022,0
4400,Daniel Oturu,C,22.56,3,9.1,19.0,12.9,0.0,5,0.6,5,0.6,1,0.0,0.549,3.0,1.7,9.9,0.0,0.0,0.0,0.67,0.0,0,2021-2022,0
4401,Kelly Oubre Jr.,F-G,26.34,76,26.3,54.8,23.0,6.2,189,0.667,380,0.576,553,0.345,0.559,15.0,4.0,8.0,1.1,6.2,1.01,0.41,6.1,0,2021-2022,0
4402,Jaysean Paige,G,27.7,1,6.6,13.8,26.0,25.0,0,0.0,1,0.0,2,0.0,0.0,0.0,1.0,8.2,1.0,19.2,0.0,0.0,0.0,0,2021-2022,0
4403,Trayvon Palmer,G,27.41,1,16.8,35.0,5.1,50.0,0,0.0,1,0.0,0,0.0,0.0,0.0,2.0,6.4,0.0,0.0,0.0,0.0,0.0,0,2021-2022,0
4404,Kevin Pangos,G,29.21,24,6.9,14.4,14.6,12.8,4,0.75,20,0.45,26,0.231,0.408,1.6,0.5,3.7,1.3,24.6,0.13,0.0,5.9,0,2021-2022,0
4405,Jabari Parker,F,27.07,12,9.4,19.5,19.6,16.0,9,1.0,22,0.455,16,0.5,0.632,4.4,2.3,13.5,0.5,7.9,0.33,0.08,7.3,0,2021-2022,0
4406,Eric Paschall,F,25.43,58,12.7,26.5,17.7,9.0,86,0.767,127,0.583,108,0.37,0.612,5.8,1.8,7.9,0.6,7.1,0.16,0.09,5.8,0,2021-2022,0
4407,Chris Paul,G,36.93,65,32.9,68.6,19.7,15.6,202,0.837,537,0.559,199,0.317,0.581,14.7,4.4,7.1,10.8,44.5,1.86,0.31,10.8,1,2021-2022,1
4408,Cameron Payne,G,27.67,58,22.0,45.9,24.6,14.1,89,0.843,376,0.449,211,0.336,0.5,10.8,3.0,7.3,4.9,30.7,0.69,0.29,9.8,0,2021-2022,0
4409,Gary Payton II,G,29.36,71,17.6,36.6,14.3,9.8,58,0.603,224,0.754,120,0.358,0.679,7.1,3.5,10.7,0.9,7.5,1.34,0.31,6.4,0,2021-2022,0
4410,Elfrid Payton,G,28.13,50,11.0,22.9,18.5,19.9,32,0.375,157,0.401,18,0.222,0.397,3.0,1.8,8.6,2.0,22.9,0.5,0.12,8.0,0,2021-2022,0
4411,Norvel Pelle,C,29.18,3,6.3,13.2,16.1,28.6,0,0.0,5,0.6,0,0.0,0.6,2.0,2.0,17.3,0.0,0.0,0.0,0.33,0.0,0,2021-2022,0
4412,Reggie Perry,F-C,22.06,10,18.7,39.1,21.4,10.35,15,0.54,63,0.623,16,0.169,0.579,9.2,4.7,13.3,1.2,10.4,0.9,0.6,7.4,0,2021-2022,0
4413,Jamorko Pickett,F,24.3,13,13.6,28.3,13.6,8.9,2,0.5,11,0.455,39,0.333,0.491,3.8,2.5,9.8,0.5,5.8,0.0,0.54,4.9,0,2021-2022,0
4414,Theo Pinson,G-F,26.43,19,7.8,16.2,14.7,10.3,10,1.0,9,0.444,30,0.333,0.553,2.5,1.1,7.9,0.9,15.9,0.26,0.11,6.9,0,2021-2022,0
4415,Mason Plumlee,F-C,32.1,73,24.6,51.2,11.7,20.2,171,0.392,318,0.645,2,0.0,0.603,6.5,7.8,16.8,3.1,16.4,0.82,0.71,8.8,0,2021-2022,0
4416,Jakob Poeltl,C,26.49,68,29.0,60.3,18.3,12.7,190,0.495,662,0.618,1,1.0,0.613,13.5,9.3,16.9,2.8,14.0,0.66,1.72,9.7,0,2021-2022,0
4417,Aleksej Pokusevski,C,20.29,61,20.2,42.1,20.0,16.4,50,0.7,259,0.498,197,0.289,0.485,7.6,5.2,13.3,2.1,16.6,0.64,0.61,8.6,0,2021-2022,0
4418,Yves Pons,F,22.93,12,5.9,12.3,10.3,5.6,2,0.0,7,0.286,9,0.333,0.385,1.1,1.0,8.8,0.1,1.7,0.08,0.33,3.2,0,2021-2022,0
4419,Jordan Poole,G,22.81,76,30.0,62.6,26.1,13.7,266,0.925,478,0.55,580,0.364,0.598,18.5,3.4,6.2,4.0,21.1,0.79,0.3,8.4,0,2021-2022,0
4420,Kevin Porter Jr.,G-F,21.94,61,31.3,65.1,24.1,17.7,193,0.642,395,0.456,413,0.375,0.531,15.6,4.4,7.7,6.2,30.7,1.11,0.38,9.6,0,2021-2022,0
4421,Michael Porter Jr.,F,23.78,9,29.5,61.4,19.7,10.1,9,0.556,55,0.491,48,0.208,0.416,9.9,6.6,12.4,1.9,8.9,1.11,0.22,6.8,0,2021-2022,0
4422,Otto Porter Jr.,F,28.86,63,22.2,46.1,15.1,7.7,61,0.803,201,0.562,216,0.37,0.58,8.2,5.8,14.1,1.5,9.6,1.06,0.44,7.5,0,2021-2022,0
4423,Bobby Portis,F,27.16,72,28.2,58.7,21.3,8.9,113,0.752,533,0.533,338,0.393,0.571,14.6,9.1,17.2,1.2,6.4,0.74,0.71,7.7,0,2021-2022,0
4424,Kristaps Porzingis,F-C,26.69,51,29.1,60.5,29.5,8.3,286,0.867,515,0.532,252,0.311,0.576,20.2,8.1,15.4,2.3,13.8,0.73,1.65,9.9,0,2021-2022,0
4425,Micah Potter,F,24.01,3,10.3,21.5,17.9,7.8,2,1.0,9,0.556,2,0.0,0.505,4.0,3.0,15.7,0.0,0.0,0.33,0.33,0.0,0,2021-2022,0
4426,Dwight Powell,F-C,30.73,82,21.9,45.7,14.0,11.5,212,0.783,364,0.703,37,0.351,0.725,8.7,4.9,12.5,1.2,8.1,0.45,0.48,6.8,0,2021-2022,0
4427,Myles Powell,G,20.0,11,4.7,9.9,18.0,14.4,2,1.0,11,0.364,6,0.167,0.364,1.2,0.5,6.4,0.3,8.0,0.09,0.0,4.8,0,2021-2022,0
4428,Norman Powell,G,28.88,45,32.4,67.5,23.3,8.911,233,0.809,352,0.491,253,0.421,0.603,19.0,3.2,5.4,2.2,11.0,0.93,0.47,6.4,0,2021-2022,0
4429,Joshua Primo,G,19.3,50,19.3,40.2,15.4,15.9,59,0.746,133,0.444,137,0.307,0.487,5.8,2.3,6.1,1.6,10.6,0.4,0.46,5.7,0,2021-2022,0
4430,Taurean Prince,F,28.06,69,17.1,35.5,17.1,11.0,82,0.756,162,0.562,229,0.376,0.588,7.3,2.5,7.9,1.0,8.1,0.68,0.33,6.2,0,2021-2022,0
4431,Payton Pritchard,G,24.2,71,14.1,29.4,18.6,9.7,21,1.0,128,0.461,245,0.412,0.578,6.2,1.9,7.2,2.0,20.4,0.34,0.08,8.1,0,2021-2022,0
4432,Trevelin Queen,G,20.0,10,7.4,15.5,23.8,16.8,4,1.0,9,0.667,24,0.375,0.619,4.3,1.6,11.8,0.4,8.7,0.5,0.1,7.6,0,2021-2022,0
4433,Neemias Queta,C,22.75,14,8.5,17.8,18.5,11.7,17,0.647,38,0.447,0,0.0,0.495,3.2,2.2,14.0,0.4,7.2,0.07,0.57,6.6,0,2021-2022,0
4434,Immanuel Quickley,G,22.82,78,23.1,48.1,22.2,10.9,201,0.881,328,0.448,396,0.346,0.543,11.3,3.2,7.3,3.5,24.5,0.69,0.04,8.7,0,2021-2022,0
4435,Jahmi'us Ramsey,G,20.84,19,7.1,14.7,22.2,7.2,14,0.5,40,0.475,18,0.278,0.468,3.2,0.7,5.3,0.4,7.9,0.05,0.05,5.4,0,2021-2022,0
4436,Julius Randle,F-C,27.37,72,35.3,73.6,28.7,14.7,401,0.756,856,0.458,390,0.308,0.509,20.1,10.0,15.0,5.1,25.1,0.74,0.54,11.4,0,2021-2022,1
4437,Austin Reaves,G,23.87,61,23.2,48.4,12.4,9.8,118,0.839,150,0.62,168,0.315,0.6,7.3,3.2,7.3,1.8,10.3,0.46,0.33,6.0,0,2021-2022,0
4438,Cam Reddish,F-G,22.61,49,20.6,43.0,21.8,11.533,112,0.902,224,0.463,184,0.342,0.549,10.1,2.2,5.6,1.0,7.0,0.98,0.3,5.3,0,2021-2022,0
4439,Davon Reed,G,26.83,48,13.9,29.0,12.1,8.7,15,0.667,75,0.587,86,0.43,0.624,4.4,2.3,9.0,1.1,10.7,0.5,0.19,6.4,0,2021-2022,0
4440,Paul Reed,F,22.83,38,8.0,16.6,16.6,8.9,14,0.429,88,0.591,8,0.25,0.568,3.1,2.4,17.0,0.4,8.3,0.87,0.37,7.2,0,2021-2022,0
4441,Naz Reid,C-F,22.63,77,15.8,32.9,21.4,13.2,149,0.765,310,0.568,166,0.343,0.588,8.3,3.9,13.2,0.9,8.7,0.52,0.92,7.8,0,2021-2022,0
4442,Nick Richards,C,24.37,50,7.3,15.3,15.4,18.1,43,0.698,90,0.667,0,0.0,0.689,3.0,1.7,12.4,0.3,4.9,0.18,0.42,6.3,0,2021-2022,0
4443,Josh Richardson,G,28.57,65,24.6,51.3,17.5,10.078,108,0.887,288,0.46,246,0.412,0.572,10.2,2.8,6.2,1.8,10.1,0.86,0.45,6.0,0,2021-2022,0
4444,Austin Rivers,G,29.69,67,22.1,46.0,12.6,12.8,44,0.727,119,0.563,231,0.342,0.546,6.0,1.7,4.3,1.3,8.0,0.76,0.09,4.3,0,2021-2022,0
4445,Duncan Robinson,F,27.97,79,25.9,53.9,17.7,7.4,61,0.836,102,0.569,624,0.372,0.573,10.9,2.6,5.6,1.6,9.3,0.53,0.18,5.5,0,2021-2022,0
4446,Jeremiah Robinson-Earl,F,21.43,49,22.2,46.2,15.4,10.1,54,0.741,159,0.478,165,0.352,0.526,7.5,5.6,13.0,1.0,6.7,0.59,0.31,6.3,0,2021-2022,0
4447,Justin Robinson,G,24.5,25,12.1,25.3,16.6,15.012,8,0.747,32,0.325,61,0.259,0.388,3.1,0.8,3.6,1.2,14.2,0.36,0.04,4.8,0,2021-2022,0
4448,Mitchell Robinson,C-F,24.03,72,25.7,53.5,11.4,12.4,181,0.486,343,0.761,0,0.0,0.722,8.5,8.6,17.8,0.5,3.2,0.79,1.85,5.2,0,2021-2022,0
4449,Isaiah Roby,F,24.18,45,21.1,43.9,19.0,10.3,116,0.672,224,0.545,99,0.444,0.607,10.1,4.8,11.8,1.6,12.1,0.8,0.76,8.1,0,2021-2022,0
4450,Rajon Rondo,G,36.13,39,17.9,37.3,16.0,26.715,26,0.635,89,0.416,88,0.337,0.479,4.8,2.8,8.5,4.3,32.8,0.77,0.16,8.4,0,2021-2022,0
4451,Derrick Rose,G,33.52,26,24.5,51.0,22.5,11.9,31,0.968,182,0.467,92,0.402,0.541,12.0,3.0,6.5,4.0,27.5,0.85,0.46,8.6,0,2021-2022,0
4452,Terrence Ross,G-F,31.18,63,23.0,47.9,20.5,10.9,130,0.862,290,0.493,264,0.292,0.515,10.0,2.6,5.9,1.8,12.5,0.44,0.19,6.3,0,2021-2022,0
4453,Terry Rozier,G,28.07,73,33.7,70.1,23.2,7.1,176,0.852,575,0.517,593,0.374,0.566,19.3,4.3,6.8,4.5,19.8,1.27,0.34,8.5,0,2021-2022,0
4454,Ricky Rubio,G,31.47,34,28.5,59.4,24.9,16.5,103,0.854,237,0.38,174,0.339,0.488,13.1,4.1,8.0,6.6,34.5,1.44,0.21,9.9,0,2021-2022,0
4455,D'Angelo Russell,G,26.13,65,31.9,66.6,25.1,13.2,240,0.825,457,0.492,518,0.34,0.544,18.1,3.3,5.6,7.1,33.1,0.95,0.34,9.4,0,2021-2022,0
4456,Matt Ryan,F,24.98,1,5.3,11.0,41.6,0.0,0,0.0,0,0.0,5,0.2,0.3,3.0,0.0,0.0,0.0,0.0,1.0,0.0,0.0,0,2021-2022,0
4457,Domantas Sabonis,F-C,25.94,62,34.4,71.7,22.4,17.494,332,0.741,648,0.626,125,0.302,0.638,18.9,12.1,19.5,5.2,23.6,0.95,0.44,12.4,0,2021-2022,0
4458,Olivier Sarr,C,23.14,22,19.1,39.9,13.9,16.2,29,0.828,72,0.625,29,0.448,0.672,7.0,4.2,11.4,0.9,6.9,0.27,0.68,6.2,0,2021-2022,0
4459,Tomas Satoransky,G,30.45,55,16.4,34.3,12.5,17.284,54,0.792,138,0.426,53,0.203,0.458,3.6,2.3,7.6,3.3,26.0,0.53,0.09,7.1,0,2021-2022,0
4460,Jordan Schakel,G,23.83,4,7.6,15.8,18.9,7.8,2,1.0,5,0.0,6,0.167,0.21,1.3,2.0,14.6,0.0,0.0,0.25,0.0,0.0,0,2021-2022,0
4461,Admiral Schofield,F,25.03,38,12.3,25.7,14.5,13.4,15,0.8,50,0.56,79,0.329,0.538,3.8,2.3,10.0,0.7,7.9,0.11,0.13,5.9,0,2021-2022,0
4462,Dennis Schroder,G,28.57,64,28.7,59.8,22.5,15.23,184,0.854,474,0.474,250,0.344,0.537,13.6,3.3,6.3,4.6,24.3,0.85,0.12,8.2,0,2021-2022,0
4463,Trevon Scott,F,25.37,2,5.7,11.9,23.3,0.0,0,0.0,5,0.6,1,0.0,0.5,3.0,1.0,9.7,0.0,0.0,0.5,0.5,0.0,0,2021-2022,0
4464,Jay Scrubb,G,21.61,18,6.7,14.1,20.8,12.2,10,0.7,25,0.48,21,0.286,0.486,2.7,0.9,6.9,0.4,9.7,0.22,0.17,5.9,0,2021-2022,0
4465,Wayne Selden,G,27.53,3,6.4,13.3,13.2,0.0,4,0.5,2,0.0,2,0.5,0.434,1.7,0.3,2.8,0.3,7.2,0.0,0.0,3.3,0,2021-2022,0
4466,Alperen Sengun,C,19.71,72,20.7,43.1,22.0,18.8,232,0.711,408,0.539,117,0.248,0.552,9.6,5.5,14.5,2.6,19.1,0.81,0.94,10.0,0,2021-2022,0
4467,Collin Sexton,G,23.27,11,28.8,59.9,27.9,15.6,39,0.744,106,0.538,45,0.244,0.523,16.0,3.3,6.3,2.1,11.9,0.91,0.0,6.7,0,2021-2022,0
4468,Landry Shamet,G,25.08,69,20.8,43.4,16.8,7.3,81,0.84,151,0.45,334,0.368,0.55,8.3,1.8,4.7,1.6,9.7,0.41,0.13,5.5,0,2021-2022,0
4469,Day'Ron Sharpe,F,20.43,32,12.2,25.4,21.7,15.2,41,0.585,142,0.592,7,0.286,0.593,6.2,5.0,22.3,0.5,6.7,0.31,0.47,8.2,0,2021-2022,0
4470,Pascal Siakam,F,28.03,68,37.9,79.0,25.8,11.6,379,0.749,989,0.527,218,0.344,0.565,22.8,8.5,12.2,5.3,23.0,1.25,0.62,10.6,1,2021-2022,0
4471,Chris Silva,F,25.56,10,9.1,19.0,13.0,25.47,12,0.75,15,0.48,0,0.0,0.577,2.6,3.6,21.9,0.7,9.9,0.0,0.1,7.7,0,2021-2022,0
4472,Marko Simonovic,C,22.49,9,3.9,8.1,27.3,9.2,11,0.727,10,0.3,5,0.2,0.428,1.9,1.1,16.0,0.0,0.0,0.11,0.11,0.0,0,2021-2022,0
4473,Anfernee Simons,G,22.84,57,29.5,61.4,24.8,11.9,116,0.888,355,0.49,442,0.405,0.583,17.3,2.6,4.9,3.9,22.2,0.53,0.11,7.6,0,2021-2022,0
4474,Zavier Simpson,G,25.16,4,43.5,90.7,15.9,15.6,5,1.0,44,0.409,8,0.125,0.406,11.0,5.3,6.2,7.5,25.2,1.25,1.0,7.0,0,2021-2022,0
4475,Jericho Sims,C,23.47,41,13.5,28.2,6.9,23.1,29,0.414,54,0.722,0,0.0,0.674,2.2,4.1,16.3,0.5,5.3,0.27,0.54,4.9,0,2021-2022,0
4476,Deividas Sirvydis,F-G,21.83,3,8.9,18.5,16.1,0.0,0,0.0,3,0.0,7,0.143,0.15,1.0,2.0,12.2,0.3,5.0,1.0,0.33,3.8,0,2021-2022,0
4477,Javonte Smart,G,22.86,17,11.8,24.5,16.2,15.088,6,0.637,33,0.332,27,0.274,0.398,3.0,1.5,6.5,1.0,10.2,0.35,0.17,5.3,0,2021-2022,0
4478,Marcus Smart,G,28.1,71,32.3,67.4,18.3,16.7,179,0.793,357,0.507,360,0.331,0.541,12.1,3.8,6.3,5.9,25.6,1.72,0.25,8.0,0,2021-2022,0
4479,Dennis Smith Jr.,G,24.38,37,17.3,36.0,18.2,19.0,64,0.656,162,0.451,27,0.222,0.474,5.6,2.4,7.5,3.6,30.5,1.22,0.32,8.4,0,2021-2022,0
4480,Ish Smith,G,33.77,65,17.3,36.1,19.9,15.183,24,0.618,363,0.43,67,0.381,0.458,6.3,2.1,6.6,3.7,30.3,0.74,0.35,8.3,0,2021-2022,0
4481,Jalen Smith,F-C,22.07,51,18.2,37.8,20.3,10.245,102,0.765,228,0.586,122,0.292,0.582,9.2,6.1,18.6,0.5,3.4,0.3,0.81,6.1,0,2021-2022,0
4482,Xavier Sneed,F,20.0,9,4.3,8.9,11.1,0.0,0,0.0,2,0.389,8,0.13,0.243,0.5,0.7,8.5,0.1,3.2,0.0,0.0,2.5,0,2021-2022,0
4483,Tony Snell,G,30.42,53,15.5,32.3,9.9,9.987,4,1.0,43,0.552,128,0.342,0.528,3.5,2.0,7.0,0.6,4.9,0.3,0.17,4.0,0,2021-2022,0
4484,Jaden Springer,G,19.54,2,2.8,5.8,16.0,50.0,0,0.0,1,1.0,0,0.0,1.0,1.0,1.0,19.9,0.0,0.0,0.0,1.0,0.0,0,2021-2022,0
4485,Cassius Stanley,G,22.65,9,17.2,35.9,15.6,10.6,10,1.0,29,0.517,17,0.235,0.516,5.8,2.1,6.6,0.4,3.9,0.56,0.22,3.9,0,2021-2022,0
4486,Nik Stauskas,G,28.51,8,4.8,10.1,21.8,9.525,6,0.562,4,0.062,10,0.375,0.523,2.3,0.4,1.8,0.3,8.6,0.0,0.0,1.4,0,2021-2022,0
4487,Lance Stephenson,F,31.6,46,17.7,36.9,22.1,17.27,80,0.757,233,0.514,90,0.27,0.523,8.3,2.8,8.8,3.6,29.7,0.52,0.09,9.6,0,2021-2022,0
4488,Lamar Stevens,F,24.76,63,16.1,33.6,17.1,10.4,75,0.707,254,0.543,65,0.277,0.544,6.1,2.6,8.9,0.7,6.5,0.49,0.29,5.5,0,2021-2022,0
4489,Isaiah Stewart,F-C,20.89,71,25.6,53.3,14.7,13.7,103,0.718,445,0.528,46,0.326,0.549,8.3,8.7,18.4,1.2,6.9,0.31,1.1,6.9,0,2021-2022,0
4490,Max Strus,G-F,26.04,68,23.3,48.6,18.1,8.8,53,0.792,122,0.557,442,0.41,0.614,10.6,3.0,7.2,1.4,8.8,0.43,0.24,6.1,0,2021-2022,0
4491,Jalen Suggs,G,20.86,48,27.2,56.7,25.3,18.7,163,0.773,352,0.443,196,0.214,0.455,11.8,3.6,6.9,4.4,24.9,1.23,0.4,8.4,0,2021-2022,0
4492,Craig Sword,G,28.23,3,6.3,13.2,11.7,20.0,0,0.0,3,1.0,1,0.0,0.75,2.0,0.0,0.0,0.3,7.7,1.33,0.0,0.0,0,2021-2022,0
4493,Keifer Sykes,G,28.28,32,17.7,36.9,17.4,14.3,17,0.882,100,0.42,90,0.3,0.456,5.6,1.4,4.4,1.9,14.9,0.38,0.13,5.6,0,2021-2022,0
4494,Jae'Sean Tate,F,26.45,78,26.4,54.9,19.6,14.6,184,0.707,527,0.569,202,0.312,0.567,11.8,5.4,11.2,2.8,16.8,0.94,0.53,8.5,0,2021-2022,0
4495,Jayson Tatum,F-G,24.11,76,35.9,74.9,32.1,10.9,469,0.853,913,0.524,651,0.353,0.578,26.9,8.0,12.1,4.4,21.1,0.97,0.64,10.9,1,2021-2022,0
4496,Terry Taylor,G,22.55,33,21.6,45.1,15.9,9.0,51,0.706,181,0.68,38,0.316,0.659,9.6,5.2,13.4,1.2,8.6,0.42,0.27,7.2,0,2021-2022,0
4497,Garrett Temple,G-F,35.93,59,18.6,38.8,13.9,11.8,41,0.683,110,0.473,185,0.319,0.494,5.2,2.4,7.2,1.3,9.2,0.73,0.39,5.4,0,2021-2022,0
4498,Emanuel Terry,F,26.64,3,6.1,12.6,23.7,50.0,0,0.0,5,0.0,0,0.0,0.0,0.0,5.0,44.1,0.7,12.1,0.33,0.0,0.0,0,2021-2022,0
4499,Tyrell Terry,G,21.53,2,1.6,3.2,13.2,0.0,0,0.0,1,1.0,0,0.0,1.0,1.0,0.0,0.0,0.0,0.0,0.0,0.0,0.0,0,2021-2022,0
4500,Jon Teske,C,20.0,3,2.6,5.4,9.9,0.0,2,0.0,1,0.0,0,0.0,0.0,0.0,0.7,13.4,0.3,14.2,0.33,0.0,0.0,0,2021-2022,0
4501,Daniel Theis,F-C,30.02,47,20.8,43.3,16.2,12.26,72,0.681,184,0.641,107,0.32,0.6,8.2,4.9,12.8,0.9,6.4,0.42,0.68,6.3,0,2021-2022,0
4502,Brodric Thomas,G,25.2,12,5.0,10.4,19.3,22.9,5,0.6,9,0.667,9,0.222,0.52,1.8,0.8,9.0,0.9,26.0,0.08,0.08,8.7,0,2021-2022,0
4503,Cam Thomas,G,20.49,67,17.6,36.6,22.1,9.1,105,0.829,329,0.52,174,0.27,0.519,8.5,2.4,7.5,1.2,9.7,0.49,0.12,6.6,0,2021-2022,0
4504,Isaiah Thomas,G,33.17,22,15.2,31.6,25.5,7.495,26,0.853,84,0.464,83,0.348,0.524,8.4,1.3,4.7,1.5,16.9,0.32,0.23,6.7,0,2021-2022,0
4505,Matt Thomas,G,27.69,40,11.5,23.9,14.5,5.3,20,0.8,43,0.465,91,0.385,0.564,4.0,1.3,6.1,0.5,5.8,0.2,0.08,4.8,0,2021-2022,0
4506,Klay Thompson,G,32.17,32,29.4,61.3,29.6,6.7,51,0.902,277,0.477,296,0.385,0.547,20.4,3.9,7.2,2.8,16.1,0.5,0.53,8.2,0,2021-2022,0
4507,Tristan Thompson,C-F,31.08,57,15.7,32.8,17.6,12.186,116,0.525,264,0.534,3,0.526,0.543,6.1,5.1,17.7,0.6,5.5,0.41,0.37,6.7,0,2021-2022,0
4508,JT Thor,F,19.63,33,7.9,16.5,12.0,13.6,20,0.6,28,0.607,27,0.259,0.525,2.0,1.3,8.7,0.6,9.2,0.24,0.33,5.9,0,2021-2022,0
4509,Matisse Thybulle,G-F,25.1,66,25.5,53.2,9.5,10.9,43,0.791,156,0.673,144,0.313,0.594,5.7,2.3,5.0,1.1,6.1,1.74,1.08,3.8,0,2021-2022,0
4510,Killian Tillie,F-C,24.1,36,12.8,26.7,12.8,9.1,8,0.625,41,0.39,86,0.314,0.452,3.3,1.7,6.8,0.6,5.9,0.64,0.42,4.7,0,2021-2022,0
4511,Xavier Tillman,F,23.24,53,13.2,27.5,16.4,12.1,71,0.648,167,0.527,49,0.204,0.51,4.8,3.0,12.0,1.2,11.6,0.94,0.28,7.8,0,2021-2022,0
4512,Isaiah Todd,F,20.48,12,6.2,12.9,19.6,12.3,6,0.333,10,0.3,16,0.25,0.349,1.7,1.0,8.9,0.3,7.2,0.33,0.17,5.2,0,2021-2022,0
4513,Obi Toppin,F,24.1,72,17.1,35.6,20.8,9.6,124,0.758,304,0.655,169,0.308,0.614,9.0,3.7,11.6,1.1,10.9,0.35,0.46,7.8,0,2021-2022,0
4514,Juan Toscano-Anderson,F,29.0,73,13.6,28.4,14.7,20.4,70,0.571,148,0.588,87,0.322,0.561,4.1,2.4,9.6,1.7,17.6,0.66,0.23,7.5,0,2021-2022,0
4515,Karl-Anthony Towns,C-F,26.4,74,33.5,69.7,27.8,13.7,467,0.822,846,0.582,367,0.409,0.641,24.6,9.8,15.7,3.6,18.0,0.97,1.12,11.4,1,2021-2022,0
4516,Gary Trent Jr.,G-F,23.23,70,35.0,72.9,21.8,5.8,204,0.853,541,0.445,545,0.383,0.546,18.3,2.7,4.2,2.0,8.8,1.79,0.26,5.3,0,2021-2022,0
4517,P.J. Tucker,F,36.93,71,27.9,58.1,11.7,12.7,61,0.738,235,0.54,193,0.415,0.593,7.6,5.5,11.1,2.1,10.6,0.82,0.21,6.4,0,2021-2022,0
4518,Rayjon Tucker,G,24.55,5,14.2,29.5,7.2,4.28,7,0.717,4,0.2,5,0.7,0.839,4.2,1.6,6.6,2.0,17.6,0.8,0.0,6.4,0,2021-2022,0
4519,Myles Turner,C-F,26.05,42,29.4,61.2,17.1,10.9,105,0.752,210,0.662,183,0.333,0.615,12.9,7.1,13.4,1.0,5.1,0.67,2.81,6.1,0,2021-2022,0
4520,Jonas Valanciunas,C,29.93,74,30.3,63.1,23.8,14.4,289,0.82,780,0.581,158,0.361,0.617,17.8,11.4,20.8,2.6,14.0,0.57,0.81,10.7,0,2021-2022,0
4521,Denzel Valentine,G,28.4,24,9.3,19.3,15.5,15.517,0,0.0,19,0.338,47,0.403,0.525,2.9,1.7,10.4,0.5,7.0,0.33,0.0,5.3,0,2021-2022,0
4522,Jarred Vanderbilt,F,23.02,74,25.4,52.9,10.9,14.8,131,0.656,347,0.605,14,0.143,0.612,6.9,8.4,17.7,1.3,6.7,1.34,0.62,6.7,0,2021-2022,0
4523,Fred VanVleet,G,28.12,65,37.9,78.9,23.7,12.5,222,0.874,455,0.44,642,0.377,0.552,20.3,4.5,6.4,6.7,26.7,1.71,0.55,9.0,0,2021-2022,0
4524,Devin Vassell,G-F,21.63,71,27.3,56.8,18.9,6.7,99,0.838,384,0.492,380,0.361,0.54,12.3,4.3,8.3,1.9,9.7,1.06,0.59,6.8,0,2021-2022,0
4525,Gabe Vincent,G,25.82,68,23.4,48.7,17.8,15.4,54,0.815,190,0.5,323,0.368,0.551,8.7,1.9,4.5,3.1,19.4,0.9,0.18,6.3,0,2021-2022,0
4526,Nikola Vucevic,C,31.46,73,33.1,69.0,24.5,10.1,121,0.76,823,0.537,331,0.314,0.533,17.6,11.0,18.7,3.2,15.2,0.97,0.97,10.3,0,2021-2022,0
4527,Dean Wade,F-C,25.39,51,19.2,40.0,11.1,6.5,30,0.667,75,0.64,142,0.359,0.584,5.3,2.9,8.5,1.0,7.3,0.57,0.14,5.2,0,2021-2022,0
4528,Franz Wagner,F,20.62,79,30.7,64.1,21.2,10.0,219,0.863,705,0.511,270,0.356,0.559,15.2,4.5,7.7,2.9,15.7,0.86,0.43,7.6,0,2021-2022,0
4529,Moritz Wagner,F-C,24.96,63,15.2,31.7,23.0,11.0,129,0.806,195,0.672,201,0.328,0.623,9.0,3.7,12.8,1.4,15.4,0.32,0.21,9.5,0,2021-2022,0
4530,Ish Wainright,F,27.58,45,8.0,16.6,14.7,10.6,12,0.583,45,0.489,59,0.322,0.494,2.4,1.2,8.1,0.3,5.3,0.44,0.13,4.8,0,2021-2022,0
4531,Lonnie Walker IV,G-F,23.32,70,23.0,48.0,23.6,8.0,148,0.784,411,0.487,353,0.314,0.512,12.1,2.6,5.9,2.2,13.4,0.63,0.27,7.1,0,2021-2022,0
4532,Kemba Walker,G,31.93,37,25.6,53.4,20.8,10.7,71,0.845,171,0.444,199,0.367,0.537,11.6,3.0,6.3,3.5,22.2,0.7,0.19,7.7,0,2021-2022,0
4533,MJ Walker,G,24.04,2,4.2,8.8,20.5,0.0,0,0.0,2,0.0,2,0.0,0.0,0.0,0.5,6.4,0.5,13.1,1.0,0.0,0.0,0,2021-2022,0
4534,Tyrone Wallace,G,27.84,6,12.5,26.0,13.9,8.3,5,0.2,12,0.417,8,0.25,0.383,2.8,1.3,5.9,0.2,1.8,0.5,0.17,2.9,0,2021-2022,0
4535,Derrick Walton Jr.,G,27.03,3,36.1,75.1,15.4,28.4,4,1.0,13,0.231,13,0.231,0.342,6.3,3.3,5.0,7.0,26.4,2.33,1.33,5.8,0,2021-2022,0
4536,Brad Wanamaker,G,32.71,23,13.9,29.0,15.1,21.043,25,0.913,60,0.4,17,0.225,0.469,3.7,1.7,6.8,2.4,21.9,0.31,0.26,7.0,0,2021-2022,0
4537,Duane Washington Jr.,G,22.05,48,20.2,42.0,22.6,11.2,61,0.754,212,0.434,215,0.377,0.521,9.9,1.7,4.8,1.8,13.0,0.54,0.06,6.2,0,2021-2022,0
4538,P.J. Washington,F,23.63,65,27.2,56.7,15.6,12.6,81,0.716,231,0.606,301,0.365,0.588,10.3,5.2,10.1,2.3,11.2,0.88,0.94,7.3,0,2021-2022,0
4539,Yuta Watanabe,G-F,27.49,38,11.7,24.4,16.8,10.9,40,0.6,59,0.492,79,0.342,0.524,4.3,2.4,11.2,0.6,6.6,0.29,0.42,6.3,0,2021-2022,0
4540,Lindy Waters III,F,24.7,25,18.6,38.8,17.5,5.8,5,0.8,29,0.621,146,0.363,0.562,8.0,2.9,8.1,1.0,8.1,0.76,0.32,6.1,0,2021-2022,0
4541,Tremont Waters,G,24.25,3,16.8,34.9,14.4,16.667,0,0.0,5,0.389,9,0.148,0.389,3.3,1.3,3.5,2.3,14.5,1.67,0.0,3.9,0,2021-2022,0
4542,Trendon Watford,F,21.42,48,18.1,37.7,17.6,12.5,94,0.755,229,0.581,38,0.237,0.59,7.6,4.1,12.5,1.7,14.6,0.54,0.58,8.3,0,2021-2022,0
4543,Paul Watson,G,27.28,9,17.4,36.2,11.0,10.0,2,0.5,9,0.667,26,0.231,0.432,3.4,3.0,8.9,0.9,7.2,0.33,0.33,4.8,0,2021-2022,0
4544,Quinndary Weatherspoon,G,25.58,11,6.7,13.9,15.6,11.5,5,1.0,16,0.688,5,0.2,0.647,2.7,1.3,10.3,0.5,10.0,0.09,0.09,7.2,0,2021-2022,0
4545,Russell Westbrook,G,33.41,78,34.3,71.5,27.4,17.3,399,0.667,968,0.485,265,0.298,0.512,18.5,7.4,11.6,7.1,31.6,0.95,0.26,11.6,0,2021-2022,0
4546,Coby White,G,22.15,61,27.5,57.2,19.8,9.3,91,0.857,291,0.491,353,0.385,0.564,12.7,3.0,6.1,2.9,15.0,0.48,0.18,7.0,0,2021-2022,0
4547,Derrick White,G,27.78,75,29.3,61.1,19.8,11.48,235,0.863,431,0.514,369,0.311,0.549,13.2,3.4,6.3,4.9,22.8,0.84,0.78,8.2,0,2021-2022,0
4548,Hassan Whiteside,C,32.83,65,17.9,37.3,17.1,11.6,167,0.623,330,0.652,0,0.0,0.662,8.2,7.6,23.2,0.4,3.4,0.34,1.58,6.5,0,2021-2022,0
4549,Joe Wieskamp,G-F,22.63,29,7.1,14.7,13.1,3.1,13,0.538,13,0.462,43,0.326,0.494,2.1,0.5,3.6,0.3,5.5,0.14,0.1,3.8,0,2021-2022,0
4550,Aaron Wiggins,G-F,23.27,50,24.2,50.4,15.3,12.6,85,0.729,199,0.573,138,0.304,0.556,8.3,3.6,7.6,1.4,8.5,0.6,0.2,5.7,0,2021-2022,0
4551,Andrew Wiggins,F,27.13,73,31.9,66.5,23.1,9.0,235,0.634,620,0.513,399,0.393,0.56,17.2,4.4,7.5,2.2,10.8,1.05,0.7,6.9,0,2021-2022,0
4552,Lindell Wigginton,G,24.04,19,10.5,21.8,18.9,13.6,35,0.543,35,0.486,26,0.346,0.524,4.2,1.3,6.7,1.2,15.7,0.32,0.05,7.1,0,2021-2022,0
4553,Robert Williams III,C-F,24.48,61,29.6,61.6,11.5,13.4,90,0.722,367,0.738,1,0.0,0.745,10.0,9.6,17.6,2.0,9.7,0.92,2.2,7.8,0,2021-2022,0
4554,Brandon Williams,G,22.38,24,26.7,55.5,25.9,15.2,97,0.701,176,0.42,106,0.292,0.476,12.9,3.1,6.3,3.9,23.1,1.0,0.42,8.1,0,2021-2022,0
4555,Grant Williams,F,23.36,77,24.4,50.7,12.6,11.6,95,0.905,174,0.569,258,0.411,0.635,7.8,3.6,7.9,1.0,5.8,0.49,0.74,5.0,0,2021-2022,0
4556,Kenrich Williams,G-F,27.36,49,21.9,45.6,15.6,11.9,55,0.545,196,0.536,121,0.339,0.532,7.4,4.5,10.5,2.2,15.3,0.9,0.2,7.6,0,2021-2022,0
4557,Lou Williams,G,35.46,56,14.3,29.7,21.7,10.8,78,0.859,218,0.404,102,0.363,0.5,6.3,1.6,6.0,1.9,18.6,0.5,0.05,7.5,0,2021-2022,0
4558,Patrick Williams,F,20.63,17,24.8,51.8,14.2,11.8,41,0.732,73,0.534,29,0.517,0.637,9.0,4.1,9.2,0.9,4.8,0.53,0.53,5.2,0,2021-2022,0
4559,Ziaire Williams,F,20.58,62,21.7,45.2,14.9,8.4,55,0.782,182,0.632,242,0.314,0.559,8.1,2.1,5.0,1.0,6.3,0.58,0.18,4.7,0,2021-2022,0
4560,D.J. Wilson,F,26.14,4,13.5,28.2,16.9,9.3,10,0.8,13,0.846,2,0.0,0.773,7.5,4.0,16.0,1.3,14.5,1.25,0.25,10.0,0,2021-2022,0
4561,Dylan Windler,G-F,25.55,50,9.2,19.1,11.7,13.1,18,0.833,28,0.571,70,0.3,0.519,2.2,1.8,10.7,0.7,9.9,0.28,0.06,6.1,0,2021-2022,0
4562,Justise Winslow,F-G,26.04,48,16.2,33.6,18.5,16.231,66,0.599,191,0.507,66,0.194,0.484,5.7,4.2,14.0,1.7,15.8,0.73,0.52,8.5,0,2021-2022,0
4563,Cassius Winston,G,24.12,7,5.6,11.6,18.0,19.0,4,1.0,5,0.4,6,0.333,0.549,2.0,0.1,1.4,1.0,24.4,0.0,0.0,4.2,0,2021-2022,0
4564,Robert Woodard II,F,22.55,12,3.5,7.3,18.2,5.6,2,1.0,12,0.083,4,0.25,0.207,0.6,0.9,14.1,0.3,9.0,0.08,0.08,6.2,0,2021-2022,0
4565,Christian Wood,F,26.54,68,30.8,64.1,23.3,11.0,332,0.623,542,0.57,336,0.39,0.595,17.9,10.1,18.0,2.3,12.2,0.78,0.97,9.7,0,2021-2022,0
4566,McKinley Wright IV,G,23.46,5,3.8,7.9,8.8,25.0,0,0.0,1,1.0,2,0.5,0.833,1.0,0.0,0.0,0.6,21.0,0.0,0.0,0.0,0,2021-2022,0
4567,Delon Wright,G,29.96,77,18.9,39.3,10.3,13.2,63,0.857,153,0.51,116,0.379,0.576,4.4,2.9,8.3,2.4,16.6,1.21,0.25,6.6,0,2021-2022,0
4568,Moses Wright,F,23.3,4,3.7,7.7,13.5,0.0,3,0.75,3,0.25,1,0.0,0.352,1.3,0.8,9.4,0.5,27.7,0.0,0.25,5.5,0,2021-2022,0
4569,Gabe York,G,20.0,2,10.7,22.2,20.5,9.8,5,0.6,1,1.0,6,0.167,0.435,4.0,1.0,5.2,2.0,24.7,1.0,0.5,7.5,0,2021-2022,0
4570,Thaddeus Young,F,33.8,52,16.2,33.9,17.6,15.15,49,0.468,224,0.548,48,0.197,0.55,6.2,4.0,13.1,2.0,18.2,1.03,0.35,9.2,0,2021-2022,0
4571,Trae Young,G,23.56,76,34.9,72.7,34.4,14.5,553,0.904,933,0.512,611,0.381,0.603,28.4,3.7,5.9,9.7,46.8,0.96,0.09,11.5,1,2021-2022,0
4572,Omer Yurtseven,C,23.81,56,12.6,26.3,19.8,13.0,61,0.623,236,0.547,11,0.091,0.546,5.3,5.3,23.6,0.9,11.0,0.3,0.36,9.3,0,2021-2022,0
4573,Cody Zeller,F-C,29.51,27,13.1,27.4,16.0,14.6,49,0.776,86,0.593,4,0.0,0.627,5.2,4.6,19.3,0.8,9.4,0.3,0.22,8.2,0,2021-2022,0
4574,Ivica Zubac,C,25.07,76,24.4,50.8,16.8,16.0,227,0.727,495,0.626,0,0.0,0.66,10.3,8.5,18.2,1.6,9.8,0.47,1.01,8.5,0,2021-2022,0
